25.000000 3.000000 0.000000 0.000000 0.000000 0.000000 0.000000 0.000000 0.000000 2.000000 
24.000000 74.000000 495.000000 859.000000 927.000000 994.000000 971.000000 952.000000 1124.000000 1286.000000 
15.000000 5.000000 8.000000 33.000000 41.000000 41.000000 42.000000 31.000000 1.000000 0.000000 
36.000000 5.000000 6.000000 2.000000 0.000000 0.000000 0.000000 0.000000 0.000000 0.000000 
10.000000 10.000000 0.000000 0.000000 0.000000 0.000000 0.000000 0.000000 0.000000 0.000000 

21.000000 9.000000 4.000000 5.000000 0.000000 0.000000 0.000000 0.000000 0.000000 0.000000 
39.000000 8.000000 3.000000 0.000000 2.000000 14.000000 24.000000 4.000000 0.000000 0.000000 
28.000000 12.000000 0.000000 0.000000 0.000000 0.000000 0.000000 0.000000 0.000000 0.000000 
19.000000 6.000000 0.000000 1.000000 0.000000 0.000000 0.000000 0.000000 0.000000 0.000000 
