0.133333 0.000000 0.000000 0.000000 0.000000 0.000000 0.000000 0.000000 0.000000 0.000000 

0.066667 0.000000 0.000000 0.000000 0.000000 0.000000 0.000000 0.000000 0.000000 0.000000 
0.233333 0.000000 0.000000 0.000000 0.000000 0.000000 0.000000 0.000000 0.000000 0.000000 
0.200000 0.000000 0.000000 0.000000 0.000000 0.000000 0.000000 0.000000 0.000000 0.000000 
0.100000 0.333333 4.766667 9.366667 12.633333 17.666667 19.333333 21.800000 19.200000 20.533333 
0.100000 0.000000 0.000000 0.000000 0.000000 0.000000 0.000000 0.000000 0.000000 0.000000 
0.200000 0.000000 0.133333 0.666667 0.100000 0.000000 0.000000 0.000000 0.000000 0.000000 
0.066667 0.033333 0.000000 0.000000 0.000000 0.000000 0.000000 0.000000 0.000000 0.000000 
0.033333 0.033333 0.033333 0.000000 0.000000 0.000000 0.000000 0.000000 0.000000 0.000000 
