Task 1: 0.033333 0.033333 0.033333 0.033333 0.033333 0.033333 0.033333 0.033333 0.033333 0.033333 
Task 2: 0.100000 0.133333 0.966666 1.599999 1.666666 1.666666 1.666666 1.666666 1.666666 1.666666 
Task 3: 0.100000 0.200000 0.200000 0.200000 0.200000 0.200000 0.200000 0.200000 0.200000 0.200000 
Task 4: 0.100000 0.100000 0.100000 0.100000 0.100000 0.100000 0.100000 0.100000 0.100000 0.100000 
Task 5: 0.033333 0.033333 0.033333 0.033333 0.033333 0.033333 0.033333 0.033333 0.033333 0.033333 
Task 6: 0.100000 0.100000 0.200000 0.433333 0.466666 0.466666 0.466666 0.466666 0.466666 0.466666 
Task 7: 0.000000 0.000000 0.000000 0.000000 0.000000 0.000000 0.000000 0.000000 0.000000 0.000000 

Task 9: 0.000000 0.000000 0.000000 0.000000 0.000000 0.000000 0.000000 0.000000 0.000000 0.000000 
Task 10: 0.033333 0.033333 0.033333 0.033333 0.033333 0.033333 0.033333 0.033333 0.033333 0.033333 
