0.433333 0.000000 0.000000 0.000000 0.000000 0.000000 0.000000 0.000000 0.000000 0.000000 
0.633333 0.166667 0.033333 1.866667 3.700000 1.566667 1.166667 0.266667 0.000000 0.000000 
0.300000 0.133333 0.000000 0.000000 0.000000 0.000000 0.000000 0.000000 0.000000 0.000000 
1.000000 0.033333 0.000000 0.000000 0.000000 0.000000 0.000000 0.000000 0.000000 0.000000 
0.300000 0.000000 0.000000 0.000000 0.000000 0.000000 0.000000 0.000000 0.000000 0.000000 
0.466667 0.266667 0.033333 1.033333 2.100000 0.966667 0.233333 0.100000 0.033333 0.000000 
0.800000 0.000000 0.000000 0.000000 0.000000 0.000000 0.000000 0.000000 0.000000 0.000000 

0.366667 0.166667 0.200000 0.033333 0.000000 0.033333 0.000000 0.000000 0.000000 0.000000 
0.400000 0.100000 0.133333 0.000000 0.000000 0.033333 0.000000 0.000000 0.000000 0.000000 
