2.000000 0.000000 0.000000 0.000000 0.000000 0.000000 0.000000 0.000000 0.000000 0.000000 
4.000000 0.000000 0.000000 0.000000 0.000000 0.000000 0.000000 0.000000 0.000000 0.000000 
17.000000 3.000000 14.000000 99.000000 237.000000 240.000000 336.000000 378.000000 376.000000 433.000000 

3.000000 0.000000 0.000000 0.000000 0.000000 0.000000 0.000000 0.000000 0.000000 0.000000 
16.000000 0.000000 0.000000 10.000000 7.000000 8.000000 9.000000 9.000000 6.000000 0.000000 
409.000000 246.000000 35.000000 207.000000 409.000000 394.000000 407.000000 331.000000 323.000000 295.000000 
6.000000 0.000000 0.000000 0.000000 0.000000 0.000000 0.000000 0.000000 0.000000 0.000000 
18.000000 0.000000 0.000000 0.000000 0.000000 0.000000 0.000000 0.000000 0.000000 0.000000 
9.000000 0.000000 0.000000 0.000000 0.000000 0.000000 0.000000 0.000000 0.000000 0.000000 
