1 7
2 6
3 10
4 9
5 4
6 7
7 1
8 9
9 1
10 2
11 9
12 6
13 3
14 3
15 8
16 10
17 9
18 4
19 8
20 4
21 3
22 6
23 4
24 2
25 1
26 3
27 3
28 10
29 5
30 1
31 8
32 1
33 4
34 9
35 6
36 3
37 5
38 10
39 4
40 5
41 1
42 10
43 5
44 9
45 1
46 4
47 10
48 4
49 2
50 10
51 8
52 5
53 2
54 2
55 4
56 9
57 7
58 10
59 4
60 8
61 5
62 8
63 6
64 4
65 3
66 7
67 3
68 4
69 10
70 9
71 2
72 7
73 3
74 1
75 1
76 5
77 7
78 4
79 8
80 1
81 10
82 10
83 5
84 2
85 8
86 10
87 3
88 8
89 8
90 7
91 5
92 7
93 6
94 4
95 6
96 1
97 8
98 3
99 2
100 7
101 10
102 1
103 5
104 1
105 1
106 8
107 10
108 9
109 7
110 1
111 4
112 6
113 10
114 4
115 8
116 5
117 3
118 1
119 5
120 2
121 2
122 7
123 2
124 7
125 9
126 9
127 9
128 6
129 6
130 8
131 3
132 2
133 2
134 5
135 9
136 5
137 2
138 6
139 9
140 4
141 7
142 7
143 1
144 6
145 9
146 9
147 2
148 7
149 10
150 10
151 10
152 4
153 10
154 1
155 1
156 8
157 10
158 9
159 10
160 5
161 10
162 5
163 9
164 6
165 5
166 1
167 2
168 5
169 2
170 9
171 2
172 10
173 3
174 4
175 6
176 1
177 7
178 1
179 4
180 5
181 2
182 5
183 4
184 10
185 1
186 8
187 8
188 7
189 5
190 1
191 8
192 4
193 1
194 3
195 2
196 5
197 10
198 7
199 10
