10.000000 0.000000 0.000000 0.000000 0.000000 0.000000 0.000000 0.000000 0.000000 0.000000 
1.000000 0.000000 0.000000 0.000000 0.000000 0.000000 0.000000 0.000000 0.000000 0.000000 

66.000000 58.000000 3.000000 1.000000 3.000000 0.000000 0.000000 0.000000 0.000000 0.000000 
16.000000 0.000000 0.000000 0.000000 0.000000 0.000000 0.000000 0.000000 0.000000 0.000000 
4.000000 0.000000 0.000000 3.000000 0.000000 0.000000 0.000000 0.000000 0.000000 0.000000 
102.000000 391.000000 746.000000 1205.000000 1287.000000 1234.000000 1274.000000 1300.000000 1383.000000 1448.000000 
7.000000 0.000000 0.000000 0.000000 0.000000 0.000000 0.000000 0.000000 0.000000 0.000000 
10.000000 0.000000 0.000000 0.000000 0.000000 0.000000 0.000000 0.000000 0.000000 0.000000 
3.000000 0.000000 0.000000 0.000000 0.000000 0.000000 0.000000 0.000000 0.000000 0.000000 
