0.0	1.0	
0.001	0.822122386075	
0.002	0.788385251248	
0.003	0.765707160849	
0.004	0.748115933147	
0.005	0.733529850495	
0.006	0.720954202275	
0.007	0.709829301938	
0.008	0.69980630298	
0.009	0.690651846434	
0.01	0.682201502252	
0.011	0.674334694532	
0.012	0.666960164914	
0.013	0.660007045889	
0.014	0.653419119108	
0.015	0.647150978727	
0.016	0.641165384415	
0.017	0.635431384765	
0.018	0.629922955308	
0.019	0.624617989637	
0.02	0.619497538542	
0.021	0.614545226996	
0.022	0.60974680103	
0.023	0.605089771039	
0.024	0.600563127755	
0.025	0.596157113701	
0.026	0.591863037526	
0.027	0.587673121868	
0.028	0.583580377669	
0.029	0.579578499589	
0.03	0.575661778372	
0.031	0.571825026946	
0.032	0.568063517749	
0.033	0.564372929264	
0.034	0.56074930019	
0.035	0.557188989964	
0.036	0.553688644592	
0.037	0.550245166961	
0.038	0.546855690931	
0.039	0.543517558648	
0.04	0.540228300594	
0.041	0.536985618002	
0.042	0.533787367288	
0.043	0.530631546234	
0.044	0.527516281699	
0.045	0.524439818634	
0.046	0.521400510267	
0.047	0.518396809284	
0.048	0.515427259907	
0.049	0.512490490747	
0.05	0.509585208348	
0.051	0.506710191348	
0.052	0.503864285171	
0.053	0.501046397212	
0.054	0.49825549245	
0.055	0.495490589442	
0.056	0.492750756667	
0.057	0.490035109178	
0.058	0.487342805529	
0.059	0.484673044958	
0.06	0.482025064798	
0.061	0.47939813808	
0.062	0.476791571344	
0.063	0.474204702593	
0.064	0.471636899422	
0.065	0.469087557275	
0.066	0.466556097829	
0.067	0.464041967501	
0.068	0.461544636051	
0.069	0.459063595295	
0.07	0.456598357895	
0.071	0.454148456237	
0.072	0.451713441385	
0.073	0.4492928821	
0.074	0.446886363926	
0.075	0.444493488335	
0.076	0.442113871923	
0.077	0.43974714566	
0.078	0.437392954185	
0.079	0.435050955143	
0.08	0.432720818561	
0.081	0.430402226267	
0.082	0.428094871337	
0.083	0.425798457575	
0.084	0.423512699025	
0.085	0.421237319511	
0.086	0.418972052199	
0.087	0.416716639189	
0.088	0.414470831121	
0.089	0.412234386815	
0.09	0.410007072914	
0.091	0.407788663561	
0.092	0.405578940087	
0.093	0.403377690708	
0.094	0.401184710251	
0.095	0.398999799886	
0.096	0.39682276687	
0.097	0.394653424309	
0.098	0.392491590927	
0.099	0.390337090851	
0.1	0.388189753402	
0.101	0.386049412898	
0.102	0.383915908465	
0.103	0.381789083861	
0.104	0.379668787303	
0.105	0.377554871303	
0.106	0.375447192513	
0.107	0.37334561158	
0.108	0.371249992999	
0.109	0.36916020498	
0.11	0.367076119318	
0.111	0.364997611268	
0.112	0.36292455943	
0.113	0.360856845629	
0.114	0.358794354811	
0.115	0.35673697494	
0.116	0.354684596892	
0.117	0.352637114364	
0.118	0.350594423782	
0.119	0.348556424212	
0.12	0.346523017273	
0.121	0.344494107061	
0.122	0.342469600066	
0.123	0.340449405099	
0.124	0.338433433223	
0.125	0.336421597678	
0.126	0.334413813818	
0.127	0.332409999047	
0.128	0.330410072757	
0.129	0.328413956267	
0.13	0.326421572769	
0.131	0.32443284727	
0.132	0.322447706541	
0.133	0.320466079065	
0.134	0.318487894988	
0.135	0.316513086073	
0.136	0.31454158565	
0.137	0.312573328578	
0.138	0.310608251197	
0.139	0.308646291289	
0.14	0.306687388039	
0.141	0.304731481997	
0.142	0.302778515037	
0.143	0.300828430327	
0.144	0.29888117229	
0.145	0.296936686574	
0.146	0.294994920015	
0.147	0.293055820611	
0.148	0.291119337488	
0.149	0.289185420873	
0.15	0.287254022065	
0.151	0.285325093407	
0.152	0.28339858826	
0.153	0.281474460977	
0.154	0.279552666878	
0.155	0.277633162229	
0.156	0.275715904212	
0.157	0.273800850909	
0.158	0.271887961276	
0.159	0.269977195126	
0.16	0.2680685131	
0.161	0.266161876659	
0.162	0.264257248053	
0.163	0.26235459031	
0.164	0.260453867214	
0.165	0.258555043289	
0.166	0.25665808378	
0.167	0.254762954638	
0.168	0.252869622504	
0.169	0.250978054692	
0.17	0.249088219172	
0.171	0.24720008456	
0.172	0.245313620099	
0.173	0.243428795648	
0.174	0.241545581665	
0.175	0.239663949198	
0.176	0.237783869869	
0.177	0.235905315861	
0.178	0.234028259908	
0.179	0.232152675283	
0.18	0.230278535785	
0.181	0.228405815727	
0.182	0.226534489927	
0.183	0.224664533699	
0.184	0.222795922836	
0.185	0.220928633608	
0.186	0.219062642747	
0.187	0.217197927438	
0.188	0.215334465311	
0.189	0.213472234431	
0.19	0.211611213291	
0.191	0.209751380798	
0.192	0.207892716273	
0.193	0.206035199435	
0.194	0.204178810397	
0.195	0.202323529657	
0.196	0.200469338092	
0.197	0.198616216946	
0.198	0.196764147831	
0.199	0.19491311271	
0.2	0.193063093899	
0.201	0.191214074052	
0.202	0.189366036164	
0.203	0.187518963554	
0.204	0.185672839869	
0.205	0.183827649068	
0.206	0.181983375426	
0.207	0.180140003519	
0.208	0.178297518225	
0.209	0.176455904715	
0.21	0.174615148448	
0.211	0.172775235167	
0.212	0.170936150894	
0.213	0.16909788192	
0.214	0.167260414809	
0.215	0.165423736385	
0.216	0.163587833732	
0.217	0.161752694186	
0.218	0.159918305333	
0.219	0.158084655005	
0.22	0.156251731274	
0.221	0.154419522448	
0.222	0.152588017066	
0.223	0.150757203898	
0.224	0.148927071935	
0.225	0.147097610392	
0.226	0.145268808696	
0.227	0.143440656491	
0.228	0.141613143627	
0.229	0.139786260163	
0.23	0.137959996357	
0.231	0.136134342667	
0.232	0.134309289748	
0.233	0.132484828443	
0.234	0.13066094979	
0.235	0.128837645007	
0.236	0.127014905498	
0.237	0.125192722848	
0.238	0.123371088815	
0.239	0.121549995334	
0.24	0.11972943451	
0.241	0.117909398618	
0.242	0.116089880096	
0.243	0.114270871547	
0.244	0.112452365734	
0.245	0.110634355578	
0.246	0.108816834155	
0.247	0.106999794696	
0.248	0.105183230579	
0.249	0.103367135332	
0.25	0.101551502631	
0.251	0.0997363262921	
0.252	0.0979216002751	
0.253	0.0961073186782	
0.254	0.0942934757372	
0.255	0.0924800658224	
0.256	0.0906670834376	
0.257	0.0888545232173	
0.258	0.087042379925	
0.259	0.0852306484513	
0.26	0.083419323812	
0.261	0.081608401146	
0.262	0.0797978757139	
0.263	0.0779877428957	
0.264	0.0761779981895	
0.265	0.0743686372095	
0.266	0.0725596556841	
0.267	0.0707510494549	
0.268	0.0689428144743	
0.269	0.0671349468044	
0.27	0.0653274426151	
0.271	0.0635202981829	
0.272	0.0617135098891	
0.273	0.0599070742181	
0.274	0.0581009877566	
0.275	0.0562952471915	
0.276	0.0544898493088	
0.277	0.0526847909922	
0.278	0.0508800692214	
0.279	0.0490756810715	
0.28	0.0472716237107	
0.281	0.0454678943997	
0.282	0.0436644904904	
0.283	0.041861409424	
0.284	0.0400586487307	
0.285	0.0382562060278	
0.286	0.0364540790186	
0.287	0.0346522654915	
0.288	0.0328507633186	
0.289	0.0310495704549	
0.29	0.0292486849366	
0.291	0.0274481048804	
0.292	0.0256478284827	
0.293	0.0238478540177	
0.294	0.0220481798374	
0.295	0.0202488043695	
0.296	0.0184497261173	
0.297	0.0166509436583	
0.298	0.014852455643	
0.299	0.0130542607946	
0.3	0.0112563579073	
0.301	0.00945874584594	
0.302	0.00766142354473	
0.303	0.00586439000659	
0.304	0.00406764430212	
0.305	0.00227118556879	
0.306	0.000475013010058	
0.307	-0.00132087410548	
0.308	-0.00311647644488	
0.309	-0.00491179461173	
0.31	-0.00670682914689	
0.311	-0.00850158052935	
0.312	-0.010296049177	
0.313	-0.0120902354472	
0.314	-0.013884139638	
0.315	-0.0156777619883	
0.316	-0.0174711026792	
0.317	-0.0192641618341	
0.318	-0.0210569395199	
0.319	-0.0228494357475	
0.32	-0.0246416504724	
0.321	-0.0264335835955	
0.322	-0.028225234964	
0.323	-0.0300166043714	
0.324	-0.0318076915589	
0.325	-0.0335984962157	
0.326	-0.0353890179793	
0.327	-0.0371792564369	
0.328	-0.0389692111252	
0.329	-0.0407588815317	
0.33	-0.0425482670946	
0.331	-0.044337367204	
0.332	-0.0461261812023	
0.333	-0.0479147083845	
0.334	-0.049702947999	
0.335	-0.0514908992482	
0.336	-0.0532785612889	
0.337	-0.0550659332329	
0.338	-0.0568530141475	
0.339	-0.0586398030562	
0.34	-0.0604262989388	
0.341	-0.0622125007324	
0.342	-0.0639984073314	
0.343	-0.0657840175887	
0.344	-0.0675693303153	
0.345	-0.0693543442815	
0.346	-0.0711390582171	
0.347	-0.0729234708115	
0.348	-0.0747075807151	
0.349	-0.0764913865388	
0.35	-0.0782748868549	
0.351	-0.0800580801976	
0.352	-0.081840965063	
0.353	-0.0836235399103	
0.354	-0.0854058031613	
0.355	-0.0871877532016	
0.356	-0.0889693883805	
0.357	-0.0907507070117	
0.358	-0.0925317073736	
0.359	-0.0943123877097	
0.36	-0.0960927462289	
0.361	-0.097872781106	
0.362	-0.0996524904822	
0.363	-0.101431872465	
0.364	-0.10321092513	
0.365	-0.104989646518	
0.366	-0.106768034639	
0.367	-0.108546087471	
0.368	-0.110323802962	
0.369	-0.112101179025	
0.37	-0.113878213545	
0.371	-0.115654904376	
0.372	-0.117431249341	
0.373	-0.119207246234	
0.374	-0.120982892819	
0.375	-0.122758186831	
0.376	-0.124533125976	
0.377	-0.126307707931	
0.378	-0.128081930346	
0.379	-0.129855790842	
0.38	-0.131629287012	
0.381	-0.133402416422	
0.382	-0.135175176612	
0.383	-0.136947565093	
0.384	-0.138719579352	
0.385	-0.140491216848	
0.386	-0.142262475015	
0.387	-0.14403335126	
0.388	-0.145803842967	
0.389	-0.147573947493	
0.39	-0.14934366217	
0.391	-0.151112984307	
0.392	-0.152881911187	
0.393	-0.154650440071	
0.394	-0.156418568193	
0.395	-0.158186292767	
0.396	-0.159953610982	
0.397	-0.161720520003	
0.398	-0.163487016975	
0.399	-0.165253099016	
0.4	-0.167018763227	
0.401	-0.168784006683	
0.402	-0.170548826439	
0.403	-0.172313219526	
0.404	-0.174077182958	
0.405	-0.175840713723	
0.406	-0.177603808791	
0.407	-0.179366465111	
0.408	-0.181128679611	
0.409	-0.182890449197	
0.41	-0.184651770758	
0.411	-0.186412641161	
0.412	-0.188173057255	
0.413	-0.189933015868	
0.414	-0.191692513808	
0.415	-0.193451547867	
0.416	-0.195210114815	
0.417	-0.196968211406	
0.418	-0.198725834372	
0.419	-0.200482980431	
0.42	-0.20223964628	
0.421	-0.203995828599	
0.422	-0.205751524049	
0.423	-0.207506729276	
0.424	-0.209261440906	
0.425	-0.211015655551	
0.426	-0.212769369801	
0.427	-0.214522580235	
0.428	-0.216275283412	
0.429	-0.218027475874	
0.43	-0.219779154148	
0.431	-0.221530314745	
0.432	-0.22328095416	
0.433	-0.225031068872	
0.434	-0.226780655343	
0.435	-0.228529710021	
0.436	-0.23027822934	
0.437	-0.232026209715	
0.438	-0.23377364755	
0.439	-0.235520539231	
0.44	-0.237266881132	
0.441	-0.23901266961	
0.442	-0.24075790101	
0.443	-0.24250257166	
0.444	-0.244246677877	
0.445	-0.245990215961	
0.446	-0.2477331822	
0.447	-0.249475572869	
0.448	-0.251217384228	
0.449	-0.252958612523	
0.45	-0.254699253989	
0.451	-0.256439304846	
0.452	-0.258178761303	
0.453	-0.259917619554	
0.454	-0.261655875782	
0.455	-0.263393526155	
0.456	-0.265130566832	
0.457	-0.266866993957	
0.458	-0.268602803664	
0.459	-0.270337992072	
0.46	-0.272072555291	
0.461	-0.273806489418	
0.462	-0.275539790537	
0.463	-0.277272454724	
0.464	-0.27900447804	
0.465	-0.280735856536	
0.466	-0.282466586253	
0.467	-0.284196663218	
0.468	-0.285926083451	
0.469	-0.287654842957	
0.47	-0.289382937733	
0.471	-0.291110363766	
0.472	-0.29283711703	
0.473	-0.294563193489	
0.474	-0.2962885891	
0.475	-0.298013299805	
0.476	-0.29973732154	
0.477	-0.301460650229	
0.478	-0.303183281786	
0.479	-0.304905212116	
0.48	-0.306626437115	
0.481	-0.308346952668	
0.482	-0.310066754651	
0.483	-0.311785838932	
0.484	-0.313504201369	
0.485	-0.315221837809	
0.486	-0.316938744093	
0.487	-0.318654916051	
0.488	-0.320370349506	
0.489	-0.32208504027	
0.49	-0.323798984149	
0.491	-0.325512176937	
0.492	-0.327224614424	
0.493	-0.328936292388	
0.494	-0.3306472066	
0.495	-0.332357352824	
0.496	-0.334066726813	
0.497	-0.335775324316	
0.498	-0.337483141071	
0.499	-0.339190172809	
0.5	-0.340896415254	
0.501	-0.342601864122	
0.502	-0.344306515121	
0.503	-0.346010363952	
0.504	-0.347713406309	
0.505	-0.349415637879	
0.506	-0.35111705434	
0.507	-0.352817651364	
0.508	-0.354517424617	
0.509	-0.356216369758	
0.51	-0.357914482436	
0.511	-0.359611758297	
0.512	-0.361308192978	
0.513	-0.363003782112	
0.514	-0.364698521322	
0.515	-0.366392406227	
0.516	-0.368085432438	
0.517	-0.369777595563	
0.518	-0.371468891199	
0.519	-0.37315931494	
0.52	-0.374848862373	
0.521	-0.37653752908	
0.522	-0.378225310636	
0.523	-0.379912202611	
0.524	-0.381598200567	
0.525	-0.383283300064	
0.526	-0.384967496654	
0.527	-0.386650785882	
0.528	-0.388333163292	
0.529	-0.390014624418	
0.53	-0.391695164792	
0.531	-0.393374779939	
0.532	-0.395053465379	
0.533	-0.396731216627	
0.534	-0.398408029193	
0.535	-0.400083898582	
0.536	-0.401758820295	
0.537	-0.403432789826	
0.538	-0.405105802666	
0.539	-0.406777854301	
0.54	-0.408448940212	
0.541	-0.410119055875	
0.542	-0.411788196763	
0.543	-0.413456358342	
0.544	-0.415123536076	
0.545	-0.416789725424	
0.546	-0.41845492184	
0.547	-0.420119120774	
0.548	-0.421782317673	
0.549	-0.423444507979	
0.55	-0.42510568713	
0.551	-0.426765850559	
0.552	-0.428424993697	
0.553	-0.43008311197	
0.554	-0.431740200802	
0.555	-0.433396255609	
0.556	-0.435051271809	
0.557	-0.436705244812	
0.558	-0.438358170026	
0.559	-0.440010042856	
0.56	-0.441660858702	
0.561	-0.443310612963	
0.562	-0.444959301033	
0.563	-0.446606918303	
0.564	-0.448253460161	
0.565	-0.449898921991	
0.566	-0.451543299176	
0.567	-0.453186587093	
0.568	-0.454828781119	
0.569	-0.456469876625	
0.57	-0.458109868983	
0.571	-0.459748753558	
0.572	-0.461386525715	
0.573	-0.463023180816	
0.574	-0.464658714219	
0.575	-0.46629312128	
0.576	-0.467926397353	
0.577	-0.469558537789	
0.578	-0.471189537937	
0.579	-0.472819393143	
0.58	-0.474448098751	
0.581	-0.476075650102	
0.582	-0.477702042535	
0.583	-0.479327271388	
0.584	-0.480951331996	
0.585	-0.482574219691	
0.586	-0.484195929804	
0.587	-0.485816457664	
0.588	-0.487435798598	
0.589	-0.48905394793	
0.59	-0.490670900983	
0.591	-0.492286653079	
0.592	-0.493901199536	
0.593	-0.495514535673	
0.594	-0.497126656805	
0.595	-0.498737558248	
0.596	-0.500347235312	
0.597	-0.50195568331	
0.598	-0.503562897552	
0.599	-0.505168873345	
0.6	-0.506773605996	
0.601	-0.508377090811	
0.602	-0.509979323094	
0.603	-0.511580298148	
0.604	-0.513180011274	
0.605	-0.514778457773	
0.606	-0.516375632944	
0.607	-0.517971532085	
0.608	-0.519566150494	
0.609	-0.521159483466	
0.61	-0.522751526297	
0.611	-0.524342274281	
0.612	-0.525931722712	
0.613	-0.527519866881	
0.614	-0.529106702081	
0.615	-0.530692223602	
0.616	-0.532276426735	
0.617	-0.533859306769	
0.618	-0.535440858994	
0.619	-0.537021078696	
0.62	-0.538599961166	
0.621	-0.540177501688	
0.622	-0.541753695551	
0.623	-0.54332853804	
0.624	-0.544902024443	
0.625	-0.546474150043	
0.626	-0.548044910126	
0.627	-0.549614299979	
0.628	-0.551182314884	
0.629	-0.552748950127	
0.63	-0.554314200992	
0.631	-0.555878062764	
0.632	-0.557440530727	
0.633	-0.559001600164	
0.634	-0.560561266361	
0.635	-0.5621195246	
0.636	-0.563676370168	
0.637	-0.565231798347	
0.638	-0.566785804422	
0.639	-0.568338383679	
0.64	-0.569889531402	
0.641	-0.571439242875	
0.642	-0.572987513386	
0.643	-0.574534338219	
0.644	-0.57607971266	
0.645	-0.577623631997	
0.646	-0.579166091516	
0.647	-0.580707086504	
0.648	-0.58224661225	
0.649	-0.583784664042	
0.65	-0.585321237169	
0.651	-0.586856326921	
0.652	-0.588389928589	
0.653	-0.589922037462	
0.654	-0.591452648834	
0.655	-0.592981757996	
0.656	-0.594509360242	
0.657	-0.596035450866	
0.658	-0.597560025163	
0.659	-0.599083078429	
0.66	-0.60060460596	
0.661	-0.602124603055	
0.662	-0.603643065012	
0.663	-0.60515998713	
0.664	-0.606675364711	
0.665	-0.608189193056	
0.666	-0.609701467469	
0.667	-0.611212183254	
0.668	-0.612721335715	
0.669	-0.614228920161	
0.67	-0.615734931897	
0.671	-0.617239366234	
0.672	-0.618742218482	
0.673	-0.620243483953	
0.674	-0.62174315796	
0.675	-0.623241235817	
0.676	-0.624737712841	
0.677	-0.626232584349	
0.678	-0.62772584566	
0.679	-0.629217492094	
0.68	-0.630707518974	
0.681	-0.632195921624	
0.682	-0.633682695368	
0.683	-0.635167835533	
0.684	-0.636651337449	
0.685	-0.638133196446	
0.686	-0.639613407856	
0.687	-0.641091967013	
0.688	-0.642568869252	
0.689	-0.644044109912	
0.69	-0.645517684332	
0.691	-0.646989587852	
0.692	-0.648459815817	
0.693	-0.649928363572	
0.694	-0.651395226464	
0.695	-0.652860399842	
0.696	-0.654323879058	
0.697	-0.655785659465	
0.698	-0.657245736418	
0.699	-0.658704105276	
0.7	-0.660160761398	
0.701	-0.661615700146	
0.702	-0.663068916885	
0.703	-0.66452040698	
0.704	-0.665970165801	
0.705	-0.667418188719	
0.706	-0.668864471107	
0.707	-0.670309008341	
0.708	-0.671751795799	
0.709	-0.673192828863	
0.71	-0.674632102914	
0.711	-0.676069613338	
0.712	-0.677505355524	
0.713	-0.678939324862	
0.714	-0.680371516745	
0.715	-0.68180192657	
0.716	-0.683230549733	
0.717	-0.684657381637	
0.718	-0.686082417684	
0.719	-0.687505653282	
0.72	-0.688927083839	
0.721	-0.690346704767	
0.722	-0.691764511481	
0.723	-0.693180499398	
0.724	-0.694594663938	
0.725	-0.696007000525	
0.726	-0.697417504584	
0.727	-0.698826171544	
0.728	-0.700232996837	
0.729	-0.701637975898	
0.73	-0.703041104165	
0.731	-0.704442377077	
0.732	-0.70584179008	
0.733	-0.70723933862	
0.734	-0.708635018146	
0.735	-0.710028824112	
0.736	-0.711420751975	
0.737	-0.712810797192	
0.738	-0.714198955228	
0.739	-0.715585221548	
0.74	-0.71696959162	
0.741	-0.718352060917	
0.742	-0.719732624915	
0.743	-0.721111279092	
0.744	-0.722488018931	
0.745	-0.723862839918	
0.746	-0.725235737541	
0.747	-0.726606707292	
0.748	-0.727975744668	
0.749	-0.729342845167	
0.75	-0.730708004293	
0.751	-0.732071217552	
0.752	-0.733432480454	
0.753	-0.734791788512	
0.754	-0.736149137243	
0.755	-0.737504522167	
0.756	-0.73885793881	
0.757	-0.740209382698	
0.758	-0.741558849363	
0.759	-0.742906334341	
0.76	-0.744251833171	
0.761	-0.745595341394	
0.762	-0.746936854559	
0.763	-0.748276368215	
0.764	-0.749613877916	
0.765	-0.75094937922	
0.766	-0.752282867689	
0.767	-0.753614338889	
0.768	-0.75494378839	
0.769	-0.756271211764	
0.77	-0.757596604591	
0.771	-0.75891996245	
0.772	-0.760241280928	
0.773	-0.761560555614	
0.774	-0.762877782102	
0.775	-0.76419295599	
0.776	-0.765506072879	
0.777	-0.766817128375	
0.778	-0.768126118088	
0.779	-0.769433037633	
0.78	-0.770737882628	
0.781	-0.772040648696	
0.782	-0.773341331463	
0.783	-0.77463992656	
0.784	-0.775936429623	
0.785	-0.777230836292	
0.786	-0.77852314221	
0.787	-0.779813343026	
0.788	-0.781101434392	
0.789	-0.782387411966	
0.79	-0.783671271409	
0.791	-0.784953008387	
0.792	-0.786232618571	
0.793	-0.787510097634	
0.794	-0.788785441257	
0.795	-0.790058645123	
0.796	-0.791329704921	
0.797	-0.792598616343	
0.798	-0.793865375087	
0.799	-0.795129976856	
0.8	-0.796392417355	
0.801	-0.797652692297	
0.802	-0.798910797397	
0.803	-0.800166728375	
0.804	-0.801420480959	
0.805	-0.802672050876	
0.806	-0.803921433863	
0.807	-0.805168625659	
0.808	-0.806413622008	
0.809	-0.80765641866	
0.81	-0.808897011369	
0.811	-0.810135395893	
0.812	-0.811371567997	
0.813	-0.812605523449	
0.814	-0.813837258022	
0.815	-0.815066767495	
0.816	-0.816294047652	
0.817	-0.817519094281	
0.818	-0.818741903176	
0.819	-0.819962470134	
0.82	-0.821180790959	
0.821	-0.82239686146	
0.822	-0.823610677451	
0.823	-0.824822234749	
0.824	-0.82603152918	
0.825	-0.827238556571	
0.826	-0.828443312756	
0.827	-0.829645793576	
0.828	-0.830845994873	
0.829	-0.832043912499	
0.83	-0.833239542308	
0.831	-0.834432880159	
0.832	-0.835623921919	
0.833	-0.836812663457	
0.834	-0.83799910065	
0.835	-0.839183229379	
0.836	-0.840365045531	
0.837	-0.841544544997	
0.838	-0.842721723676	
0.839	-0.843896577469	
0.84	-0.845069102284	
0.841	-0.846239294037	
0.842	-0.847407148645	
0.843	-0.848572662032	
0.844	-0.84973583013	
0.845	-0.850896648874	
0.846	-0.852055114204	
0.847	-0.853211222068	
0.848	-0.854364968417	
0.849	-0.855516349209	
0.85	-0.856665360408	
0.851	-0.857811997983	
0.852	-0.858956257908	
0.853	-0.860098136164	
0.854	-0.861237628737	
0.855	-0.862374731618	
0.856	-0.863509440805	
0.857	-0.864641752301	
0.858	-0.865771662114	
0.859	-0.86689916626	
0.86	-0.86802426076	
0.861	-0.869146941638	
0.862	-0.870267204928	
0.863	-0.871385046667	
0.864	-0.8725004629	
0.865	-0.873613449675	
0.866	-0.874724003048	
0.867	-0.875832119082	
0.868	-0.876937793843	
0.869	-0.878041023404	
0.87	-0.879141803845	
0.871	-0.880240131252	
0.872	-0.881336001715	
0.873	-0.882429411333	
0.874	-0.883520356207	
0.875	-0.884608832449	
0.876	-0.885694836173	
0.877	-0.8867783635	
0.878	-0.88785941056	
0.879	-0.888937973485	
0.88	-0.890014048415	
0.881	-0.891087631497	
0.882	-0.892158718883	
0.883	-0.893227306731	
0.884	-0.894293391206	
0.885	-0.89535696848	
0.886	-0.896418034728	
0.887	-0.897476586135	
0.888	-0.898532618891	
0.889	-0.899586129191	
0.89	-0.900637113237	
0.891	-0.901685567239	
0.892	-0.902731487412	
0.893	-0.903774869975	
0.894	-0.904815711159	
0.895	-0.905854007196	
0.896	-0.906889754327	
0.897	-0.907922948799	
0.898	-0.908953586865	
0.899	-0.909981664786	
0.9	-0.911007178827	
0.901	-0.912030125262	
0.902	-0.91305050037	
0.903	-0.914068300436	
0.904	-0.915083521754	
0.905	-0.916096160621	
0.906	-0.917106213345	
0.907	-0.918113676236	
0.908	-0.919118545613	
0.909	-0.920120817802	
0.91	-0.921120489136	
0.911	-0.922117555951	
0.912	-0.923112014595	
0.913	-0.924103861418	
0.914	-0.92509309278	
0.915	-0.926079705046	
0.916	-0.927063694588	
0.917	-0.928045057785	
0.918	-0.929023791023	
0.919	-0.929999890693	
0.92	-0.930973353197	
0.921	-0.931944174938	
0.922	-0.932912352332	
0.923	-0.933877881796	
0.924	-0.934840759757	
0.925	-0.93580098265	
0.926	-0.936758546915	
0.927	-0.937713448998	
0.928	-0.938665685354	
0.929	-0.939615252444	
0.93	-0.940562146735	
0.931	-0.941506364704	
0.932	-0.942447902832	
0.933	-0.943386757608	
0.934	-0.944322925528	
0.935	-0.945256403095	
0.936	-0.946187186819	
0.937	-0.947115273218	
0.938	-0.948040658814	
0.939	-0.948963340141	
0.94	-0.949883313735	
0.941	-0.950800576143	
0.942	-0.951715123917	
0.943	-0.952626953617	
0.944	-0.95353606181	
0.945	-0.95444244507	
0.946	-0.955346099977	
0.947	-0.956247023122	
0.948	-0.957145211099	
0.949	-0.958040660511	
0.95	-0.958933367969	
0.951	-0.959823330089	
0.952	-0.960710543497	
0.953	-0.961595004825	
0.954	-0.962476710711	
0.955	-0.963355657803	
0.956	-0.964231842755	
0.957	-0.965105262227	
0.958	-0.965975912889	
0.959	-0.966843791416	
0.96	-0.967708894491	
0.961	-0.968571218807	
0.962	-0.96943076106	
0.963	-0.970287517957	
0.964	-0.971141486211	
0.965	-0.971992662541	
0.966	-0.972841043677	
0.967	-0.973686626354	
0.968	-0.974529407315	
0.969	-0.97536938331	
0.97	-0.976206551097	
0.971	-0.977040907442	
0.972	-0.977872449119	
0.973	-0.978701172907	
0.974	-0.979527075596	
0.975	-0.980350153981	
0.976	-0.981170404866	
0.977	-0.981987825061	
0.978	-0.982802411386	
0.979	-0.983614160667	
0.98	-0.984423069738	
0.981	-0.985229135441	
0.982	-0.986032354625	
0.983	-0.986832724148	
0.984	-0.987630240874	
0.985	-0.988424901676	
0.986	-0.989216703434	
0.987	-0.990005643037	
0.988	-0.99079171738	
0.989	-0.991574923367	
0.99	-0.992355257909	
0.991	-0.993132717927	
0.992	-0.993907300345	
0.993	-0.994679002101	
0.994	-0.995447820136	
0.995	-0.996213751401	
0.996	-0.996976792854	
0.997	-0.997736941463	
0.998	-0.9984941942	
0.999	-0.999248548049	
1.0	-1.0	
