0.0	2.0	
0.001	1.96837349125	
0.002	1.95526613754	
0.003	1.94520236104	
0.004	1.93671247348	
0.005	1.9292272992	
0.006	1.92245498044	
0.007	1.91622217095	
0.008	1.91041594655	
0.009	1.90495788434	
0.01	1.8997908959	
0.011	1.89487189235	
0.012	1.8901674044	
0.013	1.88565082095	
0.014	1.88130057009	
0.015	1.87709887707	
0.016	1.87303089002	
0.017	1.86908404867	
0.018	1.86524761817	
0.019	1.86151233821	
0.02	1.85787015427	
0.021	1.85431400883	
0.022	1.85083767681	
0.023	1.84743563438	
0.024	1.84410295322	
0.025	1.84083521438	
0.026	1.83762843758	
0.027	1.83447902264	
0.028	1.83138370053	
0.029	1.82833949231	
0.03	1.82534367436	
0.031	1.82239374875	
0.032	1.819487418	
0.033	1.8166225632	
0.034	1.81379722526	
0.035	1.81100958849	
0.036	1.80825796637	
0.037	1.80554078907	
0.038	1.80285659243	
0.039	1.80020400829	
0.04	1.79758175592	
0.041	1.79498863442	
0.042	1.79242351588	
0.043	1.78988533938	
0.044	1.78737310554	
0.045	1.78488587162	
0.046	1.78242274716	
0.047	1.77998289001	
0.048	1.77756550272	
0.049	1.77516982934	
0.05	1.77279515242	
0.051	1.77044079033	
0.052	1.76810609482	
0.053	1.76579044878	
0.054	1.7634932642	
0.055	1.76121398024	
0.056	1.75895206155	
0.057	1.75670699668	
0.058	1.7544782966	
0.059	1.75226549333	
0.06	1.75006813874	
0.061	1.74788580336	
0.062	1.74571807533	
0.063	1.74356455938	
0.064	1.74142487595	
0.065	1.73929866029	
0.066	1.7371855617	
0.067	1.73508524275	
0.068	1.73299737862	
0.069	1.73092165644	
0.07	1.72885777467	
0.071	1.72680544255	
0.072	1.72476437958	
0.073	1.72273431497	
0.074	1.72071498725	
0.075	1.71870614377	
0.076	1.71670754031	
0.077	1.71471894069	
0.078	1.71274011641	
0.079	1.71077084629	
0.08	1.70881091616	
0.081	1.70686011856	
0.082	1.70491825243	
0.083	1.70298512283	
0.084	1.70106054072	
0.085	1.69914432269	
0.086	1.69723629072	
0.087	1.69533627196	
0.088	1.69344409856	
0.089	1.69155960741	
0.09	1.68968264002	
0.091	1.68781304227	
0.092	1.68595066431	
0.093	1.68409536034	
0.094	1.68224698849	
0.095	1.68040541069	
0.096	1.67857049246	
0.097	1.67674210286	
0.098	1.67492011431	
0.099	1.6731044025	
0.1	1.67129484625	
0.101	1.6694913274	
0.102	1.66769373075	
0.103	1.66590194388	
0.104	1.66411585713	
0.105	1.66233536347	
0.106	1.66056035842	
0.107	1.65879073996	
0.108	1.65702640844	
0.109	1.65526726655	
0.11	1.65351321917	
0.111	1.65176417338	
0.112	1.65002003832	
0.113	1.64828072518	
0.114	1.6465461471	
0.115	1.64481621912	
0.116	1.64309085814	
0.117	1.64136998284	
0.118	1.63965351364	
0.119	1.63794137262	
0.12	1.63623348354	
0.121	1.6345297717	
0.122	1.63283016398	
0.123	1.63113458871	
0.124	1.62944297573	
0.125	1.62775525623	
0.126	1.62607136283	
0.127	1.62439122944	
0.128	1.62271479129	
0.129	1.62104198487	
0.13	1.61937274789	
0.131	1.61770701925	
0.132	1.61604473903	
0.133	1.61438584842	
0.134	1.61273028972	
0.135	1.61107800631	
0.136	1.60942894261	
0.137	1.60778304404	
0.138	1.60614025704	
0.139	1.60450052899	
0.14	1.60286380822	
0.141	1.60123004399	
0.142	1.59959918643	
0.143	1.59797118658	
0.144	1.59634599628	
0.145	1.59472356825	
0.146	1.593103856	
0.147	1.59148681381	
0.148	1.58987239676	
0.149	1.58826056068	
0.15	1.58665126213	
0.151	1.58504445838	
0.152	1.58344010741	
0.153	1.5818381679	
0.154	1.58023859916	
0.155	1.5786413612	
0.156	1.57704641464	
0.157	1.57545372073	
0.158	1.57386324134	
0.159	1.57227493893	
0.16	1.57068877654	
0.161	1.56910471779	
0.162	1.56752272685	
0.163	1.56594276845	
0.164	1.56436480783	
0.165	1.56278881079	
0.166	1.5612147436	
0.167	1.55964257307	
0.168	1.55807226647	
0.169	1.55650379157	
0.17	1.5549371166	
0.171	1.55337221026	
0.172	1.55180904168	
0.173	1.55024758045	
0.174	1.5486877966	
0.175	1.54712966057	
0.176	1.5455731432	
0.177	1.54401821578	
0.178	1.54246484996	
0.179	1.54091301779	
0.18	1.53936269172	
0.181	1.53781384456	
0.182	1.53626644949	
0.183	1.53472048005	
0.184	1.53317591015	
0.185	1.53163271402	
0.186	1.53009086626	
0.187	1.52855034179	
0.188	1.52701111584	
0.189	1.52547316401	
0.19	1.52393646216	
0.191	1.5224009865	
0.192	1.52086671353	
0.193	1.51933362005	
0.194	1.51780168314	
0.195	1.5162708802	
0.196	1.51474118888	
0.197	1.51321258713	
0.198	1.51168505315	
0.199	1.51015856544	
0.2	1.50863310272	
0.201	1.50710864401	
0.202	1.50558516856	
0.203	1.50406265588	
0.204	1.50254108571	
0.205	1.50102043804	
0.206	1.49950069311	
0.207	1.49798183138	
0.208	1.49646383352	
0.209	1.49494668045	
0.21	1.49343035331	
0.211	1.49191483345	
0.212	1.49040010243	
0.213	1.48888614202	
0.214	1.48737293421	
0.215	1.48586046117	
0.216	1.4843487053	
0.217	1.48283764916	
0.218	1.48132727553	
0.219	1.47981756737	
0.22	1.47830850784	
0.221	1.47680008026	
0.222	1.47529226814	
0.223	1.47378505518	
0.224	1.47227842525	
0.225	1.47077236238	
0.226	1.46926685078	
0.227	1.46776187483	
0.228	1.46625741907	
0.229	1.4647534682	
0.23	1.46325000708	
0.231	1.46174702072	
0.232	1.46024449432	
0.233	1.45874241317	
0.234	1.45724076277	
0.235	1.45573952873	
0.236	1.45423869683	
0.237	1.45273825296	
0.238	1.45123818318	
0.239	1.44973847369	
0.24	1.4482391108	
0.241	1.44674008099	
0.242	1.44524137084	
0.243	1.44374296708	
0.244	1.44224485656	
0.245	1.44074702626	
0.246	1.4392494633	
0.247	1.4377521549	
0.248	1.4362550884	
0.249	1.43475825129	
0.25	1.43326163114	
0.251	1.43176521567	
0.252	1.4302689927	
0.253	1.42877295015	
0.254	1.42727707607	
0.255	1.42578135862	
0.256	1.42428578606	
0.257	1.42279034676	
0.258	1.4212950292	
0.259	1.41979982195	
0.26	1.41830471369	
0.261	1.41680969321	
0.262	1.4153147494	
0.263	1.41381987122	
0.264	1.41232504777	
0.265	1.41083026821	
0.266	1.40933552181	
0.267	1.40784079794	
0.268	1.40634608604	
0.269	1.40485137566	
0.27	1.40335665644	
0.271	1.40186191809	
0.272	1.40036715043	
0.273	1.39887234335	
0.274	1.39737748683	
0.275	1.39588257093	
0.276	1.3943875858	
0.277	1.39289252167	
0.278	1.39139736884	
0.279	1.38990211771	
0.28	1.38840675874	
0.281	1.38691128247	
0.282	1.38541567952	
0.283	1.38391994059	
0.284	1.38242405646	
0.285	1.38092801795	
0.286	1.379431816	
0.287	1.37793544158	
0.288	1.37643888576	
0.289	1.37494213967	
0.29	1.3734451945	
0.291	1.37194804153	
0.292	1.37045067207	
0.293	1.36895307755	
0.294	1.36745524941	
0.295	1.3659571792	
0.296	1.36445885851	
0.297	1.362960279	
0.298	1.36146143238	
0.299	1.35996231044	
0.3	1.35846290504	
0.301	1.35696320806	
0.302	1.35546321147	
0.303	1.35396290731	
0.304	1.35246228764	
0.305	1.35096134462	
0.306	1.34946007043	
0.307	1.34795845733	
0.308	1.34645649762	
0.309	1.34495418367	
0.31	1.34345150789	
0.311	1.34194846276	
0.312	1.34044504079	
0.313	1.33894123457	
0.314	1.33743703672	
0.315	1.33593243993	
0.316	1.33442743691	
0.317	1.33292202044	
0.318	1.33141618337	
0.319	1.32990991856	
0.32	1.32840321894	
0.321	1.32689607749	
0.322	1.32538848722	
0.323	1.3238804412	
0.324	1.32237193256	
0.325	1.32086295443	
0.326	1.31935350004	
0.327	1.31784356263	
0.328	1.31633313548	
0.329	1.31482221195	
0.33	1.31331078541	
0.331	1.31179884928	
0.332	1.31028639703	
0.333	1.30877342217	
0.334	1.30725991823	
0.335	1.30574587882	
0.336	1.30423129756	
0.337	1.30271616811	
0.338	1.3012004842	
0.339	1.29968423956	
0.34	1.29816742799	
0.341	1.2966500433	
0.342	1.29513207936	
0.343	1.29361353008	
0.344	1.29209438938	
0.345	1.29057465125	
0.346	1.28905430969	
0.347	1.28753335874	
0.348	1.2860117925	
0.349	1.28448960507	
0.35	1.28296679061	
0.351	1.28144334331	
0.352	1.27991925737	
0.353	1.27839452707	
0.354	1.27686914668	
0.355	1.27534311052	
0.356	1.27381641295	
0.357	1.27228904836	
0.358	1.27076101115	
0.359	1.26923229578	
0.36	1.26770289672	
0.361	1.26617280849	
0.362	1.26464202564	
0.363	1.26311054272	
0.364	1.26157835435	
0.365	1.26004545515	
0.366	1.25851183979	
0.367	1.25697750295	
0.368	1.25544243936	
0.369	1.25390664376	
0.37	1.25237011093	
0.371	1.25083283568	
0.372	1.24929481283	
0.373	1.24775603725	
0.374	1.24621650381	
0.375	1.24467620745	
0.376	1.24313514308	
0.377	1.24159330569	
0.378	1.24005069026	
0.379	1.23850729181	
0.38	1.23696310539	
0.381	1.23541812606	
0.382	1.23387234893	
0.383	1.2323257691	
0.384	1.23077838173	
0.385	1.22923018197	
0.386	1.22768116503	
0.387	1.22613132612	
0.388	1.22458066049	
0.389	1.22302916338	
0.39	1.2214768301	
0.391	1.21992365594	
0.392	1.21836963625	
0.393	1.21681476638	
0.394	1.2152590417	
0.395	1.21370245762	
0.396	1.21214500955	
0.397	1.21058669295	
0.398	1.20902750327	
0.399	1.207467436	
0.4	1.20590648665	
0.401	1.20434465074	
0.402	1.20278192383	
0.403	1.20121830149	
0.404	1.1996537793	
0.405	1.19808835287	
0.406	1.19652201784	
0.407	1.19495476985	
0.408	1.19338660457	
0.409	1.1918175177	
0.41	1.19024750493	
0.411	1.188676562	
0.412	1.18710468465	
0.413	1.18553186865	
0.414	1.18395810977	
0.415	1.18238340383	
0.416	1.18080774663	
0.417	1.17923113403	
0.418	1.17765356186	
0.419	1.17607502601	
0.42	1.17449552236	
0.421	1.17291504683	
0.422	1.17133359534	
0.423	1.16975116382	
0.424	1.16816774825	
0.425	1.16658334459	
0.426	1.16499794884	
0.427	1.16341155701	
0.428	1.16182416512	
0.429	1.16023576921	
0.43	1.15864636535	
0.431	1.15705594959	
0.432	1.15546451804	
0.433	1.1538720668	
0.434	1.15227859198	
0.435	1.15068408973	
0.436	1.14908855618	
0.437	1.14749198752	
0.438	1.14589437991	
0.439	1.14429572956	
0.44	1.14269603267	
0.441	1.14109528546	
0.442	1.13949348418	
0.443	1.13789062509	
0.444	1.13628670443	
0.445	1.1346817185	
0.446	1.1330756636	
0.447	1.13146853602	
0.448	1.1298603321	
0.449	1.12825104816	
0.45	1.12664068057	
0.451	1.12502922567	
0.452	1.12341667985	
0.453	1.12180303949	
0.454	1.120188301	
0.455	1.11857246078	
0.456	1.11695551528	
0.457	1.11533746092	
0.458	1.11371829416	
0.459	1.11209801147	
0.46	1.11047660932	
0.461	1.1088540842	
0.462	1.10723043261	
0.463	1.10560565106	
0.464	1.10397973609	
0.465	1.10235268422	
0.466	1.10072449201	
0.467	1.09909515601	
0.468	1.0974646728	
0.469	1.09583303896	
0.47	1.09420025109	
0.471	1.09256630578	
0.472	1.09093119966	
0.473	1.08929492935	
0.474	1.0876574915	
0.475	1.08601888275	
0.476	1.08437909975	
0.477	1.08273813919	
0.478	1.08109599774	
0.479	1.0794526721	
0.48	1.07780815896	
0.481	1.07616245503	
0.482	1.07451555705	
0.483	1.07286746174	
0.484	1.07121816584	
0.485	1.06956766611	
0.486	1.06791595931	
0.487	1.06626304221	
0.488	1.06460891159	
0.489	1.06295356424	
0.49	1.06129699697	
0.491	1.05963920658	
0.492	1.05798018989	
0.493	1.05631994374	
0.494	1.05465846496	
0.495	1.05299575039	
0.496	1.05133179689	
0.497	1.04966660134	
0.498	1.04800016059	
0.499	1.04633247154	
0.5	1.04466353108	
0.501	1.0429933361	
0.502	1.04132188351	
0.503	1.03964917024	
0.504	1.0379751932	
0.505	1.03629994934	
0.506	1.03462343559	
0.507	1.03294564891	
0.508	1.03126658625	
0.509	1.02958624458	
0.51	1.02790462088	
0.511	1.02622171212	
0.512	1.02453751531	
0.513	1.02285202744	
0.514	1.0211652455	
0.515	1.01947716653	
0.516	1.01778778754	
0.517	1.01609710557	
0.518	1.01440511764	
0.519	1.0127118208	
0.52	1.0110172121	
0.521	1.00932128861	
0.522	1.00762404739	
0.523	1.00592548552	
0.524	1.00422560007	
0.525	1.00252438813	
0.526	1.0008218468	
0.527	0.999117973182	
0.528	0.997412764381	
0.529	0.995706217516	
0.53	0.993998329708	
0.531	0.992289098088	
0.532	0.99057851979	
0.533	0.988866591959	
0.534	0.987153311743	
0.535	0.985438676299	
0.536	0.983722682788	
0.537	0.98200532838	
0.538	0.98028661025	
0.539	0.978566525579	
0.54	0.976845071556	
0.541	0.975122245374	
0.542	0.973398044233	
0.543	0.97167246534	
0.544	0.969945505907	
0.545	0.968217163152	
0.546	0.966487434301	
0.547	0.964756316583	
0.548	0.963023807234	
0.549	0.961289903497	
0.55	0.959554602619	
0.551	0.957817901854	
0.552	0.95607979846	
0.553	0.954340289703	
0.554	0.952599372853	
0.555	0.950857045186	
0.556	0.949113303983	
0.557	0.947368146532	
0.558	0.945621570124	
0.559	0.943873572057	
0.56	0.942124149634	
0.561	0.940373300163	
0.562	0.938621020957	
0.563	0.936867309336	
0.564	0.935112162623	
0.565	0.933355578146	
0.566	0.93159755324	
0.567	0.929838085244	
0.568	0.928077171501	
0.569	0.92631480936	
0.57	0.924550996174	
0.571	0.922785729303	
0.572	0.92101900611	
0.573	0.919250823962	
0.574	0.917481180232	
0.575	0.915710072299	
0.576	0.913937497544	
0.577	0.912163453353	
0.578	0.910387937118	
0.579	0.908610946236	
0.58	0.906832478105	
0.581	0.905052530131	
0.582	0.903271099724	
0.583	0.901488184296	
0.584	0.899703781265	
0.585	0.897917888055	
0.586	0.89613050209	
0.587	0.894341620802	
0.588	0.892551241626	
0.589	0.890759362001	
0.59	0.88896597937	
0.591	0.88717109118	
0.592	0.885374694882	
0.593	0.883576787932	
0.594	0.881777367789	
0.595	0.879976431916	
0.596	0.878173977781	
0.597	0.876370002854	
0.598	0.87456450461	
0.599	0.872757480528	
0.6	0.870948928091	
0.601	0.869138844785	
0.602	0.867327228099	
0.603	0.865514075527	
0.604	0.863699384567	
0.605	0.861883152719	
0.606	0.860065377488	
0.607	0.858246056382	
0.608	0.856425186912	
0.609	0.854602766594	
0.61	0.852778792945	
0.611	0.850953263489	
0.612	0.84912617575	
0.613	0.847297527256	
0.614	0.845467315541	
0.615	0.843635538139	
0.616	0.841802192589	
0.617	0.839967276433	
0.618	0.838130787216	
0.619	0.836292722486	
0.62	0.834453079795	
0.621	0.832611856698	
0.622	0.830769050751	
0.623	0.828924659516	
0.624	0.827078680558	
0.625	0.825231111441	
0.626	0.823381949738	
0.627	0.821531193019	
0.628	0.819678838862	
0.629	0.817824884845	
0.63	0.815969328549	
0.631	0.814112167559	
0.632	0.812253399462	
0.633	0.810393021848	
0.634	0.808531032311	
0.635	0.806667428446	
0.636	0.80480220785	
0.637	0.802935368126	
0.638	0.801066906877	
0.639	0.799196821709	
0.64	0.797325110231	
0.641	0.795451770056	
0.642	0.793576798797	
0.643	0.791700194071	
0.644	0.789821953497	
0.645	0.787942074697	
0.646	0.786060555296	
0.647	0.78417739292	
0.648	0.782292585198	
0.649	0.780406129762	
0.65	0.778518024246	
0.651	0.776628266286	
0.652	0.774736853521	
0.653	0.772843783592	
0.654	0.770949054143	
0.655	0.769052662817	
0.656	0.767154607265	
0.657	0.765254885134	
0.658	0.763353494079	
0.659	0.761450431753	
0.66	0.759545695812	
0.661	0.757639283916	
0.662	0.755731193725	
0.663	0.753821422902	
0.664	0.751909969112	
0.665	0.749996830022	
0.666	0.748082003301	
0.667	0.74616548662	
0.668	0.744247277653	
0.669	0.742327374073	
0.67	0.740405773559	
0.671	0.738482473789	
0.672	0.736557472443	
0.673	0.734630767205	
0.674	0.732702355759	
0.675	0.730772235791	
0.676	0.728840404989	
0.677	0.726906861044	
0.678	0.724971601647	
0.679	0.723034624491	
0.68	0.721095927272	
0.681	0.719155507687	
0.682	0.717213363434	
0.683	0.715269492214	
0.684	0.713323891729	
0.685	0.711376559682	
0.686	0.709427493779	
0.687	0.707476691726	
0.688	0.705524151233	
0.689	0.703569870009	
0.69	0.701613845765	
0.691	0.699656076215	
0.692	0.697696559073	
0.693	0.695735292056	
0.694	0.693772272881	
0.695	0.691807499267	
0.696	0.689840968935	
0.697	0.687872679607	
0.698	0.685902629005	
0.699	0.683930814855	
0.7	0.681957234882	
0.701	0.679981886815	
0.702	0.678004768381	
0.703	0.676025877312	
0.704	0.674045211338	
0.705	0.672062768191	
0.706	0.670078545607	
0.707	0.66809254132	
0.708	0.666104753066	
0.709	0.664115178583	
0.71	0.66212381561	
0.711	0.660130661888	
0.712	0.658135715156	
0.713	0.656138973157	
0.714	0.654140433636	
0.715	0.652140094336	
0.716	0.650137953003	
0.717	0.648134007384	
0.718	0.646128255226	
0.719	0.644120694279	
0.72	0.642111322292	
0.721	0.640100137017	
0.722	0.638087136205	
0.723	0.63607231761	
0.724	0.634055678984	
0.725	0.632037218083	
0.726	0.630016932663	
0.727	0.627994820481	
0.728	0.625970879294	
0.729	0.62394510686	
0.73	0.62191750094	
0.731	0.619888059292	
0.732	0.61785677968	
0.733	0.615823659864	
0.734	0.613788697607	
0.735	0.611751890673	
0.736	0.609713236827	
0.737	0.607672733833	
0.738	0.605630379457	
0.739	0.603586171467	
0.74	0.601540107629	
0.741	0.599492185712	
0.742	0.597442403485	
0.743	0.595390758717	
0.744	0.593337249179	
0.745	0.591281872641	
0.746	0.589224626875	
0.747	0.587165509653	
0.748	0.585104518749	
0.749	0.583041651934	
0.75	0.580976906985	
0.751	0.578910281674	
0.752	0.576841773778	
0.753	0.574771381072	
0.754	0.572699101333	
0.755	0.570624932336	
0.756	0.56854887186	
0.757	0.566470917683	
0.758	0.564391067583	
0.759	0.562309319338	
0.76	0.560225670728	
0.761	0.558140119533	
0.762	0.556052663533	
0.763	0.553963300508	
0.764	0.551872028239	
0.765	0.549778844509	
0.766	0.547683747098	
0.767	0.54558673379	
0.768	0.543487802365	
0.769	0.541386950609	
0.77	0.539284176302	
0.771	0.53717947723	
0.772	0.535072851176	
0.773	0.532964295925	
0.774	0.53085380926	
0.775	0.528741388967	
0.776	0.52662703283	
0.777	0.524510738635	
0.778	0.522392504167	
0.779	0.520272327212	
0.78	0.518150205557	
0.781	0.516026136986	
0.782	0.513900119287	
0.783	0.511772150247	
0.784	0.509642227651	
0.785	0.507510349286	
0.786	0.505376512941	
0.787	0.503240716401	
0.788	0.501102957454	
0.789	0.498963233888	
0.79	0.49682154349	
0.791	0.494677884048	
0.792	0.492532253349	
0.793	0.490384649181	
0.794	0.488235069331	
0.795	0.486083511588	
0.796	0.48392997374	
0.797	0.481774453574	
0.798	0.479616948878	
0.799	0.477457457441	
0.8	0.47529597705	
0.801	0.473132505492	
0.802	0.470967040556	
0.803	0.46879958003	
0.804	0.466630121701	
0.805	0.464458663357	
0.806	0.462285202786	
0.807	0.460109737775	
0.808	0.457932266111	
0.809	0.455752785582	
0.81	0.453571293975	
0.811	0.451387789077	
0.812	0.449202268675	
0.813	0.447014730556	
0.814	0.444825172507	
0.815	0.442633592313	
0.816	0.440439987762	
0.817	0.438244356638	
0.818	0.436046696729	
0.819	0.433847005819	
0.82	0.431645281695	
0.821	0.429441522141	
0.822	0.427235724943	
0.823	0.425027887885	
0.824	0.422818008751	
0.825	0.420606085326	
0.826	0.418392115394	
0.827	0.416176096738	
0.828	0.413958027142	
0.829	0.411737904389	
0.83	0.409515726261	
0.831	0.407291490541	
0.832	0.40506519501	
0.833	0.402836837451	
0.834	0.400606415645	
0.835	0.398373927372	
0.836	0.396139370414	
0.837	0.39390274255	
0.838	0.391664041561	
0.839	0.389423265225	
0.84	0.387180411321	
0.841	0.384935477629	
0.842	0.382688461926	
0.843	0.380439361989	
0.844	0.378188175597	
0.845	0.375934900526	
0.846	0.373679534551	
0.847	0.37142207545	
0.848	0.369162520996	
0.849	0.366900868966	
0.85	0.364637117132	
0.851	0.36237126327	
0.852	0.360103305152	
0.853	0.35783324055	
0.854	0.355561067238	
0.855	0.353286782986	
0.856	0.351010385566	
0.857	0.348731872748	
0.858	0.346451242303	
0.859	0.344168491998	
0.86	0.341883619603	
0.861	0.339596622887	
0.862	0.337307499616	
0.863	0.335016247557	
0.864	0.332722864477	
0.865	0.330427348141	
0.866	0.328129696314	
0.867	0.325829906761	
0.868	0.323527977244	
0.869	0.321223905526	
0.87	0.318917689371	
0.871	0.316609326539	
0.872	0.314298814792	
0.873	0.311986151889	
0.874	0.309671335589	
0.875	0.307354363652	
0.876	0.305035233835	
0.877	0.302713943896	
0.878	0.30039049159	
0.879	0.298064874674	
0.88	0.295737090902	
0.881	0.293407138028	
0.882	0.291075013807	
0.883	0.288740715989	
0.884	0.286404242327	
0.885	0.284065590572	
0.886	0.281724758474	
0.887	0.279381743782	
0.888	0.277036544244	
0.889	0.274689157609	
0.89	0.272339581622	
0.891	0.269987814029	
0.892	0.267633852576	
0.893	0.265277695006	
0.894	0.262919339063	
0.895	0.260558782489	
0.896	0.258196023026	
0.897	0.255831058413	
0.898	0.25346388639	
0.899	0.251094504697	
0.9	0.24872291107	
0.901	0.246349103247	
0.902	0.243973078962	
0.903	0.241594835952	
0.904	0.23921437195	
0.905	0.236831684689	
0.906	0.2344467719	
0.907	0.232059631315	
0.908	0.229670260663	
0.909	0.227278657674	
0.91	0.224884820075	
0.911	0.222488745593	
0.912	0.220090431954	
0.913	0.217689876884	
0.914	0.215287078104	
0.915	0.212882033339	
0.916	0.21047474031	
0.917	0.208065196738	
0.918	0.205653400341	
0.919	0.203239348839	
0.92	0.200823039948	
0.921	0.198404471386	
0.922	0.195983640866	
0.923	0.193560546104	
0.924	0.191135184811	
0.925	0.1887075547	
0.926	0.186277653482	
0.927	0.183845478865	
0.928	0.181411028558	
0.929	0.178974300268	
0.93	0.176535291702	
0.931	0.174094000563	
0.932	0.171650424557	
0.933	0.169204561384	
0.934	0.166756408746	
0.935	0.164305964344	
0.936	0.161853225875	
0.937	0.159398191039	
0.938	0.15694085753	
0.939	0.154481223045	
0.94	0.152019285277	
0.941	0.149555041919	
0.942	0.147088490662	
0.943	0.144619629196	
0.944	0.14214845521	
0.945	0.139674966392	
0.946	0.137199160428	
0.947	0.134721035003	
0.948	0.132240587801	
0.949	0.129757816504	
0.95	0.127272718793	
0.951	0.124785292348	
0.952	0.122295534847	
0.953	0.119803443968	
0.954	0.117309017386	
0.955	0.114812252776	
0.956	0.11231314781	
0.957	0.109811700161	
0.958	0.107307907498	
0.959	0.104801767491	
0.96	0.102293277807	
0.961	0.099782436112	
0.962	0.0972692400711	
0.963	0.0947536873475	
0.964	0.0922357756032	
0.965	0.0897155024986	
0.966	0.0871928656928	
0.967	0.0846678628434	
0.968	0.0821404916067	
0.969	0.0796107496374	
0.97	0.0770786345888	
0.971	0.0745441441126	
0.972	0.0720072758593	
0.973	0.0694680274777	
0.974	0.0669263966152	
0.975	0.0643823809178	
0.976	0.0618359780297	
0.977	0.059287185594	
0.978	0.056736001252	
0.979	0.0541824226435	
0.98	0.0516264474068	
0.981	0.0490680731789	
0.982	0.046507297595	
0.983	0.0439441182887	
0.984	0.0413785328922	
0.985	0.0388105390362	
0.986	0.0362401343496	
0.987	0.0336673164599	
0.988	0.0310920829931	
0.989	0.0285144315733	
0.99	0.0259343598234	
0.991	0.0233518653643	
0.992	0.0207669458155	
0.993	0.018179598795	
0.994	0.0155898219189	
0.995	0.012997612802	
0.996	0.0104029690571	
0.997	0.00780588829554	
0.998	0.00520636812712	
0.999	0.00260440615982	
1.0	0.0	
