0.0	2.0	
0.001	1.96833743768	
0.002	1.95517150016	
0.003	1.94503638516	
0.004	1.93646557629	
0.005	1.9288916535	
0.006	1.92202390729	
0.007	1.91568981377	
0.008	1.90977707291	
0.009	1.90420775514	
0.01	1.89892517378	
0.011	1.89388657478	
0.012	1.88905877317	
0.013	1.8844154028	
0.014	1.87993510558	
0.015	1.87560029527	
0.016	1.87139628777	
0.017	1.86731067326	
0.018	1.86333285278	
0.019	1.85945368941	
0.02	1.85566524136	
0.021	1.85196055458	
0.022	1.84833349931	
0.023	1.84477863996	
0.024	1.84129113011	
0.025	1.83786662715	
0.026	1.8345012221	
0.027	1.83119138158	
0.028	1.82793389933	
0.029	1.82472585547	
0.03	1.82156458214	
0.031	1.81844763413	
0.032	1.81537276387	
0.033	1.81233789983	
0.034	1.80934112795	
0.035	1.80638067541	
0.036	1.80345489659	
0.037	1.80056226064	
0.038	1.79770134072	
0.039	1.79487080439	
0.04	1.79206940512	
0.041	1.78929597484	
0.042	1.78654941716	
0.043	1.78382870149	
0.044	1.78113285758	
0.045	1.7784609708	
0.046	1.77581217777	
0.047	1.77318566245	
0.048	1.77058065264	
0.049	1.76799641674	
0.05	1.76543226089	
0.051	1.76288752627	
0.052	1.76036158673	
0.053	1.75785384657	
0.054	1.75536373851	
0.055	1.75289072188	
0.056	1.75043428089	
0.057	1.74799392305	
0.058	1.7455691778	
0.059	1.74315959512	
0.06	1.74076474433	
0.061	1.73838421297	
0.062	1.73601760571	
0.063	1.73366454342	
0.064	1.73132466225	
0.065	1.72899761278	
0.066	1.72668305926	
0.067	1.72438067886	
0.068	1.722090161	
0.069	1.71981120671	
0.07	1.71754352806	
0.071	1.71528684759	
0.072	1.71304089775	
0.073	1.7108054205	
0.074	1.70858016677	
0.075	1.7063648961	
0.076	1.70415937616	
0.077	1.70196338246	
0.078	1.6997766979	
0.079	1.69759911253	
0.08	1.69543042314	
0.081	1.69327043303	
0.082	1.69111895169	
0.083	1.68897579455	
0.084	1.68684078272	
0.085	1.68471374276	
0.086	1.68259450644	
0.087	1.68048291053	
0.088	1.6783787966	
0.089	1.67628201085	
0.09	1.67419240386	
0.091	1.67210983051	
0.092	1.67003414973	
0.093	1.66796522438	
0.094	1.66590292113	
0.095	1.66384711024	
0.096	1.66179766552	
0.097	1.65975446411	
0.098	1.65771738642	
0.099	1.655686316	
0.1	1.6536611394	
0.101	1.65164174609	
0.102	1.64962802835	
0.103	1.64761988119	
0.104	1.64561720221	
0.105	1.64361989157	
0.106	1.64162785184	
0.107	1.639640988	
0.108	1.63765920727	
0.109	1.63568241911	
0.11	1.6337105351	
0.111	1.63174346891	
0.112	1.62978113618	
0.113	1.62782345453	
0.114	1.62587034343	
0.115	1.62392172419	
0.116	1.62197751985	
0.117	1.6200376552	
0.118	1.61810205667	
0.119	1.6161706523	
0.12	1.61424337169	
0.121	1.61232014595	
0.122	1.61040090767	
0.123	1.60848559085	
0.124	1.60657413091	
0.125	1.60466646457	
0.126	1.60276252989	
0.127	1.60086226619	
0.128	1.59896561402	
0.129	1.59707251515	
0.13	1.59518291249	
0.131	1.59329675012	
0.132	1.59141397318	
0.133	1.58953452794	
0.134	1.58765836166	
0.135	1.58578542266	
0.136	1.58391566024	
0.137	1.58204902466	
0.138	1.58018546712	
0.139	1.57832493974	
0.14	1.57646739553	
0.141	1.57461278839	
0.142	1.57276107303	
0.143	1.57091220503	
0.144	1.56906614073	
0.145	1.5672228373	
0.146	1.56538225265	
0.147	1.56354434545	
0.148	1.56170907509	
0.149	1.55987640168	
0.15	1.55804628602	
0.151	1.5562186896	
0.152	1.55439357457	
0.153	1.55257090371	
0.154	1.55075064045	
0.155	1.54893274883	
0.156	1.5471171935	
0.157	1.54530393969	
0.158	1.54349295321	
0.159	1.54168420044	
0.16	1.5398776483	
0.161	1.53807326426	
0.162	1.53627101629	
0.163	1.53447087291	
0.164	1.53267280312	
0.165	1.53087677641	
0.166	1.52908276278	
0.167	1.52729073266	
0.168	1.52550065697	
0.169	1.52371250708	
0.17	1.52192625478	
0.171	1.52014187232	
0.172	1.51835933235	
0.173	1.51657860795	
0.174	1.5147996726	
0.175	1.51302250019	
0.176	1.51124706497	
0.177	1.50947334159	
0.178	1.50770130509	
0.179	1.50593093084	
0.18	1.50416219461	
0.181	1.50239507248	
0.182	1.5006295409	
0.183	1.49886557665	
0.184	1.49710315686	
0.185	1.49534225895	
0.186	1.49358286069	
0.187	1.49182494015	
0.188	1.4900684757	
0.189	1.48831344601	
0.19	1.48655983007	
0.191	1.48480760714	
0.192	1.48305675675	
0.193	1.48130725873	
0.194	1.47955909318	
0.195	1.47781224047	
0.196	1.47606668122	
0.197	1.47432239632	
0.198	1.47257936691	
0.199	1.47083757439	
0.2	1.46909700038	
0.201	1.46735762677	
0.202	1.46561943566	
0.203	1.4638824094	
0.204	1.46214653055	
0.205	1.46041178192	
0.206	1.45867814652	
0.207	1.45694560757	
0.208	1.45521414853	
0.209	1.45348375303	
0.21	1.45175440494	
0.211	1.45002608831	
0.212	1.4482987874	
0.213	1.44657248665	
0.214	1.44484717071	
0.215	1.44312282441	
0.216	1.44139943276	
0.217	1.43967698095	
0.218	1.43795545436	
0.219	1.43623483855	
0.22	1.43451511922	
0.221	1.43279628228	
0.222	1.43107831378	
0.223	1.42936119995	
0.224	1.42764492718	
0.225	1.42592948201	
0.226	1.42421485114	
0.227	1.42250102144	
0.228	1.4207879799	
0.229	1.4190757137	
0.23	1.41736421013	
0.231	1.41565345664	
0.232	1.41394344082	
0.233	1.41223415042	
0.234	1.41052557329	
0.235	1.40881769745	
0.236	1.40711051103	
0.237	1.40540400231	
0.238	1.40369815969	
0.239	1.4019929717	
0.24	1.40028842698	
0.241	1.39858451433	
0.242	1.39688122265	
0.243	1.39517854095	
0.244	1.39347645837	
0.245	1.39177496418	
0.246	1.39007404774	
0.247	1.38837369853	
0.248	1.38667390616	
0.249	1.38497466034	
0.25	1.38327595086	
0.251	1.38157776767	
0.252	1.37988010078	
0.253	1.37818294032	
0.254	1.37648627654	
0.255	1.37479009975	
0.256	1.3730944004	
0.257	1.37139916901	
0.258	1.36970439622	
0.259	1.36801007274	
0.26	1.36631618939	
0.261	1.36462273708	
0.262	1.36292970682	
0.263	1.36123708969	
0.264	1.35954487686	
0.265	1.35785305962	
0.266	1.3561616293	
0.267	1.35447057735	
0.268	1.3527798953	
0.269	1.35108957473	
0.27	1.34939960735	
0.271	1.34770998492	
0.272	1.34602069928	
0.273	1.34433174237	
0.274	1.34264310617	
0.275	1.34095478278	
0.276	1.33926676434	
0.277	1.33757904309	
0.278	1.33589161133	
0.279	1.33420446143	
0.28	1.33251758583	
0.281	1.33083097706	
0.282	1.3291446277	
0.283	1.32745853041	
0.284	1.3257726779	
0.285	1.32408706298	
0.286	1.32240167848	
0.287	1.32071651734	
0.288	1.31903157254	
0.289	1.31734683713	
0.29	1.31566230423	
0.291	1.313977967	
0.292	1.31229381867	
0.293	1.31060985256	
0.294	1.30892606201	
0.295	1.30724244044	
0.296	1.30555898131	
0.297	1.30387567817	
0.298	1.30219252459	
0.299	1.30050951422	
0.3	1.29882664076	
0.301	1.29714389796	
0.302	1.29546127964	
0.303	1.29377877964	
0.304	1.29209639189	
0.305	1.29041411034	
0.306	1.28873192903	
0.307	1.28704984201	
0.308	1.2853678434	
0.309	1.28368592738	
0.31	1.28200408815	
0.311	1.28032231999	
0.312	1.27864061721	
0.313	1.27695897417	
0.314	1.27527738528	
0.315	1.27359584499	
0.316	1.27191434781	
0.317	1.27023288827	
0.318	1.26855146097	
0.319	1.26687006054	
0.32	1.26518868166	
0.321	1.26350731905	
0.322	1.26182596748	
0.323	1.26014462174	
0.324	1.25846327669	
0.325	1.25678192722	
0.326	1.25510056825	
0.327	1.25341919475	
0.328	1.25173780174	
0.329	1.25005638426	
0.33	1.2483749374	
0.331	1.24669345629	
0.332	1.24501193609	
0.333	1.243330372	
0.334	1.24164875927	
0.335	1.23996709316	
0.336	1.23828536899	
0.337	1.23660358211	
0.338	1.23492172791	
0.339	1.2332398018	
0.34	1.23155779923	
0.341	1.2298757157	
0.342	1.22819354673	
0.343	1.22651128787	
0.344	1.22482893472	
0.345	1.22314648289	
0.346	1.22146392805	
0.347	1.21978126588	
0.348	1.21809849209	
0.349	1.21641560245	
0.35	1.21473259274	
0.351	1.21304945876	
0.352	1.21136619636	
0.353	1.20968280142	
0.354	1.20799926983	
0.355	1.20631559755	
0.356	1.20463178052	
0.357	1.20294781474	
0.358	1.20126369624	
0.359	1.19957942105	
0.36	1.19789498527	
0.361	1.19621038499	
0.362	1.19452561635	
0.363	1.19284067551	
0.364	1.19115555865	
0.365	1.18947026199	
0.366	1.18778478178	
0.367	1.18609911428	
0.368	1.18441325577	
0.369	1.18272720259	
0.37	1.18104095107	
0.371	1.17935449758	
0.372	1.17766783852	
0.373	1.1759809703	
0.374	1.17429388937	
0.375	1.1726065922	
0.376	1.17091907528	
0.377	1.16923133511	
0.378	1.16754336825	
0.379	1.16585517124	
0.38	1.16416674068	
0.381	1.16247807318	
0.382	1.16078916535	
0.383	1.15910001386	
0.384	1.15741061538	
0.385	1.1557209666	
0.386	1.15403106424	
0.387	1.15234090505	
0.388	1.15065048577	
0.389	1.14895980319	
0.39	1.14726885412	
0.391	1.14557763538	
0.392	1.14388614381	
0.393	1.14219437627	
0.394	1.14050232965	
0.395	1.13881000085	
0.396	1.13711738679	
0.397	1.13542448442	
0.398	1.13373129069	
0.399	1.1320378026	
0.4	1.13034401713	
0.401	1.12864993131	
0.402	1.12695554218	
0.403	1.12526084678	
0.404	1.1235658422	
0.405	1.12187052553	
0.406	1.12017489387	
0.407	1.11847894435	
0.408	1.11678267413	
0.409	1.11508608035	
0.41	1.1133891602	
0.411	1.11169191088	
0.412	1.10999432961	
0.413	1.1082964136	
0.414	1.10659816011	
0.415	1.10489956641	
0.416	1.10320062976	
0.417	1.10150134748	
0.418	1.09980171686	
0.419	1.09810173525	
0.42	1.09640139997	
0.421	1.0947007084	
0.422	1.0929996579	
0.423	1.09129824587	
0.424	1.08959646971	
0.425	1.08789432684	
0.426	1.0861918147	
0.427	1.08448893073	
0.428	1.08278567241	
0.429	1.0810820372	
0.43	1.07937802261	
0.431	1.07767362614	
0.432	1.07596884531	
0.433	1.07426367766	
0.434	1.07255812074	
0.435	1.07085217211	
0.436	1.06914582936	
0.437	1.06743909006	
0.438	1.06573195182	
0.439	1.06402441226	
0.44	1.06231646902	
0.441	1.06060811973	
0.442	1.05889936205	
0.443	1.05719019365	
0.444	1.05548061222	
0.445	1.05377061544	
0.446	1.05206020102	
0.447	1.05034936669	
0.448	1.04863811017	
0.449	1.04692642921	
0.45	1.04521432157	
0.451	1.04350178501	
0.452	1.04178881731	
0.453	1.04007541627	
0.454	1.03836157968	
0.455	1.03664730537	
0.456	1.03493259116	
0.457	1.03321743488	
0.458	1.03150183439	
0.459	1.02978578754	
0.46	1.02806929221	
0.461	1.02635234628	
0.462	1.02463494764	
0.463	1.02291709419	
0.464	1.02119878386	
0.465	1.01948001456	
0.466	1.01776078424	
0.467	1.01604109083	
0.468	1.0143209323	
0.469	1.01260030661	
0.47	1.01087921174	
0.471	1.00915764567	
0.472	1.00743560641	
0.473	1.00571309196	
0.474	1.00399010034	
0.475	1.00226662957	
0.476	1.00054267769	
0.477	0.998818242753	
0.478	0.997093322808	
0.479	0.995367915922	
0.48	0.993642020169	
0.481	0.991915633634	
0.482	0.99018875441	
0.483	0.988461380599	
0.484	0.986733510313	
0.485	0.985005141673	
0.486	0.983276272807	
0.487	0.981546901854	
0.488	0.979817026963	
0.489	0.978086646287	
0.49	0.976355757992	
0.491	0.974624360252	
0.492	0.972892451248	
0.493	0.971160029169	
0.494	0.969427092215	
0.495	0.967693638593	
0.496	0.965959666518	
0.497	0.964225174213	
0.498	0.962490159909	
0.499	0.960754621846	
0.5	0.959018558272	
0.501	0.957281967443	
0.502	0.955544847621	
0.503	0.953807197077	
0.504	0.952069014092	
0.505	0.950330296951	
0.506	0.948591043948	
0.507	0.946851253386	
0.508	0.945110923574	
0.509	0.943370052829	
0.51	0.941628639475	
0.511	0.939886681843	
0.512	0.938144178272	
0.513	0.93640112711	
0.514	0.934657526707	
0.515	0.932913375426	
0.516	0.931168671634	
0.517	0.929423413704	
0.518	0.927677600019	
0.519	0.925931228967	
0.52	0.924184298942	
0.521	0.922436808347	
0.522	0.920688755591	
0.523	0.918940139088	
0.524	0.917190957262	
0.525	0.915441208539	
0.526	0.913690891357	
0.527	0.911940004155	
0.528	0.910188545383	
0.529	0.908436513495	
0.53	0.906683906951	
0.531	0.904930724219	
0.532	0.903176963772	
0.533	0.90142262409	
0.534	0.899667703658	
0.535	0.897912200968	
0.536	0.896156114518	
0.537	0.894399442812	
0.538	0.89264218436	
0.539	0.890884337677	
0.54	0.889125901286	
0.541	0.887366873713	
0.542	0.885607253492	
0.543	0.883847039163	
0.544	0.882086229269	
0.545	0.880324822362	
0.546	0.878562816997	
0.547	0.876800211737	
0.548	0.875037005147	
0.549	0.873273195801	
0.55	0.871508782277	
0.551	0.869743763159	
0.552	0.867978137035	
0.553	0.8662119025	
0.554	0.864445058154	
0.555	0.8626776026	
0.556	0.86090953445	
0.557	0.859140852318	
0.558	0.857371554825	
0.559	0.855601640596	
0.56	0.853831108262	
0.561	0.852059956458	
0.562	0.850288183826	
0.563	0.84851578901	
0.564	0.846742770661	
0.565	0.844969127434	
0.566	0.843194857989	
0.567	0.841419960993	
0.568	0.839644435113	
0.569	0.837868279026	
0.57	0.83609149141	
0.571	0.834314070948	
0.572	0.832536016331	
0.573	0.83075732625	
0.574	0.828977999403	
0.575	0.827198034494	
0.576	0.825417430228	
0.577	0.823636185318	
0.578	0.821854298478	
0.579	0.820071768428	
0.58	0.818288593895	
0.581	0.816504773605	
0.582	0.814720306293	
0.583	0.812935190696	
0.584	0.811149425556	
0.585	0.809363009618	
0.586	0.807575941633	
0.587	0.805788220356	
0.588	0.803999844543	
0.589	0.80221081296	
0.59	0.800421124371	
0.591	0.798630777547	
0.592	0.796839771264	
0.593	0.7950481043	
0.594	0.793255775438	
0.595	0.791462783464	
0.596	0.789669127168	
0.597	0.787874805346	
0.598	0.786079816795	
0.599	0.784284160318	
0.6	0.78248783472	
0.601	0.780690838811	
0.602	0.778893171404	
0.603	0.777094831317	
0.604	0.77529581737	
0.605	0.773496128388	
0.606	0.771695763198	
0.607	0.769894720633	
0.608	0.768092999528	
0.609	0.766290598721	
0.61	0.764487517054	
0.611	0.762683753375	
0.612	0.760879306532	
0.613	0.759074175378	
0.614	0.757268358768	
0.615	0.755461855564	
0.616	0.753654664628	
0.617	0.751846784826	
0.618	0.750038215029	
0.619	0.748228954109	
0.62	0.746419000942	
0.621	0.744608354409	
0.622	0.742797013392	
0.623	0.740984976777	
0.624	0.739172243454	
0.625	0.737358812315	
0.626	0.735544682256	
0.627	0.733729852175	
0.628	0.731914320975	
0.629	0.730098087561	
0.63	0.728281150841	
0.631	0.726463509725	
0.632	0.724645163128	
0.633	0.722826109967	
0.634	0.721006349163	
0.635	0.719185879638	
0.636	0.717364700319	
0.637	0.715542810134	
0.638	0.713720208015	
0.639	0.711896892897	
0.64	0.710072863718	
0.641	0.708248119418	
0.642	0.706422658941	
0.643	0.704596481233	
0.644	0.702769585241	
0.645	0.700941969919	
0.646	0.699113634221	
0.647	0.697284577103	
0.648	0.695454797525	
0.649	0.693624294451	
0.65	0.691793066845	
0.651	0.689961113674	
0.652	0.68812843391	
0.653	0.686295026526	
0.654	0.684460890496	
0.655	0.6826260248	
0.656	0.680790428419	
0.657	0.678954100334	
0.658	0.677117039534	
0.659	0.675279245005	
0.66	0.673440715738	
0.661	0.671601450728	
0.662	0.66976144897	
0.663	0.667920709461	
0.664	0.666079231204	
0.665	0.6642370132	
0.666	0.662394054455	
0.667	0.660550353977	
0.668	0.658705910776	
0.669	0.656860723865	
0.67	0.655014792258	
0.671	0.653168114973	
0.672	0.651320691029	
0.673	0.649472519447	
0.674	0.647623599252	
0.675	0.64577392947	
0.676	0.643923509129	
0.677	0.64207233726	
0.678	0.640220412895	
0.679	0.63836773507	
0.68	0.636514302822	
0.681	0.634660115189	
0.682	0.632805171214	
0.683	0.63094946994	
0.684	0.629093010413	
0.685	0.62723579168	
0.686	0.625377812791	
0.687	0.623519072798	
0.688	0.621659570756	
0.689	0.619799305719	
0.69	0.617938276746	
0.691	0.616076482897	
0.692	0.614213923234	
0.693	0.61235059682	
0.694	0.610486502723	
0.695	0.608621640008	
0.696	0.606756007747	
0.697	0.604889605011	
0.698	0.603022430874	
0.699	0.60115448441	
0.7	0.599285764698	
0.701	0.597416270817	
0.702	0.595546001847	
0.703	0.593674956872	
0.704	0.591803134976	
0.705	0.589930535247	
0.706	0.588057156771	
0.707	0.58618299864	
0.708	0.584308059946	
0.709	0.582432339782	
0.71	0.580555837243	
0.711	0.578678551427	
0.712	0.576800481433	
0.713	0.574921626361	
0.714	0.573041985314	
0.715	0.571161557396	
0.716	0.569280341711	
0.717	0.567398337369	
0.718	0.565515543477	
0.719	0.563631959146	
0.72	0.56174758349	
0.721	0.55986241562	
0.722	0.557976454654	
0.723	0.556089699708	
0.724	0.5542021499	
0.725	0.552313804352	
0.726	0.550424662184	
0.727	0.548534722521	
0.728	0.546643984487	
0.729	0.544752447209	
0.73	0.542860109814	
0.731	0.540966971432	
0.732	0.539073031194	
0.733	0.537178288232	
0.734	0.535282741681	
0.735	0.533386390675	
0.736	0.531489234351	
0.737	0.529591271849	
0.738	0.527692502306	
0.739	0.525792924866	
0.74	0.523892538669	
0.741	0.52199134286	
0.742	0.520089336584	
0.743	0.518186518989	
0.744	0.516282889221	
0.745	0.514378446431	
0.746	0.512473189768	
0.747	0.510567118386	
0.748	0.508660231438	
0.749	0.506752528078	
0.75	0.504844007463	
0.751	0.502934668749	
0.752	0.501024511096	
0.753	0.499113533663	
0.754	0.497201735612	
0.755	0.495289116104	
0.756	0.493375674305	
0.757	0.491461409378	
0.758	0.48954632049	
0.759	0.487630406809	
0.76	0.485713667502	
0.761	0.48379610174	
0.762	0.481877708694	
0.763	0.479958487535	
0.764	0.478038437438	
0.765	0.476117557577	
0.766	0.474195847128	
0.767	0.472273305267	
0.768	0.470349931173	
0.769	0.468425724024	
0.77	0.466500683001	
0.771	0.464574807285	
0.772	0.46264809606	
0.773	0.460720548507	
0.774	0.458792163813	
0.775	0.456862941162	
0.776	0.454932879743	
0.777	0.453001978741	
0.778	0.451070237348	
0.779	0.449137654752	
0.78	0.447204230144	
0.781	0.445269962717	
0.782	0.443334851664	
0.783	0.44139889618	
0.784	0.439462095458	
0.785	0.437524448695	
0.786	0.435585955089	
0.787	0.433646613837	
0.788	0.431706424139	
0.789	0.429765385194	
0.79	0.427823496204	
0.791	0.425880756371	
0.792	0.423937164897	
0.793	0.421992720987	
0.794	0.420047423844	
0.795	0.418101272676	
0.796	0.416154266688	
0.797	0.414206405089	
0.798	0.412257687085	
0.799	0.410308111888	
0.8	0.408357678707	
0.801	0.406406386753	
0.802	0.404454235237	
0.803	0.402501223374	
0.804	0.400547350377	
0.805	0.398592615459	
0.806	0.396637017838	
0.807	0.394680556727	
0.808	0.392723231346	
0.809	0.390765040911	
0.81	0.388805984642	
0.811	0.386846061758	
0.812	0.384885271478	
0.813	0.382923613025	
0.814	0.38096108562	
0.815	0.378997688485	
0.816	0.377033420845	
0.817	0.375068281922	
0.818	0.373102270943	
0.819	0.371135387133	
0.82	0.369167629718	
0.821	0.367198997926	
0.822	0.365229490985	
0.823	0.363259108122	
0.824	0.361287848568	
0.825	0.359315711552	
0.826	0.357342696306	
0.827	0.35536880206	
0.828	0.353394028047	
0.829	0.351418373501	
0.83	0.349441837653	
0.831	0.34746441974	
0.832	0.345486118994	
0.833	0.343506934653	
0.834	0.341526865953	
0.835	0.339545912129	
0.836	0.33756407242	
0.837	0.335581346064	
0.838	0.333597732299	
0.839	0.331613230365	
0.84	0.329627839503	
0.841	0.327641558952	
0.842	0.325654387954	
0.843	0.323666325751	
0.844	0.321677371585	
0.845	0.319687524699	
0.846	0.317696784338	
0.847	0.315705149744	
0.848	0.313712620163	
0.849	0.311719194841	
0.85	0.309724873023	
0.851	0.307729653955	
0.852	0.305733536886	
0.853	0.303736521061	
0.854	0.30173860573	
0.855	0.29973979014	
0.856	0.297740073542	
0.857	0.295739455185	
0.858	0.293737934319	
0.859	0.291735510195	
0.86	0.289732182063	
0.861	0.287727949177	
0.862	0.285722810787	
0.863	0.283716766148	
0.864	0.281709814511	
0.865	0.279701955131	
0.866	0.277693187261	
0.867	0.275683510157	
0.868	0.273672923074	
0.869	0.271661425266	
0.87	0.269649015991	
0.871	0.267635694504	
0.872	0.265621460062	
0.873	0.263606311924	
0.874	0.261590249346	
0.875	0.259573271586	
0.876	0.257555377904	
0.877	0.255536567559	
0.878	0.253516839809	
0.879	0.251496193915	
0.88	0.249474629137	
0.881	0.247452144735	
0.882	0.245428739972	
0.883	0.243404414107	
0.884	0.241379166404	
0.885	0.239352996124	
0.886	0.23732590253	
0.887	0.235297884884	
0.888	0.23326894245	
0.889	0.231239074493	
0.89	0.229208280275	
0.891	0.227176559061	
0.892	0.225143910116	
0.893	0.223110332706	
0.894	0.221075826094	
0.895	0.219040389548	
0.896	0.217004022333	
0.897	0.214966723716	
0.898	0.212928492963	
0.899	0.210889329341	
0.9	0.208849232118	
0.901	0.206808200561	
0.902	0.204766233938	
0.903	0.202723331518	
0.904	0.200679492569	
0.905	0.19863471636	
0.906	0.19658900216	
0.907	0.194542349237	
0.908	0.192494756863	
0.909	0.190446224307	
0.91	0.188396750838	
0.911	0.186346335728	
0.912	0.184294978247	
0.913	0.182242677666	
0.914	0.180189433256	
0.915	0.178135244289	
0.916	0.176080110037	
0.917	0.17402402977	
0.918	0.171967002762	
0.919	0.169909028284	
0.92	0.16785010561	
0.921	0.165790234012	
0.922	0.163729412763	
0.923	0.161667641137	
0.924	0.159604918406	
0.925	0.157541243844	
0.926	0.155476616726	
0.927	0.153411036325	
0.928	0.151344501916	
0.929	0.149277012772	
0.93	0.147208568169	
0.931	0.145139167381	
0.932	0.143068809683	
0.933	0.14099749435	
0.934	0.138925220658	
0.935	0.136851987882	
0.936	0.134777795297	
0.937	0.132702642179	
0.938	0.130626527804	
0.939	0.128549451449	
0.94	0.126471412388	
0.941	0.1243924099	
0.942	0.122312443259	
0.943	0.120231511743	
0.944	0.118149614628	
0.945	0.116066751191	
0.946	0.11398292071	
0.947	0.11189812246	
0.948	0.10981235572	
0.949	0.107725619766	
0.95	0.105637913876	
0.951	0.103549237328	
0.952	0.101459589399	
0.953	0.0993689693658	
0.954	0.0972773765074	
0.955	0.0951848101012	
0.956	0.0930912694252	
0.957	0.0909967537574	
0.958	0.0889012623758	
0.959	0.0868047945587	
0.96	0.0847073495841	
0.961	0.0826089267304	
0.962	0.0805095252759	
0.963	0.0784091444991	
0.964	0.0763077836784	
0.965	0.0742054420922	
0.966	0.0721021190191	
0.967	0.0699978137378	
0.968	0.0678925255268	
0.969	0.0657862536649	
0.97	0.0636789974306	
0.971	0.0615707561027	
0.972	0.0594615289601	
0.973	0.0573513152814	
0.974	0.0552401143454	
0.975	0.053127925431	
0.976	0.0510147478169	
0.977	0.0489005807821	
0.978	0.0467854236053	
0.979	0.0446692755654	
0.98	0.0425521359411	
0.981	0.0404340040114	
0.982	0.038314879055	
0.983	0.0361947603508	
0.984	0.0340736471775	
0.985	0.031951538814	
0.986	0.0298284345389	
0.987	0.027704333631	
0.988	0.025579235369	
0.989	0.0234531390316	
0.99	0.0213260438974	
0.991	0.019197949245	
0.992	0.0170688543529	
0.993	0.0149387584998	
0.994	0.0128076609639	
0.995	0.0106755610238	
0.996	0.0085424579578	
0.997	0.00640835104421	
0.998	0.00427323956127	
0.999	0.00213712278716	
1.0	0.0	
