0.0	1.0	
0.001	0.996298833949	
0.002	0.994765760774	
0.003	0.993589392352	
0.004	0.992597667898	
0.005	0.991723941114	
0.006	0.990934031722	
0.007	0.990207635068	
0.008	0.989531521548	
0.009	0.988896501847	
0.01	0.98829588528	
0.011	0.987724620922	
0.012	0.987178784705	
0.013	0.986655256024	
0.014	0.986151504706	
0.015	0.985665445523	
0.016	0.985195335796	
0.017	0.984739701434	
0.018	0.984297282322	
0.019	0.98386699121	
0.02	0.983447882228	
0.021	0.983039126412	
0.022	0.982639992425	
0.023	0.98224983118	
0.024	0.981868063444	
0.025	0.981494169745	
0.026	0.981127682083	
0.027	0.980768177057	
0.028	0.980415270136	
0.029	0.980068610837	
0.03	0.979727878648	
0.031	0.97939277956	
0.032	0.979063043096	
0.033	0.978738419755	
0.034	0.978418678802	
0.035	0.978103606352	
0.036	0.977793003694	
0.037	0.977486685827	
0.038	0.977184480168	
0.039	0.97688622542	
0.04	0.976591770561	
0.041	0.976300973952	
0.042	0.976013702542	
0.043	0.975729831152	
0.044	0.975449241844	
0.045	0.975171823342	
0.046	0.97489747052	
0.047	0.974626083936	
0.048	0.97435756941	
0.049	0.974091837643	
0.05	0.97382880387	
0.051	0.973568387545	
0.052	0.973310512048	
0.053	0.97305510443	
0.054	0.972802095165	
0.055	0.972551417932	
0.056	0.972303009411	
0.057	0.972056809098	
0.058	0.971812759129	
0.059	0.971570804125	
0.06	0.971330891046	
0.061	0.97109296905	
0.062	0.970856989371	
0.063	0.970622905204	
0.064	0.970390671592	
0.065	0.970160245328	
0.066	0.96993158486	
0.067	0.969704650205	
0.068	0.969479402868	
0.069	0.96925580576	
0.07	0.969033823136	
0.071	0.968813420519	
0.072	0.968594564645	
0.073	0.968377223398	
0.074	0.968161365762	
0.075	0.967946961762	
0.076	0.967733982421	
0.077	0.967522399711	
0.078	0.967312186511	
0.079	0.967103316568	
0.08	0.966895764456	
0.081	0.966689505541	
0.082	0.966484515948	
0.083	0.966280772527	
0.084	0.966078252823	
0.085	0.965876935049	
0.086	0.965676798055	
0.087	0.965477821304	
0.088	0.965279984849	
0.089	0.965083269308	
0.09	0.964887655841	
0.091	0.96469312613	
0.092	0.964499662359	
0.093	0.964307247196	
0.094	0.964115863771	
0.095	0.963925495665	
0.096	0.963736126887	
0.097	0.963547741863	
0.098	0.963360325419	
0.099	0.963173862766	
0.1	0.96298833949	
0.101	0.962803741534	
0.102	0.96262005519	
0.103	0.962437267084	
0.104	0.962255364166	
0.105	0.962074333699	
0.106	0.961894163249	
0.107	0.961714840673	
0.108	0.961536354115	
0.109	0.961358691987	
0.11	0.961181842972	
0.111	0.961005796005	
0.112	0.960830540273	
0.113	0.960656065201	
0.114	0.96048236045	
0.115	0.960309415906	
0.116	0.960137221674	
0.117	0.959965768072	
0.118	0.959795045627	
0.119	0.959625045061	
0.12	0.959455757296	
0.121	0.959287173439	
0.122	0.959119284782	
0.123	0.958952082795	
0.124	0.958785559121	
0.125	0.95861970557	
0.126	0.958454514117	
0.127	0.958289976895	
0.128	0.958126086193	
0.129	0.957962834448	
0.13	0.957800214245	
0.131	0.95763821831	
0.132	0.95747683951	
0.133	0.957316070844	
0.134	0.957155905444	
0.135	0.956996336569	
0.136	0.956837357604	
0.137	0.956678962053	
0.138	0.956521143542	
0.139	0.956363895808	
0.14	0.956207212704	
0.141	0.95605108819	
0.142	0.955895516334	
0.143	0.955740491309	
0.144	0.955586007388	
0.145	0.955432058945	
0.146	0.95527864045	
0.147	0.955125746467	
0.148	0.954973371653	
0.149	0.954821510756	
0.15	0.954670158609	
0.151	0.954519310134	
0.152	0.954368960336	
0.153	0.954219104301	
0.154	0.954069737198	
0.155	0.95392085427	
0.156	0.95377245084	
0.157	0.953624522304	
0.158	0.953477064133	
0.159	0.953330071869	
0.16	0.953183541122	
0.161	0.953037467572	
0.162	0.952891846967	
0.163	0.952746675119	
0.164	0.952601947904	
0.165	0.952457661263	
0.166	0.952313811195	
0.167	0.952170393762	
0.168	0.952027405084	
0.169	0.951884841337	
0.17	0.951742698757	
0.171	0.951600973631	
0.172	0.951459662305	
0.173	0.951318761173	
0.174	0.951178266685	
0.175	0.951038175341	
0.176	0.950898483688	
0.177	0.950759188327	
0.178	0.950620285902	
0.179	0.950481773108	
0.18	0.950343646684	
0.181	0.950205903414	
0.182	0.950068540128	
0.183	0.949931553698	
0.184	0.94979494104	
0.185	0.94965869911	
0.186	0.949522824906	
0.187	0.949387315467	
0.188	0.949252167871	
0.189	0.949117379235	
0.19	0.948982946714	
0.191	0.948848867499	
0.192	0.94871513882	
0.193	0.948581757941	
0.194	0.948448722164	
0.195	0.948316028822	
0.196	0.948183675286	
0.197	0.948051658958	
0.198	0.947919977274	
0.199	0.947788627702	
0.2	0.947657607741	
0.201	0.947526914923	
0.202	0.947396546808	
0.203	0.94726650099	
0.204	0.947136775089	
0.205	0.947007366756	
0.206	0.946878273671	
0.207	0.946749493539	
0.208	0.946621024097	
0.209	0.946492863106	
0.21	0.946365008355	
0.211	0.94623745766	
0.212	0.946110208861	
0.213	0.945983259825	
0.214	0.945856608443	
0.215	0.945730252631	
0.216	0.945604190331	
0.217	0.945478419505	
0.218	0.945352938141	
0.219	0.945227744249	
0.22	0.945102835864	
0.221	0.944978211041	
0.222	0.944853867856	
0.223	0.94472980441	
0.224	0.944606018823	
0.225	0.944482509235	
0.226	0.94435927381	
0.227	0.944236310729	
0.228	0.944113618195	
0.229	0.94399119443	
0.23	0.943869037675	
0.231	0.943747146191	
0.232	0.943625518257	
0.233	0.943504152171	
0.234	0.943383046249	
0.235	0.943262198825	
0.236	0.943141608251	
0.237	0.943021272895	
0.238	0.942901191145	
0.239	0.942781361404	
0.24	0.942661782092	
0.241	0.942542451645	
0.242	0.942423368515	
0.243	0.942304531172	
0.244	0.9421859381	
0.245	0.942067587798	
0.246	0.941949478782	
0.247	0.941831609582	
0.248	0.941713978743	
0.249	0.941596584825	
0.25	0.941479426402	
0.251	0.941362502062	
0.252	0.941245810409	
0.253	0.941129350057	
0.254	0.941013119638	
0.255	0.940897117795	
0.256	0.940781343184	
0.257	0.940665794476	
0.258	0.940550470352	
0.259	0.940435369509	
0.26	0.940320490655	
0.261	0.940205832511	
0.262	0.940091393808	
0.263	0.939977173292	
0.264	0.93986316972	
0.265	0.93974938186	
0.266	0.939635808492	
0.267	0.939522448408	
0.268	0.939409300411	
0.269	0.939296363314	
0.27	0.939183635944	
0.271	0.939071117135	
0.272	0.938958805735	
0.273	0.938846700601	
0.274	0.9387348006	
0.275	0.93862310461	
0.276	0.93851161152	
0.277	0.938400320229	
0.278	0.938289229643	
0.279	0.938178338681	
0.28	0.938067646271	
0.281	0.937957151351	
0.282	0.937846852866	
0.283	0.937736749774	
0.284	0.937626841038	
0.285	0.937517125634	
0.286	0.937407602545	
0.287	0.937298270763	
0.288	0.937189129289	
0.289	0.937080177133	
0.29	0.936971413313	
0.291	0.936862836856	
0.292	0.936754446797	
0.293	0.936646242178	
0.294	0.936538222052	
0.295	0.936430385479	
0.296	0.936322731524	
0.297	0.936215259265	
0.298	0.936107967783	
0.299	0.93600085617	
0.3	0.935893923524	
0.301	0.935787168952	
0.302	0.935680591565	
0.303	0.935574190486	
0.304	0.935467964842	
0.305	0.935361913768	
0.306	0.935256036406	
0.307	0.935150331905	
0.308	0.935044799422	
0.309	0.934939438119	
0.31	0.934834247166	
0.311	0.934729225739	
0.312	0.934624373022	
0.313	0.934519688204	
0.314	0.934415170481	
0.315	0.934310819056	
0.316	0.934206633136	
0.317	0.934102611938	
0.318	0.933998754682	
0.319	0.933895060595	
0.32	0.933791528912	
0.321	0.933688158871	
0.322	0.933584949717	
0.323	0.933481900702	
0.324	0.933379011082	
0.325	0.933276280121	
0.326	0.933173707086	
0.327	0.933071291251	
0.328	0.932969031896	
0.329	0.932866928306	
0.33	0.932764979771	
0.331	0.932663185587	
0.332	0.932561545054	
0.333	0.93246005748	
0.334	0.932358722175	
0.335	0.932257538457	
0.336	0.932156505647	
0.337	0.932055623072	
0.338	0.931954890063	
0.339	0.931854305958	
0.34	0.931753870098	
0.341	0.93165358183	
0.342	0.931553440504	
0.343	0.931453445477	
0.344	0.931353596109	
0.345	0.931253891766	
0.346	0.931154331818	
0.347	0.931054915639	
0.348	0.930955642608	
0.349	0.930856512108	
0.35	0.930757523528	
0.351	0.93065867626	
0.352	0.930559969699	
0.353	0.930461403247	
0.354	0.930362976309	
0.355	0.930264688295	
0.356	0.930166538617	
0.357	0.930068526693	
0.358	0.929970651945	
0.359	0.929872913798	
0.36	0.929775311682	
0.361	0.929677845031	
0.362	0.929580513282	
0.363	0.929483315877	
0.364	0.92938625226	
0.365	0.929289321881	
0.366	0.929192524193	
0.367	0.929095858652	
0.368	0.928999324719	
0.369	0.928902921856	
0.37	0.928806649533	
0.371	0.92871050722	
0.372	0.928614494392	
0.373	0.928518610526	
0.374	0.928422855106	
0.375	0.928327227615	
0.376	0.928231727543	
0.377	0.928136354381	
0.378	0.928041107625	
0.379	0.927945986774	
0.38	0.92785099133	
0.381	0.927756120798	
0.382	0.927661374686	
0.383	0.927566752506	
0.384	0.927472253774	
0.385	0.927377878007	
0.386	0.927283624727	
0.387	0.927189493457	
0.388	0.927095483726	
0.389	0.927001595063	
0.39	0.926907827003	
0.391	0.926814179081	
0.392	0.926720650837	
0.393	0.926627241814	
0.394	0.926533951556	
0.395	0.926440779612	
0.396	0.926347725532	
0.397	0.926254788872	
0.398	0.926161969186	
0.399	0.926069266035	
0.4	0.92597667898	
0.401	0.925884207588	
0.402	0.925791851424	
0.403	0.92569961006	
0.404	0.925607483069	
0.405	0.925515470026	
0.406	0.925423570509	
0.407	0.9253317841	
0.408	0.925240110381	
0.409	0.925148548938	
0.41	0.925057099361	
0.411	0.92496576124	
0.412	0.924874534168	
0.413	0.924783417742	
0.414	0.92469241156	
0.415	0.924601515222	
0.416	0.924510728332	
0.417	0.924420050495	
0.418	0.92432948132	
0.419	0.924239020417	
0.42	0.924148667398	
0.421	0.924058421878	
0.422	0.923968283475	
0.423	0.923878251807	
0.424	0.923788326497	
0.425	0.923698507169	
0.426	0.923608793449	
0.427	0.923519184965	
0.428	0.923429681347	
0.429	0.923340282229	
0.43	0.923250987245	
0.431	0.923161796032	
0.432	0.923072708229	
0.433	0.922983723478	
0.434	0.922894841421	
0.435	0.922806061704	
0.436	0.922717383975	
0.437	0.922628807881	
0.438	0.922540333076	
0.439	0.922451959211	
0.44	0.922363685944	
0.441	0.922275512929	
0.442	0.922187439828	
0.443	0.9220994663	
0.444	0.92201159201	
0.445	0.921923816621	
0.446	0.921836139802	
0.447	0.921748561219	
0.448	0.921661080545	
0.449	0.921573697451	
0.45	0.921486411611	
0.451	0.921399222702	
0.452	0.921312130402	
0.453	0.921225134389	
0.454	0.921138234345	
0.455	0.921051429954	
0.456	0.9209647209	
0.457	0.920878106869	
0.458	0.920791587551	
0.459	0.920705162634	
0.46	0.920618831811	
0.461	0.920532594775	
0.462	0.920446451221	
0.463	0.920360400846	
0.464	0.920274443347	
0.465	0.920188578426	
0.466	0.920102805782	
0.467	0.920017125121	
0.468	0.919931536145	
0.469	0.919846038562	
0.47	0.919760632079	
0.471	0.919675316406	
0.472	0.919590091253	
0.473	0.919504956334	
0.474	0.919419911362	
0.475	0.919334956052	
0.476	0.919250090123	
0.477	0.919165313291	
0.478	0.919080625278	
0.479	0.918996025804	
0.48	0.918911514592	
0.481	0.918827091367	
0.482	0.918742755855	
0.483	0.918658507783	
0.484	0.918574346878	
0.485	0.918490272872	
0.486	0.918406285496	
0.487	0.918322384482	
0.488	0.918238569565	
0.489	0.918154840479	
0.49	0.918071196963	
0.491	0.917987638753	
0.492	0.91790416559	
0.493	0.917820777215	
0.494	0.917737473369	
0.495	0.917654253797	
0.496	0.917571118242	
0.497	0.91748806645	
0.498	0.917405098171	
0.499	0.91732221315	
0.5	0.91723941114	
0.501	0.91715669189	
0.502	0.917074055153	
0.503	0.916991500683	
0.504	0.916909028234	
0.505	0.916826637562	
0.506	0.916744328426	
0.507	0.916662100582	
0.508	0.916579953791	
0.509	0.916497887813	
0.51	0.91641590241	
0.511	0.916333997347	
0.512	0.916252172386	
0.513	0.916170427293	
0.514	0.916088761835	
0.515	0.916007175779	
0.516	0.915925668895	
0.517	0.915844240953	
0.518	0.915762891722	
0.519	0.915681620977	
0.52	0.915600428489	
0.521	0.915519314034	
0.522	0.915438277386	
0.523	0.915357318322	
0.524	0.91527643662	
0.525	0.915195632059	
0.526	0.915114904417	
0.527	0.915034253477	
0.528	0.914953679019	
0.529	0.914873180827	
0.53	0.914792758684	
0.531	0.914712412376	
0.532	0.914632141687	
0.533	0.914551946406	
0.534	0.914471826319	
0.535	0.914391781216	
0.536	0.914311810887	
0.537	0.914231915122	
0.538	0.914152093714	
0.539	0.914072346454	
0.54	0.913992673138	
0.541	0.913913073559	
0.542	0.913833547513	
0.543	0.913754094796	
0.544	0.913674715207	
0.545	0.913595408544	
0.546	0.913516174606	
0.547	0.913437013193	
0.548	0.913357924107	
0.549	0.913278907149	
0.55	0.913199962124	
0.551	0.913121088833	
0.552	0.913042287084	
0.553	0.91296355668	
0.554	0.912884897429	
0.555	0.912806309139	
0.556	0.912727791616	
0.557	0.912649344672	
0.558	0.912570968114	
0.559	0.912492661756	
0.56	0.912414425407	
0.561	0.912336258882	
0.562	0.912258161992	
0.563	0.912180134553	
0.564	0.912102176379	
0.565	0.912024287287	
0.566	0.911946467092	
0.567	0.911868715613	
0.568	0.911791032668	
0.569	0.911713418075	
0.57	0.911635871656	
0.571	0.911558393229	
0.572	0.911480982618	
0.573	0.911403639643	
0.574	0.911326364129	
0.575	0.911249155898	
0.576	0.911172014776	
0.577	0.911094940588	
0.578	0.91101793316	
0.579	0.910940992318	
0.58	0.91086411789	
0.581	0.910787309705	
0.582	0.910710567592	
0.583	0.91063389138	
0.584	0.9105572809	
0.585	0.910480735983	
0.586	0.910404256461	
0.587	0.910327842167	
0.588	0.910251492934	
0.589	0.910175208596	
0.59	0.910098988989	
0.591	0.910022833947	
0.592	0.909946743307	
0.593	0.909870716905	
0.594	0.90979475458	
0.595	0.909718856169	
0.596	0.909643021511	
0.597	0.909567250447	
0.598	0.909491542816	
0.599	0.909415898459	
0.6	0.909340317218	
0.601	0.909264798935	
0.602	0.909189343453	
0.603	0.909113950616	
0.604	0.909038620268	
0.605	0.908963352254	
0.606	0.908888146419	
0.607	0.908813002609	
0.608	0.908737920672	
0.609	0.908662900454	
0.61	0.908587941804	
0.611	0.908513044571	
0.612	0.908438208603	
0.613	0.908363433751	
0.614	0.908288719864	
0.615	0.908214066795	
0.616	0.908139474395	
0.617	0.908064942516	
0.618	0.907990471012	
0.619	0.907916059735	
0.62	0.907841708539	
0.621	0.907767417281	
0.622	0.907693185814	
0.623	0.907619013995	
0.624	0.907544901679	
0.625	0.907470848725	
0.626	0.90739685499	
0.627	0.907322920331	
0.628	0.907249044609	
0.629	0.907175227681	
0.63	0.907101469407	
0.631	0.907027769649	
0.632	0.906954128267	
0.633	0.906880545122	
0.634	0.906807020077	
0.635	0.906733552995	
0.636	0.906660143737	
0.637	0.906586792169	
0.638	0.906513498154	
0.639	0.906440261557	
0.64	0.906367082243	
0.641	0.906293960078	
0.642	0.906220894929	
0.643	0.906147886662	
0.644	0.906074935144	
0.645	0.906002040244	
0.646	0.905929201829	
0.647	0.905856419769	
0.648	0.905783693934	
0.649	0.905711024192	
0.65	0.905638410415	
0.651	0.905565852473	
0.652	0.905493350238	
0.653	0.905420903581	
0.654	0.905348512375	
0.655	0.905276176493	
0.656	0.905203895809	
0.657	0.905131670195	
0.658	0.905059499527	
0.659	0.904987383678	
0.66	0.904915322526	
0.661	0.904843315944	
0.662	0.90477136381	
0.663	0.904699465999	
0.664	0.90462762239	
0.665	0.90455583286	
0.666	0.904484097286	
0.667	0.904412415548	
0.668	0.904340787524	
0.669	0.904269213094	
0.67	0.904197692138	
0.671	0.904126224535	
0.672	0.904054810167	
0.673	0.903983448915	
0.674	0.903912140661	
0.675	0.903840885287	
0.676	0.903769682674	
0.677	0.903698532707	
0.678	0.903627435269	
0.679	0.903556390243	
0.68	0.903485397513	
0.681	0.903414456965	
0.682	0.903343568484	
0.683	0.903272731954	
0.684	0.903201947263	
0.685	0.903131214296	
0.686	0.90306053294	
0.687	0.902989903082	
0.688	0.90291932461	
0.689	0.902848797412	
0.69	0.902778321376	
0.691	0.902707896391	
0.692	0.902637522347	
0.693	0.902567199132	
0.694	0.902496926638	
0.695	0.902426704754	
0.696	0.902356533371	
0.697	0.90228641238	
0.698	0.902216341674	
0.699	0.902146321143	
0.7	0.902076350681	
0.701	0.90200643018	
0.702	0.901936559533	
0.703	0.901866738634	
0.704	0.901796967377	
0.705	0.901727245655	
0.706	0.901657573364	
0.707	0.901587950398	
0.708	0.901518376653	
0.709	0.901448852025	
0.71	0.90137937641	
0.711	0.901309949704	
0.712	0.901240571804	
0.713	0.901171242608	
0.714	0.901101962012	
0.715	0.901032729916	
0.716	0.900963546216	
0.717	0.900894410812	
0.718	0.900825323603	
0.719	0.900756284489	
0.72	0.900687293368	
0.721	0.900618350141	
0.722	0.900549454708	
0.723	0.90048060697	
0.724	0.900411806828	
0.725	0.900343054184	
0.726	0.900274348939	
0.727	0.900205690996	
0.728	0.900137080256	
0.729	0.900068516623	
0.73	0.9	
0.731	0.89993153029	
0.732	0.899863107397	
0.733	0.899794731224	
0.734	0.899726401677	
0.735	0.899658118661	
0.736	0.899589882079	
0.737	0.899521691839	
0.738	0.899453547844	
0.739	0.899385450002	
0.74	0.899317398219	
0.741	0.899249392401	
0.742	0.899181432456	
0.743	0.89911351829	
0.744	0.899045649812	
0.745	0.898977826929	
0.746	0.898910049549	
0.747	0.898842317581	
0.748	0.898774630934	
0.749	0.898706989518	
0.75	0.89863939324	
0.751	0.898571842012	
0.752	0.898504335743	
0.753	0.898436874343	
0.754	0.898369457724	
0.755	0.898302085796	
0.756	0.89823475847	
0.757	0.898167475659	
0.758	0.898100237273	
0.759	0.898033043225	
0.76	0.897965893427	
0.761	0.897898787792	
0.762	0.897831726234	
0.763	0.897764708664	
0.764	0.897697734997	
0.765	0.897630805147	
0.766	0.897563919028	
0.767	0.897497076554	
0.768	0.897430277639	
0.769	0.897363522199	
0.77	0.897296810149	
0.771	0.897230141405	
0.772	0.897163515882	
0.773	0.897096933496	
0.774	0.897030394164	
0.775	0.896963897802	
0.776	0.896897444327	
0.777	0.896831033656	
0.778	0.896764665707	
0.779	0.896698340397	
0.78	0.896632057644	
0.781	0.896565817367	
0.782	0.896499619483	
0.783	0.896433463912	
0.784	0.896367350572	
0.785	0.896301279383	
0.786	0.896235250264	
0.787	0.896169263136	
0.788	0.896103317917	
0.789	0.896037414528	
0.79	0.89597155289	
0.791	0.895905732923	
0.792	0.895839954548	
0.793	0.895774217688	
0.794	0.895708522262	
0.795	0.895642868193	
0.796	0.895577255404	
0.797	0.895511683815	
0.798	0.89544615335	
0.799	0.895380663931	
0.8	0.895315215482	
0.801	0.895249807925	
0.802	0.895184441184	
0.803	0.895119115183	
0.804	0.895053829845	
0.805	0.894988585095	
0.806	0.894923380858	
0.807	0.894858217056	
0.808	0.894793093617	
0.809	0.894728010464	
0.81	0.894662967523	
0.811	0.89459796472	
0.812	0.894533001981	
0.813	0.89446807923	
0.814	0.894403196395	
0.815	0.894338353403	
0.816	0.894273550179	
0.817	0.894208786651	
0.818	0.894144062745	
0.819	0.89407937839	
0.82	0.894014733513	
0.821	0.893950128041	
0.822	0.893885561903	
0.823	0.893821035027	
0.824	0.893756547341	
0.825	0.893692098774	
0.826	0.893627689255	
0.827	0.893563318713	
0.828	0.893498987078	
0.829	0.893434694278	
0.83	0.893370440244	
0.831	0.893306224906	
0.832	0.893242048193	
0.833	0.893177910037	
0.834	0.893113810367	
0.835	0.893049749115	
0.836	0.892985726211	
0.837	0.892921741587	
0.838	0.892857795175	
0.839	0.892793886905	
0.84	0.89273001671	
0.841	0.892666184521	
0.842	0.892602390272	
0.843	0.892538633893	
0.844	0.892474915319	
0.845	0.892411234482	
0.846	0.892347591314	
0.847	0.892283985749	
0.848	0.892220417721	
0.849	0.892156887163	
0.85	0.892093394009	
0.851	0.892029938193	
0.852	0.891966519649	
0.853	0.891903138312	
0.854	0.891839794115	
0.855	0.891776486995	
0.856	0.891713216886	
0.857	0.891649983722	
0.858	0.89158678744	
0.859	0.891523627975	
0.86	0.891460505263	
0.861	0.891397419239	
0.862	0.89133436984	
0.863	0.891271357002	
0.864	0.891208380661	
0.865	0.891145440755	
0.866	0.891082537219	
0.867	0.891019669991	
0.868	0.890956839009	
0.869	0.890894044209	
0.87	0.890831285529	
0.871	0.890768562907	
0.872	0.890705876281	
0.873	0.890643225589	
0.874	0.890580610769	
0.875	0.890518031759	
0.876	0.890455488499	
0.877	0.890392980927	
0.878	0.890330508981	
0.879	0.890268072602	
0.88	0.890205671729	
0.881	0.8901433063	
0.882	0.890080976256	
0.883	0.890018681537	
0.884	0.889956422082	
0.885	0.889894197831	
0.886	0.889832008726	
0.887	0.889769854706	
0.888	0.889707735713	
0.889	0.889645651686	
0.89	0.889583602568	
0.891	0.889521588299	
0.892	0.88945960882	
0.893	0.889397664074	
0.894	0.889335754001	
0.895	0.889273878544	
0.896	0.889212037645	
0.897	0.889150231246	
0.898	0.889088459288	
0.899	0.889026721716	
0.9	0.88896501847	
0.901	0.888903349495	
0.902	0.888841714733	
0.903	0.888780114127	
0.904	0.88871854762	
0.905	0.888657015156	
0.906	0.888595516679	
0.907	0.888534052131	
0.908	0.888472621458	
0.909	0.888411224603	
0.91	0.888349861511	
0.911	0.888288532125	
0.912	0.88822723639	
0.913	0.888165974252	
0.914	0.888104745654	
0.915	0.888043550542	
0.916	0.88798238886	
0.917	0.887921260555	
0.918	0.887860165571	
0.919	0.887799103854	
0.92	0.88773807535	
0.921	0.887677080005	
0.922	0.887616117765	
0.923	0.887555188575	
0.924	0.887494292382	
0.925	0.887433429133	
0.926	0.887372598774	
0.927	0.887311801252	
0.928	0.887251036514	
0.929	0.887190304507	
0.93	0.887129605177	
0.931	0.887068938473	
0.932	0.887008304342	
0.933	0.886947702731	
0.934	0.886887133588	
0.935	0.886826596861	
0.936	0.886766092498	
0.937	0.886705620447	
0.938	0.886645180656	
0.939	0.886584773074	
0.94	0.88652439765	
0.941	0.886464054331	
0.942	0.886403743068	
0.943	0.886343463808	
0.944	0.886283216501	
0.945	0.886223001097	
0.946	0.886162817544	
0.947	0.886102665792	
0.948	0.886042545791	
0.949	0.88598245749	
0.95	0.88592240084	
0.951	0.88586237579	
0.952	0.885802382291	
0.953	0.885742420293	
0.954	0.885682489746	
0.955	0.885622590601	
0.956	0.885562722809	
0.957	0.88550288632	
0.958	0.885443081085	
0.959	0.885383307056	
0.96	0.885323564184	
0.961	0.885263852419	
0.962	0.885204171714	
0.963	0.88514452202	
0.964	0.885084903289	
0.965	0.885025315473	
0.966	0.884965758522	
0.967	0.884906232391	
0.968	0.88484673703	
0.969	0.884787272393	
0.97	0.884727838431	
0.971	0.884668435097	
0.972	0.884609062344	
0.973	0.884549720125	
0.974	0.884490408392	
0.975	0.884431127099	
0.976	0.884371876199	
0.977	0.884312655645	
0.978	0.884253465391	
0.979	0.88419430539	
0.98	0.884135175596	
0.981	0.884076075962	
0.982	0.884017006443	
0.983	0.883957966992	
0.984	0.883898957564	
0.985	0.883839978112	
0.986	0.883781028592	
0.987	0.883722108958	
0.988	0.883663219164	
0.989	0.883604359165	
0.99	0.883545528915	
0.991	0.883486728371	
0.992	0.883427957486	
0.993	0.883369216216	
0.994	0.883310504517	
0.995	0.883251822343	
0.996	0.88319316965	
0.997	0.883134546394	
0.998	0.88307595253	
0.999	0.883017388015	
1.0	0.882958852804	
