0.0	1.0	
0.001	0.998535191625	
0.002	0.997180456764	
0.003	0.995864349381	
0.004	0.994572687641	
0.005	0.993298876296	
0.006	0.992039083729	
0.007	0.990790803097	
0.008	0.989552265904	
0.009	0.988322157314	
0.01	0.98709946111	
0.011	0.985883368019	
0.012	0.984673218036	
0.013	0.983468462328	
0.014	0.982268637062	
0.015	0.981073344839	
0.016	0.979882241156	
0.017	0.978695024306	
0.018	0.977511427689	
0.019	0.976331213858	
0.02	0.975154169839	
0.021	0.973980103396	
0.022	0.97280884002	
0.023	0.971640220473	
0.024	0.970474098764	
0.025	0.969310340469	
0.026	0.968148821319	
0.027	0.966989426014	
0.028	0.965832047212	
0.029	0.964676584662	
0.03	0.963522944461	
0.031	0.962371038415	
0.032	0.961220783472	
0.033	0.960072101242	
0.034	0.958924917561	
0.035	0.957779162119	
0.036	0.956634768123	
0.037	0.955491672005	
0.038	0.95434981315	
0.039	0.953209133671	
0.04	0.952069578188	
0.041	0.950931093644	
0.042	0.949793629133	
0.043	0.948657135743	
0.044	0.947521566419	
0.045	0.946386875832	
0.046	0.94525302027	
0.047	0.944119957522	
0.048	0.942987646793	
0.049	0.941856048606	
0.05	0.940725124727	
0.051	0.939594838089	
0.052	0.938465152721	
0.053	0.937336033689	
0.054	0.936207447032	
0.055	0.935079359715	
0.056	0.933951739572	
0.057	0.932824555265	
0.058	0.931697776236	
0.059	0.93057137267	
0.06	0.929445315459	
0.061	0.928319576162	
0.062	0.927194126977	
0.063	0.926068940709	
0.064	0.92494399074	
0.065	0.923819251005	
0.066	0.922694695965	
0.067	0.921570300585	
0.068	0.920446040311	
0.069	0.919321891049	
0.07	0.918197829144	
0.071	0.917073831367	
0.072	0.915949874891	
0.073	0.914825937279	
0.074	0.913701996465	
0.075	0.912578030746	
0.076	0.911454018757	
0.077	0.910329939471	
0.078	0.909205772175	
0.079	0.908081496467	
0.08	0.906957092237	
0.081	0.905832539665	
0.082	0.904707819202	
0.083	0.903582911568	
0.084	0.902457797737	
0.085	0.901332458935	
0.086	0.900206876622	
0.087	0.899081032495	
0.088	0.897954908471	
0.089	0.896828486688	
0.09	0.895701749492	
0.091	0.894574679434	
0.092	0.89344725926	
0.093	0.89231947191	
0.094	0.89119130051	
0.095	0.890062728364	
0.096	0.888933738954	
0.097	0.88780431593	
0.098	0.886674443109	
0.099	0.885544104467	
0.1	0.884413284138	
0.101	0.883281966407	
0.102	0.882150135707	
0.103	0.881017776617	
0.104	0.879884873854	
0.105	0.878751412274	
0.106	0.877617376864	
0.107	0.876482752742	
0.108	0.875347525154	
0.109	0.874211679469	
0.11	0.873075201177	
0.111	0.871938075885	
0.112	0.870800289316	
0.113	0.869661827306	
0.114	0.8685226758	
0.115	0.867382820851	
0.116	0.866242248617	
0.117	0.86510094536	
0.118	0.863958897442	
0.119	0.862816091322	
0.12	0.861672513558	
0.121	0.860528150801	
0.122	0.859382989796	
0.123	0.858237017376	
0.124	0.857090220466	
0.125	0.855942586077	
0.126	0.854794101304	
0.127	0.85364475333	
0.128	0.852494529416	
0.129	0.851343416906	
0.13	0.850191403222	
0.131	0.849038475867	
0.132	0.847884622418	
0.133	0.846729830526	
0.134	0.84557408792	
0.135	0.844417382398	
0.136	0.843259701831	
0.137	0.842101034161	
0.138	0.840941367398	
0.139	0.83978068962	
0.14	0.838618988973	
0.141	0.837456253668	
0.142	0.836292471982	
0.143	0.835127632255	
0.144	0.833961722891	
0.145	0.832794732354	
0.146	0.831626649171	
0.147	0.83045746193	
0.148	0.829287159277	
0.149	0.828115729917	
0.15	0.826943162613	
0.151	0.825769446185	
0.152	0.82459456951	
0.153	0.823418521519	
0.154	0.8222412912	
0.155	0.821062867593	
0.156	0.819883239795	
0.157	0.818702396951	
0.158	0.817520328262	
0.159	0.816337022979	
0.16	0.815152470406	
0.161	0.813966659894	
0.162	0.812779580847	
0.163	0.811591222717	
0.164	0.810401575005	
0.165	0.80921062726	
0.166	0.808018369078	
0.167	0.806824790105	
0.168	0.805629880032	
0.169	0.804433628594	
0.17	0.803236025576	
0.171	0.802037060807	
0.172	0.800836724158	
0.173	0.799635005549	
0.174	0.798431894942	
0.175	0.797227382342	
0.176	0.796021457799	
0.177	0.794814111405	
0.178	0.793605333293	
0.179	0.792395113642	
0.18	0.791183442669	
0.181	0.789970310636	
0.182	0.788755707842	
0.183	0.787539624632	
0.184	0.786322051386	
0.185	0.785102978529	
0.186	0.783882396523	
0.187	0.78266029587	
0.188	0.781436667112	
0.189	0.780211500831	
0.19	0.778984787645	
0.191	0.777756518213	
0.192	0.776526683231	
0.193	0.775295273433	
0.194	0.774062279591	
0.195	0.772827692515	
0.196	0.771591503052	
0.197	0.770353702085	
0.198	0.769114280535	
0.199	0.767873229359	
0.2	0.766630539551	
0.201	0.765386202139	
0.202	0.764140208191	
0.203	0.762892548806	
0.204	0.761643215123	
0.205	0.760392198313	
0.206	0.759139489583	
0.207	0.757885080177	
0.208	0.756628961372	
0.209	0.755371124479	
0.21	0.754111560845	
0.211	0.752850261851	
0.212	0.751587218911	
0.213	0.750322423475	
0.214	0.749055867025	
0.215	0.747787541077	
0.216	0.746517437183	
0.217	0.745245546925	
0.218	0.74397186192	
0.219	0.742696373819	
0.22	0.741419074303	
0.221	0.740139955089	
0.222	0.738859007925	
0.223	0.737576224593	
0.224	0.736291596907	
0.225	0.735005116712	
0.226	0.733716775887	
0.227	0.732426566343	
0.228	0.731134480023	
0.229	0.729840508901	
0.23	0.728544644984	
0.231	0.72724688031	
0.232	0.72594720695	
0.233	0.724645617005	
0.234	0.723342102609	
0.235	0.722036655925	
0.236	0.72072926915	
0.237	0.719419934511	
0.238	0.718108644266	
0.239	0.716795390705	
0.24	0.715480166148	
0.241	0.714162962946	
0.242	0.712843773481	
0.243	0.711522590167	
0.244	0.710199405446	
0.245	0.708874211793	
0.246	0.707547001713	
0.247	0.706217767741	
0.248	0.704886502442	
0.249	0.703553198413	
0.25	0.70221784828	
0.251	0.7008804447	
0.252	0.699540980359	
0.253	0.698199447974	
0.254	0.696855840293	
0.255	0.695510150092	
0.256	0.694162370178	
0.257	0.692812493389	
0.258	0.691460512591	
0.259	0.690106420681	
0.26	0.688750210585	
0.261	0.68739187526	
0.262	0.686031407691	
0.263	0.684668800894	
0.264	0.683304047915	
0.265	0.681937141828	
0.266	0.680568075737	
0.267	0.679196842776	
0.268	0.677823436109	
0.269	0.676447848929	
0.27	0.675070074457	
0.271	0.673690105945	
0.272	0.672307936674	
0.273	0.670923559954	
0.274	0.669536969125	
0.275	0.668148157555	
0.276	0.666757118643	
0.277	0.665363845815	
0.278	0.663968332528	
0.279	0.662570572268	
0.28	0.661170558549	
0.281	0.659768284915	
0.282	0.658363744938	
0.283	0.656956932221	
0.284	0.655547840395	
0.285	0.654136463119	
0.286	0.652722794083	
0.287	0.651306827004	
0.288	0.64988855563	
0.289	0.648467973737	
0.29	0.647045075129	
0.291	0.64561985364	
0.292	0.644192303134	
0.293	0.6427624175	
0.294	0.641330190661	
0.295	0.639895616566	
0.296	0.638458689192	
0.297	0.637019402547	
0.298	0.635577750667	
0.299	0.634133727617	
0.3	0.632687327491	
0.301	0.63123854441	
0.302	0.629787372526	
0.303	0.62833380602	
0.304	0.6268778391	
0.305	0.625419466005	
0.306	0.623958680999	
0.307	0.622495478379	
0.308	0.62102985247	
0.309	0.619561797622	
0.31	0.61809130822	
0.311	0.616618378672	
0.312	0.615143003418	
0.313	0.613665176926	
0.314	0.612184893692	
0.315	0.610702148243	
0.316	0.609216935132	
0.317	0.607729248942	
0.318	0.606239084286	
0.319	0.604746435804	
0.32	0.603251298164	
0.321	0.601753666066	
0.322	0.600253534237	
0.323	0.598750897431	
0.324	0.597245750433	
0.325	0.595738088057	
0.326	0.594227905145	
0.327	0.592715196566	
0.328	0.591199957222	
0.329	0.589682182041	
0.33	0.588161865979	
0.331	0.586639004022	
0.332	0.585113591186	
0.333	0.583585622514	
0.334	0.582055093079	
0.335	0.580521997982	
0.336	0.578986332353	
0.337	0.577448091352	
0.338	0.575907270165	
0.339	0.57436386401	
0.34	0.572817868132	
0.341	0.571269277807	
0.342	0.569718088336	
0.343	0.568164295053	
0.344	0.566607893319	
0.345	0.565048878524	
0.346	0.563487246086	
0.347	0.561922991454	
0.348	0.560356110104	
0.349	0.558786597544	
0.35	0.557214449306	
0.351	0.555639660955	
0.352	0.554062228084	
0.353	0.552482146315	
0.354	0.550899411297	
0.355	0.549314018712	
0.356	0.547725964268	
0.357	0.546135243702	
0.358	0.544541852781	
0.359	0.542945787302	
0.36	0.54134704309	
0.361	0.539745615998	
0.362	0.53814150191	
0.363	0.536534696737	
0.364	0.534925196423	
0.365	0.533312996936	
0.366	0.531698094277	
0.367	0.530080484475	
0.368	0.528460163587	
0.369	0.526837127702	
0.37	0.525211372934	
0.371	0.523582895431	
0.372	0.521951691366	
0.373	0.520317756945	
0.374	0.5186810884	
0.375	0.517041681994	
0.376	0.515399534019	
0.377	0.513754640796	
0.378	0.512106998676	
0.379	0.510456604038	
0.38	0.508803453292	
0.381	0.507147542877	
0.382	0.50548886926	
0.383	0.503827428938	
0.384	0.502163218439	
0.385	0.500496234318	
0.386	0.498826473161	
0.387	0.497153931583	
0.388	0.495478606229	
0.389	0.493800493772	
0.39	0.492119590915	
0.391	0.490435894393	
0.392	0.488749400966	
0.393	0.487060107428	
0.394	0.485368010599	
0.395	0.483673107332	
0.396	0.481975394505	
0.397	0.48027486903	
0.398	0.478571527847	
0.399	0.476865367925	
0.4	0.475156386263	
0.401	0.47344457989	
0.402	0.471729945865	
0.403	0.470012481275	
0.404	0.468292183239	
0.405	0.466569048904	
0.406	0.464843075448	
0.407	0.463114260077	
0.408	0.461382600028	
0.409	0.459648092569	
0.41	0.457910734995	
0.411	0.456170524633	
0.412	0.454427458838	
0.413	0.452681534998	
0.414	0.450932750527	
0.415	0.449181102871	
0.416	0.447426589506	
0.417	0.445669207938	
0.418	0.443908955701	
0.419	0.442145830361	
0.42	0.440379829513	
0.421	0.438610950784	
0.422	0.436839191827	
0.423	0.435064550328	
0.424	0.433287024003	
0.425	0.431506610597	
0.426	0.429723307885	
0.427	0.427937113673	
0.428	0.426148025796	
0.429	0.42435604212	
0.43	0.422561160541	
0.431	0.420763378984	
0.432	0.418962695406	
0.433	0.417159107793	
0.434	0.415352614161	
0.435	0.413543212557	
0.436	0.411730901058	
0.437	0.40991567777	
0.438	0.408097540831	
0.439	0.406276488409	
0.44	0.404452518701	
0.441	0.402625629935	
0.442	0.40079582037	
0.443	0.398963088294	
0.444	0.397127432027	
0.445	0.395288849917	
0.446	0.393447340345	
0.447	0.391602901721	
0.448	0.389755532485	
0.449	0.387905231108	
0.45	0.386051996092	
0.451	0.384195825968	
0.452	0.382336719298	
0.453	0.380474674676	
0.454	0.378609690724	
0.455	0.376741766096	
0.456	0.374870899477	
0.457	0.37299708958	
0.458	0.371120335152	
0.459	0.369240634968	
0.46	0.367357987835	
0.461	0.365472392589	
0.462	0.363583848098	
0.463	0.361692353261	
0.464	0.359797907006	
0.465	0.357900508292	
0.466	0.356000156111	
0.467	0.354096849482	
0.468	0.352190587456	
0.469	0.350281369118	
0.47	0.348369193578	
0.471	0.346454059981	
0.472	0.344535967501	
0.473	0.342614915343	
0.474	0.340690902743	
0.475	0.338763928968	
0.476	0.336833993314	
0.477	0.334901095112	
0.478	0.332965233718	
0.479	0.331026408524	
0.48	0.32908461895	
0.481	0.327139864448	
0.482	0.325192144499	
0.483	0.323241458618	
0.484	0.321287806349	
0.485	0.319331187266	
0.486	0.317371600977	
0.487	0.315409047117	
0.488	0.313443525355	
0.489	0.311475035389	
0.49	0.309503576951	
0.491	0.307529149799	
0.492	0.305551753727	
0.493	0.303571388557	
0.494	0.301588054143	
0.495	0.29960175037	
0.496	0.297612477153	
0.497	0.295620234441	
0.498	0.29362502221	
0.499	0.29162684047	
0.5	0.289625689261	
0.501	0.287621568655	
0.502	0.285614478753	
0.503	0.28360441969	
0.504	0.28159139163	
0.505	0.279575394768	
0.506	0.277556429332	
0.507	0.275534495581	
0.508	0.273509593802	
0.509	0.271481724316	
0.51	0.269450887476	
0.511	0.267417083664	
0.512	0.265380313294	
0.513	0.263340576812	
0.514	0.261297874693	
0.515	0.259252207446	
0.516	0.257203575609	
0.517	0.255151979753	
0.518	0.25309742048	
0.519	0.251039898421	
0.52	0.248979414242	
0.521	0.246915968638	
0.522	0.244849562335	
0.523	0.242780196091	
0.524	0.240707870696	
0.525	0.23863258697	
0.526	0.236554345765	
0.527	0.234473147965	
0.528	0.232388994484	
0.529	0.230301886269	
0.53	0.228211824296	
0.531	0.226118809575	
0.532	0.224022843146	
0.533	0.22192392608	
0.534	0.21982205948	
0.535	0.217717244481	
0.536	0.215609482248	
0.537	0.213498773979	
0.538	0.211385120903	
0.539	0.209268524279	
0.54	0.207148985399	
0.541	0.205026505586	
0.542	0.202901086195	
0.543	0.200772728611	
0.544	0.198641434252	
0.545	0.196507204567	
0.546	0.194370041035	
0.547	0.19222994517	
0.548	0.190086918514	
0.549	0.187940962641	
0.55	0.185792079159	
0.551	0.183640269705	
0.552	0.181485535949	
0.553	0.179327879591	
0.554	0.177167302364	
0.555	0.175003806031	
0.556	0.172837392389	
0.557	0.170668063264	
0.558	0.168495820515	
0.559	0.166320666032	
0.56	0.164142601736	
0.561	0.161961629581	
0.562	0.159777751552	
0.563	0.157590969664	
0.564	0.155401285966	
0.565	0.153208702537	
0.566	0.151013221489	
0.567	0.148814844964	
0.568	0.146613575136	
0.569	0.144409414211	
0.57	0.142202364426	
0.571	0.139992428051	
0.572	0.137779607385	
0.573	0.135563904762	
0.574	0.133345322545	
0.575	0.131123863129	
0.576	0.128899528941	
0.577	0.12667232244	
0.578	0.124442246116	
0.579	0.122209302491	
0.58	0.119973494119	
0.581	0.117734823583	
0.582	0.115493293502	
0.583	0.113248906523	
0.584	0.111001665326	
0.585	0.108751572623	
0.586	0.106498631156	
0.587	0.104242843701	
0.588	0.101984213064	
0.589	0.0997227420819	
0.59	0.0974584336256	
0.591	0.0951912905958	
0.592	0.0929213159255	
0.593	0.090648512579	
0.594	0.0883728835523	
0.595	0.0860944318733	
0.596	0.0838131606011	
0.597	0.0815290728267	
0.598	0.0792421716727	
0.599	0.0769524602931	
0.6	0.0746599418738	
0.601	0.0723646196321	
0.602	0.070066496817	
0.603	0.0677655767091	
0.604	0.0654618626207	
0.605	0.0631553578955	
0.606	0.0608460659089	
0.607	0.0585339900681	
0.608	0.0562191338115	
0.609	0.0539015006094	
0.61	0.0515810939636	
0.611	0.0492579174076	
0.612	0.0469319745063	
0.613	0.0446032688563	
0.614	0.0422718040857	
0.615	0.0399375838543	
0.616	0.0376006118534	
0.617	0.035260891806	
0.618	0.0329184274664	
0.619	0.0305732226206	
0.62	0.0282252810863	
0.621	0.0258746067127	
0.622	0.0235212033803	
0.623	0.0211650750014	
0.624	0.0188062255198	
0.625	0.0164446589109	
0.626	0.0140803791814	
0.627	0.0117133903698	
0.628	0.00934369654601	
0.629	0.00697130181136	
0.63	0.00459621029883	
0.631	0.00221842617284	
0.632	-0.000162046370644	
0.633	-0.00254520310421	
0.634	-0.00493103976892	
0.635	-0.00731955207438	
0.636	-0.00971073569871	
0.637	-0.0121045862886	
0.638	-0.0145010994591	
0.639	-0.0169002707941	
0.64	-0.0193020958459	
0.641	-0.0217065701352	
0.642	-0.0241136891515	
0.643	-0.0265234483528	
0.644	-0.0289358431656	
0.645	-0.0313508689851	
0.646	-0.033768521175	
0.647	-0.0361887950678	
0.648	-0.0386116859643	
0.649	-0.0410371891341	
0.65	-0.0434652998156	
0.651	-0.0458960132155	
0.652	-0.0483293245094	
0.653	-0.0507652288414	
0.654	-0.0532037213244	
0.655	-0.0556447970398	
0.656	-0.0580884510378	
0.657	-0.0605346783375	
0.658	-0.0629834739262	
0.659	-0.0654348327604	
0.66	-0.067888749765	
0.661	-0.0703452198339	
0.662	-0.0728042378295	
0.663	-0.0752657985832	
0.664	-0.0777298968948	
0.665	-0.0801965275333	
0.666	-0.0826656852362	
0.667	-0.08513736471	
0.668	-0.0876115606298	
0.669	-0.0900882676396	
0.67	-0.0925674803523	
0.671	-0.0950491933496	
0.672	-0.0975334011821	
0.673	-0.100020098369	
0.674	-0.102509279399	
0.675	-0.105000938729	
0.676	-0.107495070786	
0.677	-0.109991669963	
0.678	-0.112490730626	
0.679	-0.114992247107	
0.68	-0.117496213708	
0.681	-0.1200026247	
0.682	-0.122511474322	
0.683	-0.125022756784	
0.684	-0.127536466263	
0.685	-0.130052596906	
0.686	-0.13257114283	
0.687	-0.135092098118	
0.688	-0.137615456825	
0.689	-0.140141212975	
0.69	-0.142669360558	
0.691	-0.145199893538	
0.692	-0.147732805843	
0.693	-0.150268091374	
0.694	-0.152805744	
0.695	-0.155345757557	
0.696	-0.157888125854	
0.697	-0.160432842667	
0.698	-0.162979901741	
0.699	-0.165529296792	
0.7	-0.168081021502	
0.701	-0.170635069526	
0.702	-0.173191434485	
0.703	-0.175750109973	
0.704	-0.178311089549	
0.705	-0.180874366745	
0.706	-0.183439935061	
0.707	-0.186007787965	
0.708	-0.188577918897	
0.709	-0.191150321264	
0.71	-0.193724988444	
0.711	-0.196301913785	
0.712	-0.198881090601	
0.713	-0.20146251218	
0.714	-0.204046171777	
0.715	-0.206632062616	
0.716	-0.209220177891	
0.717	-0.211810510768	
0.718	-0.21440305438	
0.719	-0.216997801829	
0.72	-0.219594746188	
0.721	-0.222193880501	
0.722	-0.224795197778	
0.723	-0.227398691002	
0.724	-0.230004353124	
0.725	-0.232612177065	
0.726	-0.235222155716	
0.727	-0.237834281938	
0.728	-0.240448548561	
0.729	-0.243064948385	
0.73	-0.245683474181	
0.731	-0.248304118687	
0.732	-0.250926874615	
0.733	-0.253551734643	
0.734	-0.256178691421	
0.735	-0.258807737568	
0.736	-0.261438865674	
0.737	-0.264072068298	
0.738	-0.266707337969	
0.739	-0.269344667187	
0.74	-0.27198404842	
0.741	-0.27462547411	
0.742	-0.277268936664	
0.743	-0.279914428463	
0.744	-0.282561941856	
0.745	-0.285211469163	
0.746	-0.287863002675	
0.747	-0.290516534651	
0.748	-0.293172057322	
0.749	-0.295829562888	
0.75	-0.298489043522	
0.751	-0.301150491363	
0.752	-0.303813898524	
0.753	-0.306479257087	
0.754	-0.309146559104	
0.755	-0.311815796597	
0.756	-0.31448696156	
0.757	-0.317160045956	
0.758	-0.31983504172	
0.759	-0.322511940756	
0.76	-0.325190734939	
0.761	-0.327871416115	
0.762	-0.330553976099	
0.763	-0.333238406679	
0.764	-0.335924699612	
0.765	-0.338612846627	
0.766	-0.341302839421	
0.767	-0.343994669665	
0.768	-0.346688328999	
0.769	-0.349383809033	
0.77	-0.352081101349	
0.771	-0.3547801975	
0.772	-0.35748108901	
0.773	-0.360183767372	
0.774	-0.362888224051	
0.775	-0.365594450485	
0.776	-0.36830243808	
0.777	-0.371012178213	
0.778	-0.373723662235	
0.779	-0.376436881464	
0.78	-0.379151827193	
0.781	-0.381868490684	
0.782	-0.38458686317	
0.783	-0.387306935855	
0.784	-0.390028699915	
0.785	-0.392752146498	
0.786	-0.395477266722	
0.787	-0.398204051675	
0.788	-0.40093249242	
0.789	-0.403662579987	
0.79	-0.406394305381	
0.791	-0.409127659576	
0.792	-0.411862633519	
0.793	-0.414599218128	
0.794	-0.417337404292	
0.795	-0.420077182871	
0.796	-0.422818544699	
0.797	-0.425561480579	
0.798	-0.428305981287	
0.799	-0.431052037569	
0.8	-0.433799640146	
0.801	-0.436548779708	
0.802	-0.439299446916	
0.803	-0.442051632406	
0.804	-0.444805326783	
0.805	-0.447560520625	
0.806	-0.450317204482	
0.807	-0.453075368876	
0.808	-0.4558350043	
0.809	-0.458596101219	
0.81	-0.461358650072	
0.811	-0.464122641268	
0.812	-0.466888065188	
0.813	-0.469654912187	
0.814	-0.472423172591	
0.815	-0.475192836697	
0.816	-0.477963894777	
0.817	-0.480736337072	
0.818	-0.483510153798	
0.819	-0.486285335143	
0.82	-0.489061871265	
0.821	-0.491839752296	
0.822	-0.494618968342	
0.823	-0.49739950948	
0.824	-0.500181365757	
0.825	-0.502964527198	
0.826	-0.505748983796	
0.827	-0.508534725518	
0.828	-0.511321742304	
0.829	-0.514110024067	
0.83	-0.516899560692	
0.831	-0.519690342037	
0.832	-0.522482357933	
0.833	-0.525275598183	
0.834	-0.528070052564	
0.835	-0.530865710826	
0.836	-0.53366256269	
0.837	-0.536460597852	
0.838	-0.539259805981	
0.839	-0.542060176718	
0.84	-0.544861699677	
0.841	-0.547664364446	
0.842	-0.550468160586	
0.843	-0.553273077631	
0.844	-0.556079105089	
0.845	-0.55888623244	
0.846	-0.561694449137	
0.847	-0.56450374461	
0.848	-0.567314108257	
0.849	-0.570125529453	
0.85	-0.572937997547	
0.851	-0.575751501858	
0.852	-0.578566031683	
0.853	-0.581381576289	
0.854	-0.584198124919	
0.855	-0.587015666789	
0.856	-0.589834191087	
0.857	-0.592653686977	
0.858	-0.595474143597	
0.859	-0.598295550057	
0.86	-0.601117895442	
0.861	-0.603941168811	
0.862	-0.606765359197	
0.863	-0.609590455607	
0.864	-0.612416447021	
0.865	-0.615243322395	
0.866	-0.618071070657	
0.867	-0.620899680712	
0.868	-0.623729141437	
0.869	-0.626559441683	
0.87	-0.629390570277	
0.871	-0.63222251602	
0.872	-0.635055267686	
0.873	-0.637888814026	
0.874	-0.640723143762	
0.875	-0.643558245594	
0.876	-0.646394108195	
0.877	-0.649230720212	
0.878	-0.652068070268	
0.879	-0.654906146959	
0.88	-0.657744938859	
0.881	-0.660584434513	
0.882	-0.663424622444	
0.883	-0.666265491146	
0.884	-0.669107029093	
0.885	-0.671949224731	
0.886	-0.67479206648	
0.887	-0.677635542738	
0.888	-0.680479641876	
0.889	-0.683324352241	
0.89	-0.686169662154	
0.891	-0.689015559915	
0.892	-0.691862033794	
0.893	-0.69470907204	
0.894	-0.697556662876	
0.895	-0.700404794501	
0.896	-0.703253455091	
0.897	-0.706102632793	
0.898	-0.708952315735	
0.899	-0.711802492016	
0.9	-0.714653149715	
0.901	-0.717504276883	
0.902	-0.720355861549	
0.903	-0.723207891717	
0.904	-0.726060355367	
0.905	-0.728913240455	
0.906	-0.731766534913	
0.907	-0.734620226649	
0.908	-0.737474303548	
0.909	-0.740328753469	
0.91	-0.743183564248	
0.911	-0.746038723699	
0.912	-0.748894219611	
0.913	-0.751750039747	
0.914	-0.754606171851	
0.915	-0.75746260364	
0.916	-0.760319322808	
0.917	-0.763176317027	
0.918	-0.766033573943	
0.919	-0.768891081182	
0.92	-0.771748826344	
0.921	-0.774606797007	
0.922	-0.777464980725	
0.923	-0.780323365029	
0.924	-0.783181937427	
0.925	-0.786040685404	
0.926	-0.788899596423	
0.927	-0.791758657921	
0.928	-0.794617857316	
0.929	-0.797477182001	
0.93	-0.800336619345	
0.931	-0.803196156697	
0.932	-0.806055781381	
0.933	-0.8089154807	
0.934	-0.811775241934	
0.935	-0.814635052339	
0.936	-0.81749489915	
0.937	-0.820354769579	
0.938	-0.823214650817	
0.939	-0.82607453003	
0.94	-0.828934394364	
0.941	-0.831794230941	
0.942	-0.834654026863	
0.943	-0.837513769208	
0.944	-0.840373445033	
0.945	-0.843233041371	
0.946	-0.846092545237	
0.947	-0.84895194362	
0.948	-0.851811223488	
0.949	-0.854670371791	
0.95	-0.857529375451	
0.951	-0.860388221374	
0.952	-0.863246896441	
0.953	-0.866105387512	
0.954	-0.868963681427	
0.955	-0.871821765002	
0.956	-0.874679625034	
0.957	-0.877537248297	
0.958	-0.880394621545	
0.959	-0.88325173151	
0.96	-0.886108564902	
0.961	-0.888965108412	
0.962	-0.891821348708	
0.963	-0.894677272437	
0.964	-0.897532866228	
0.965	-0.900388116684	
0.966	-0.903243010392	
0.967	-0.906097533915	
0.968	-0.908951673797	
0.969	-0.911805416561	
0.97	-0.914658748708	
0.971	-0.917511656721	
0.972	-0.920364127061	
0.973	-0.923216146168	
0.974	-0.926067700462	
0.975	-0.928918776344	
0.976	-0.931769360193	
0.977	-0.934619438369	
0.978	-0.93746899721	
0.979	-0.940318023037	
0.98	-0.943166502148	
0.981	-0.946014420823	
0.982	-0.94886176532	
0.983	-0.95170852188	
0.984	-0.954554676722	
0.985	-0.957400216046	
0.986	-0.960245126032	
0.987	-0.963089392841	
0.988	-0.965933002614	
0.989	-0.968775941472	
0.99	-0.971618195518	
0.991	-0.974459750835	
0.992	-0.977300593485	
0.993	-0.980140709513	
0.994	-0.982980084945	
0.995	-0.985818705786	
0.996	-0.988656558023	
0.997	-0.991493627623	
0.998	-0.994329900536	
0.999	-0.997165362691	
1.0	-1.0	
