0.0	2.0	
0.001	1.96836953921	
0.002	1.95525455736	
0.003	1.94518072577	
0.004	1.93667882985	
0.005	1.92917997416	
0.006	1.92239249298	
0.007	1.91614318268	
0.008	1.91031923055	
0.009	1.90484230415	
0.01	1.89965539031	
0.011	1.89471546413	
0.012	1.88998911165	
0.013	1.88544977019	
0.014	1.88107591075	
0.015	1.8768497969	
0.016	1.87275661136	
0.017	1.86878382522	
0.018	1.86492073229	
0.019	1.86115809855	
0.02	1.85748789375	
0.021	1.85390308286	
0.022	1.85039746169	
0.023	1.84696552594	
0.024	1.84360236555	
0.025	1.84030357873	
0.026	1.83706520137	
0.027	1.83388364852	
0.028	1.83075566558	
0.029	1.82767828729	
0.03	1.82464880299	
0.031	1.82166472714	
0.032	1.81872377402	
0.033	1.81582383598	
0.034	1.81296296467	
0.035	1.81013935469	
0.036	1.8073513294	
0.037	1.80459732843	
0.038	1.80187589672	
0.039	1.79918567488	
0.04	1.79652539061	
0.041	1.79389385113	
0.042	1.7912899364	
0.043	1.78871259306	
0.044	1.78616082905	
0.045	1.78363370873	
0.046	1.7811303485	
0.047	1.77864991286	
0.048	1.77619161081	
0.049	1.77375469264	
0.05	1.77133844698	
0.051	1.76894219811	
0.052	1.76656530352	
0.053	1.76420715168	
0.054	1.76186716	
0.055	1.75954477293	
0.056	1.75723946029	
0.057	1.75495071565	
0.058	1.75267805486	
0.059	1.75042101474	
0.06	1.74817915183	
0.061	1.74595204122	
0.062	1.74373927548	
0.063	1.74154046371	
0.064	1.73935523061	
0.065	1.73718321559	
0.066	1.73502407202	
0.067	1.73287746646	
0.068	1.73074307801	
0.069	1.72862059761	
0.07	1.72650972747	
0.071	1.72441018052	
0.072	1.72232167984	
0.073	1.72024395821	
0.074	1.71817675759	
0.075	1.71611982876	
0.076	1.71407293083	
0.077	1.7120358309	
0.078	1.7100083037	
0.079	1.70799013121	
0.08	1.70598110238	
0.081	1.70398101281	
0.082	1.70198966443	
0.083	1.70000686528	
0.084	1.69803242922	
0.085	1.69606617569	
0.086	1.6941079295	
0.087	1.69215752058	
0.088	1.6902147838	
0.089	1.68827955874	
0.09	1.68635168955	
0.091	1.68443102473	
0.092	1.682517417	
0.093	1.68061072308	
0.094	1.67871080362	
0.095	1.67681752297	
0.096	1.67493074912	
0.097	1.6730503535	
0.098	1.6711762109	
0.099	1.66930819932	
0.1	1.6674461999	
0.101	1.66559009674	
0.102	1.66373977686	
0.103	1.66189513008	
0.104	1.6600560489	
0.105	1.65822242845	
0.106	1.65639416638	
0.107	1.65457116275	
0.108	1.65275332001	
0.109	1.65094054289	
0.11	1.6491327383	
0.111	1.64732981531	
0.112	1.64553168505	
0.113	1.64373826066	
0.114	1.64194945721	
0.115	1.64016519167	
0.116	1.63838538281	
0.117	1.63660995119	
0.118	1.63483881907	
0.119	1.63307191037	
0.12	1.63130915065	
0.121	1.62955046702	
0.122	1.6277957881	
0.123	1.62604504401	
0.124	1.62429816629	
0.125	1.62255508787	
0.126	1.62081574307	
0.127	1.61908006747	
0.128	1.61734799799	
0.129	1.61561947274	
0.13	1.61389443109	
0.131	1.61217281356	
0.132	1.61045456181	
0.133	1.60873961865	
0.134	1.60702792793	
0.135	1.6053194346	
0.136	1.60361408462	
0.137	1.60191182495	
0.138	1.60021260354	
0.139	1.59851636928	
0.14	1.59682307199	
0.141	1.5951326624	
0.142	1.59344509213	
0.143	1.59176031363	
0.144	1.59007828023	
0.145	1.58839894604	
0.146	1.586722266	
0.147	1.58504819581	
0.148	1.58337669193	
0.149	1.58170771157	
0.15	1.58004121265	
0.151	1.57837715383	
0.152	1.57671549443	
0.153	1.57505619445	
0.154	1.57339921456	
0.155	1.57174451606	
0.156	1.5700920609	
0.157	1.56844181161	
0.158	1.56679373136	
0.159	1.56514778389	
0.16	1.56350393351	
0.161	1.5618621451	
0.162	1.56022238409	
0.163	1.55858461643	
0.164	1.55694880862	
0.165	1.55531492767	
0.166	1.55368294108	
0.167	1.55205281686	
0.168	1.55042452348	
0.169	1.5487980299	
0.17	1.54717330553	
0.171	1.54555032026	
0.172	1.54392904439	
0.173	1.54230944866	
0.174	1.54069150425	
0.175	1.53907518275	
0.176	1.53746045616	
0.177	1.53584729686	
0.178	1.53423567766	
0.179	1.53262557171	
0.18	1.53101695258	
0.181	1.52940979416	
0.182	1.52780407076	
0.183	1.52619975699	
0.184	1.52459682784	
0.185	1.52299525863	
0.186	1.52139502503	
0.187	1.519796103	
0.188	1.51819846887	
0.189	1.51660209925	
0.19	1.51500697108	
0.191	1.51341306159	
0.192	1.51182034832	
0.193	1.5102288091	
0.194	1.50863842203	
0.195	1.50704916553	
0.196	1.50546101826	
0.197	1.50387395917	
0.198	1.50228796747	
0.199	1.50070302265	
0.2	1.49911910443	
0.201	1.4975361928	
0.202	1.495954268	
0.203	1.49437331051	
0.204	1.49279330104	
0.205	1.49121422056	
0.206	1.48963605025	
0.207	1.48805877152	
0.208	1.48648236601	
0.209	1.48490681558	
0.21	1.48333210231	
0.211	1.48175820848	
0.212	1.48018511659	
0.213	1.47861280933	
0.214	1.47704126962	
0.215	1.47547048056	
0.216	1.47390042543	
0.217	1.47233108773	
0.218	1.47076245115	
0.219	1.46919449953	
0.22	1.46762721693	
0.221	1.46606058758	
0.222	1.46449459587	
0.223	1.46292922639	
0.224	1.46136446388	
0.225	1.45980029326	
0.226	1.45823669961	
0.227	1.45667366818	
0.228	1.45511118438	
0.229	1.45354923377	
0.23	1.45198780208	
0.231	1.45042687517	
0.232	1.44886643907	
0.233	1.44730647995	
0.234	1.44574698414	
0.235	1.4441879381	
0.236	1.44262932843	
0.237	1.44107114188	
0.238	1.43951336533	
0.239	1.4379559858	
0.24	1.43639899045	
0.241	1.43484236655	
0.242	1.43328610152	
0.243	1.4317301829	
0.244	1.43017459836	
0.245	1.42861933569	
0.246	1.4270643828	
0.247	1.42550972772	
0.248	1.42395535861	
0.249	1.42240126373	
0.25	1.42084743146	
0.251	1.41929385031	
0.252	1.41774050888	
0.253	1.4161873959	
0.254	1.41463450018	
0.255	1.41308181067	
0.256	1.41152931641	
0.257	1.40997700654	
0.258	1.40842487031	
0.259	1.40687289707	
0.26	1.40532107626	
0.261	1.40376939744	
0.262	1.40221785026	
0.263	1.40066642444	
0.264	1.39911510983	
0.265	1.39756389636	
0.266	1.39601277405	
0.267	1.394461733	
0.268	1.39291076342	
0.269	1.3913598556	
0.27	1.38980899992	
0.271	1.38825818683	
0.272	1.38670740689	
0.273	1.38515665072	
0.274	1.38360590904	
0.275	1.38205517265	
0.276	1.38050443242	
0.277	1.3789536793	
0.278	1.37740290432	
0.279	1.37585209861	
0.28	1.37430125334	
0.281	1.37275035979	
0.282	1.37119940927	
0.283	1.36964839321	
0.284	1.36809730309	
0.285	1.36654613046	
0.286	1.36499486695	
0.287	1.36344350426	
0.288	1.36189203413	
0.289	1.36034044842	
0.29	1.35878873901	
0.291	1.35723689788	
0.292	1.35568491705	
0.293	1.35413278862	
0.294	1.35258050474	
0.295	1.35102805765	
0.296	1.34947543963	
0.297	1.34792264302	
0.298	1.34636966023	
0.299	1.34481648372	
0.3	1.34326310604	
0.301	1.34170951975	
0.302	1.34015571751	
0.303	1.33860169201	
0.304	1.33704743602	
0.305	1.33549294234	
0.306	1.33393820385	
0.307	1.33238321347	
0.308	1.33082796417	
0.309	1.32927244899	
0.31	1.327716661	
0.311	1.32616059335	
0.312	1.32460423922	
0.313	1.32304759185	
0.314	1.32149064453	
0.315	1.31993339059	
0.316	1.31837582341	
0.317	1.31681793645	
0.318	1.31525972316	
0.319	1.3137011771	
0.32	1.31214229183	
0.321	1.31058306098	
0.322	1.30902347822	
0.323	1.30746353726	
0.324	1.30590323187	
0.325	1.30434255584	
0.326	1.30278150302	
0.327	1.30122006731	
0.328	1.29965824264	
0.329	1.29809602298	
0.33	1.29653340236	
0.331	1.29497037482	
0.332	1.29340693448	
0.333	1.29184307547	
0.334	1.29027879198	
0.335	1.28871407822	
0.336	1.28714892845	
0.337	1.28558333698	
0.338	1.28401729814	
0.339	1.28245080629	
0.34	1.28088385587	
0.341	1.27931644131	
0.342	1.2777485571	
0.343	1.27618019776	
0.344	1.27461135786	
0.345	1.27304203198	
0.346	1.27147221476	
0.347	1.26990190085	
0.348	1.26833108496	
0.349	1.26675976181	
0.35	1.26518792618	
0.351	1.26361557287	
0.352	1.2620426967	
0.353	1.26046929253	
0.354	1.25889535528	
0.355	1.25732087986	
0.356	1.25574586124	
0.357	1.2541702944	
0.358	1.25259417438	
0.359	1.25101749623	
0.36	1.24944025502	
0.361	1.24786244588	
0.362	1.24628406394	
0.363	1.24470510438	
0.364	1.24312556241	
0.365	1.24154543325	
0.366	1.23996471216	
0.367	1.23838339444	
0.368	1.23680147539	
0.369	1.23521895037	
0.37	1.23363581473	
0.371	1.23205206389	
0.372	1.23046769326	
0.373	1.2288826983	
0.374	1.22729707448	
0.375	1.22571081731	
0.376	1.22412392232	
0.377	1.22253638506	
0.378	1.22094820112	
0.379	1.2193593661	
0.38	1.21776987562	
0.381	1.21617972536	
0.382	1.21458891097	
0.383	1.21299742818	
0.384	1.2114052727	
0.385	1.20981244028	
0.386	1.20821892671	
0.387	1.20662472778	
0.388	1.2050298393	
0.389	1.20343425713	
0.39	1.20183797712	
0.391	1.20024099516	
0.392	1.19864330718	
0.393	1.19704490908	
0.394	1.19544579684	
0.395	1.19384596642	
0.396	1.19224541383	
0.397	1.19064413507	
0.398	1.18904212619	
0.399	1.18743938324	
0.4	1.18583590231	
0.401	1.18423167949	
0.402	1.1826267109	
0.403	1.18102099269	
0.404	1.179414521	
0.405	1.17780729203	
0.406	1.17619930196	
0.407	1.17459054702	
0.408	1.17298102343	
0.409	1.17137072746	
0.41	1.16975965538	
0.411	1.16814780348	
0.412	1.16653516807	
0.413	1.16492174548	
0.414	1.16330753205	
0.415	1.16169252415	
0.416	1.16007671815	
0.417	1.15846011047	
0.418	1.15684269751	
0.419	1.15522447571	
0.42	1.15360544152	
0.421	1.1519855914	
0.422	1.15036492184	
0.423	1.14874342935	
0.424	1.14712111043	
0.425	1.14549796162	
0.426	1.14387397946	
0.427	1.14224916053	
0.428	1.14062350141	
0.429	1.13899699869	
0.43	1.13736964898	
0.431	1.13574144891	
0.432	1.13411239512	
0.433	1.13248248428	
0.434	1.13085171304	
0.435	1.12922007811	
0.436	1.12758757619	
0.437	1.12595420398	
0.438	1.12431995822	
0.439	1.12268483566	
0.44	1.12104883306	
0.441	1.11941194719	
0.442	1.11777417484	
0.443	1.1161355128	
0.444	1.11449595791	
0.445	1.11285550698	
0.446	1.11121415685	
0.447	1.10957190439	
0.448	1.10792874646	
0.449	1.10628467994	
0.45	1.10463970173	
0.451	1.10299380874	
0.452	1.10134699789	
0.453	1.09969926611	
0.454	1.09805061034	
0.455	1.09640102756	
0.456	1.09475051472	
0.457	1.09309906881	
0.458	1.09144668682	
0.459	1.08979336577	
0.46	1.08813910267	
0.461	1.08648389455	
0.462	1.08482773846	
0.463	1.08317063145	
0.464	1.08151257059	
0.465	1.07985355295	
0.466	1.07819357562	
0.467	1.0765326357	
0.468	1.07487073031	
0.469	1.07320785657	
0.47	1.0715440116	
0.471	1.06987919256	
0.472	1.0682133966	
0.473	1.06654662088	
0.474	1.06487886258	
0.475	1.06321011888	
0.476	1.06154038699	
0.477	1.05986966411	
0.478	1.05819794746	
0.479	1.05652523427	
0.48	1.05485152177	
0.481	1.05317680722	
0.482	1.05150108786	
0.483	1.04982436097	
0.484	1.04814662383	
0.485	1.04646787372	
0.486	1.04478810794	
0.487	1.04310732379	
0.488	1.0414255186	
0.489	1.03974268968	
0.49	1.03805883437	
0.491	1.03637395001	
0.492	1.03468803396	
0.493	1.03300108358	
0.494	1.03131309624	
0.495	1.02962406932	
0.496	1.0279340002	
0.497	1.02624288628	
0.498	1.02455072498	
0.499	1.0228575137	
0.5	1.02116324986	
0.501	1.01946793091	
0.502	1.01777155427	
0.503	1.01607411739	
0.504	1.01437561775	
0.505	1.01267605278	
0.506	1.01097541998	
0.507	1.00927371682	
0.508	1.00757094079	
0.509	1.00586708939	
0.51	1.00416216012	
0.511	1.00245615049	
0.512	1.00074905802	
0.513	0.999040880253	
0.514	0.99733161471	
0.515	0.995621258939	
0.516	0.993909810489	
0.517	0.99219726692	
0.518	0.990483625796	
0.519	0.988768884691	
0.52	0.987053041184	
0.521	0.985336092864	
0.522	0.983618037323	
0.523	0.981898872165	
0.524	0.980178594997	
0.525	0.978457203436	
0.526	0.976734695103	
0.527	0.975011067628	
0.528	0.973286318648	
0.529	0.971560445805	
0.53	0.969833446749	
0.531	0.968105319137	
0.532	0.966376060631	
0.533	0.9646456689	
0.534	0.962914141621	
0.535	0.961181476477	
0.536	0.959447671155	
0.537	0.957712723352	
0.538	0.955976630769	
0.539	0.954239391112	
0.54	0.952501002098	
0.541	0.950761461444	
0.542	0.949020766878	
0.543	0.947278916131	
0.544	0.945535906943	
0.545	0.943791737056	
0.546	0.942046404222	
0.547	0.940299906195	
0.548	0.938552240738	
0.549	0.936803405618	
0.55	0.935053398608	
0.551	0.933302217488	
0.552	0.931549860041	
0.553	0.929796324059	
0.554	0.928041607335	
0.555	0.926285707673	
0.556	0.924528622877	
0.557	0.922770350761	
0.558	0.921010889141	
0.559	0.91925023584	
0.56	0.917488388686	
0.561	0.915725345513	
0.562	0.913961104159	
0.563	0.912195662467	
0.564	0.910429018287	
0.565	0.908661169471	
0.566	0.906892113879	
0.567	0.905121849374	
0.568	0.903350373826	
0.569	0.901577685107	
0.57	0.899803781098	
0.571	0.89802865968	
0.572	0.896252318742	
0.573	0.894474756178	
0.574	0.892695969884	
0.575	0.890915957764	
0.576	0.889134717724	
0.577	0.887352247676	
0.578	0.885568545537	
0.579	0.883783609226	
0.58	0.881997436671	
0.581	0.880210025799	
0.582	0.878421374546	
0.583	0.876631480849	
0.584	0.874840342653	
0.585	0.873047957904	
0.586	0.871254324555	
0.587	0.86945944056	
0.588	0.86766330388	
0.589	0.86586591248	
0.59	0.864067264327	
0.591	0.862267357395	
0.592	0.86046618966	
0.593	0.858663759103	
0.594	0.856860063709	
0.595	0.855055101466	
0.596	0.853248870368	
0.597	0.85144136841	
0.598	0.849632593595	
0.599	0.847822543925	
0.6	0.84601121741	
0.601	0.844198612062	
0.602	0.842384725897	
0.603	0.840569556933	
0.604	0.838753103196	
0.605	0.836935362711	
0.606	0.83511633351	
0.607	0.833296013626	
0.608	0.831474401099	
0.609	0.82965149397	
0.61	0.827827290283	
0.611	0.826001788087	
0.612	0.824174985435	
0.613	0.822346880382	
0.614	0.820517470987	
0.615	0.818686755313	
0.616	0.816854731425	
0.617	0.815021397393	
0.618	0.813186751288	
0.619	0.811350791188	
0.62	0.80951351517	
0.621	0.807674921318	
0.622	0.805835007716	
0.623	0.803993772453	
0.624	0.802151213622	
0.625	0.800307329317	
0.626	0.798462117636	
0.627	0.796615576681	
0.628	0.794767704556	
0.629	0.792918499368	
0.63	0.791067959228	
0.631	0.789216082248	
0.632	0.787362866545	
0.633	0.785508310239	
0.634	0.783652411451	
0.635	0.781795168306	
0.636	0.779936578933	
0.637	0.778076641462	
0.638	0.776215354026	
0.639	0.774352714762	
0.64	0.77248872181	
0.641	0.77062337331	
0.642	0.768756667407	
0.643	0.766888602249	
0.644	0.765019175986	
0.645	0.76314838677	
0.646	0.761276232757	
0.647	0.759402712103	
0.648	0.757527822971	
0.649	0.755651563523	
0.65	0.753773931924	
0.651	0.751894926343	
0.652	0.750014544949	
0.653	0.748132785917	
0.654	0.746249647422	
0.655	0.744365127641	
0.656	0.742479224756	
0.657	0.740591936948	
0.658	0.738703262404	
0.659	0.73681319931	
0.66	0.734921745856	
0.661	0.733028900236	
0.662	0.731134660642	
0.663	0.729239025272	
0.664	0.727341992325	
0.665	0.725443560002	
0.666	0.723543726507	
0.667	0.721642490045	
0.668	0.719739848824	
0.669	0.717835801054	
0.67	0.715930344948	
0.671	0.714023478718	
0.672	0.712115200583	
0.673	0.710205508759	
0.674	0.708294401469	
0.675	0.706381876933	
0.676	0.704467933377	
0.677	0.702552569028	
0.678	0.700635782113	
0.679	0.698717570864	
0.68	0.696797933513	
0.681	0.694876868294	
0.682	0.692954373444	
0.683	0.691030447201	
0.684	0.689105087804	
0.685	0.687178293497	
0.686	0.685250062522	
0.687	0.683320393126	
0.688	0.681389283556	
0.689	0.679456732061	
0.69	0.677522736893	
0.691	0.675587296303	
0.692	0.673650408547	
0.693	0.671712071881	
0.694	0.669772284563	
0.695	0.667831044852	
0.696	0.66588835101	
0.697	0.663944201301	
0.698	0.661998593987	
0.699	0.660051527337	
0.7	0.658102999618	
0.701	0.656153009099	
0.702	0.654201554052	
0.703	0.652248632749	
0.704	0.650294243464	
0.705	0.648338384473	
0.706	0.646381054054	
0.707	0.644422250485	
0.708	0.642461972046	
0.709	0.64050021702	
0.71	0.63853698369	
0.711	0.636572270339	
0.712	0.634606075255	
0.713	0.632638396724	
0.714	0.630669233036	
0.715	0.628698582481	
0.716	0.62672644335	
0.717	0.624752813937	
0.718	0.622777692536	
0.719	0.620801077443	
0.72	0.618822966954	
0.721	0.616843359369	
0.722	0.614862252985	
0.723	0.612879646106	
0.724	0.610895537031	
0.725	0.608909924066	
0.726	0.606922805514	
0.727	0.604934179681	
0.728	0.602944044875	
0.729	0.600952399403	
0.73	0.598959241575	
0.731	0.596964569702	
0.732	0.594968382094	
0.733	0.592970677066	
0.734	0.59097145293	
0.735	0.588970708002	
0.736	0.586968440598	
0.737	0.584964649036	
0.738	0.582959331633	
0.739	0.58095248671	
0.74	0.578944112585	
0.741	0.576934207582	
0.742	0.574922770022	
0.743	0.572909798228	
0.744	0.570895290526	
0.745	0.568879245241	
0.746	0.566861660698	
0.747	0.564842535226	
0.748	0.562821867153	
0.749	0.560799654808	
0.75	0.558775896522	
0.751	0.556750590624	
0.752	0.554723735448	
0.753	0.552695329326	
0.754	0.550665370592	
0.755	0.54863385758	
0.756	0.546600788626	
0.757	0.544566162067	
0.758	0.542529976239	
0.759	0.54049222948	
0.76	0.538452920129	
0.761	0.536412046526	
0.762	0.53436960701	
0.763	0.532325599923	
0.764	0.530280023608	
0.765	0.528232876405	
0.766	0.526184156659	
0.767	0.524133862714	
0.768	0.522081992914	
0.769	0.520028545605	
0.77	0.517973519133	
0.771	0.515916911845	
0.772	0.513858722088	
0.773	0.51179894821	
0.774	0.509737588561	
0.775	0.50767464149	
0.776	0.505610105346	
0.777	0.503543978481	
0.778	0.501476259245	
0.779	0.499406945992	
0.78	0.497336037072	
0.781	0.495263530839	
0.782	0.493189425647	
0.783	0.49111371985	
0.784	0.489036411803	
0.785	0.48695749986	
0.786	0.484876982378	
0.787	0.482794857713	
0.788	0.480711124221	
0.789	0.478625780261	
0.79	0.476538824188	
0.791	0.474450254363	
0.792	0.472360069143	
0.793	0.470268266888	
0.794	0.468174845957	
0.795	0.466079804711	
0.796	0.463983141509	
0.797	0.461884854713	
0.798	0.459784942683	
0.799	0.457683403782	
0.8	0.455580236371	
0.801	0.453475438813	
0.802	0.451369009471	
0.803	0.449260946708	
0.804	0.447151248887	
0.805	0.445039914372	
0.806	0.442926941528	
0.807	0.440812328718	
0.808	0.438696074307	
0.809	0.436578176662	
0.81	0.434458634146	
0.811	0.432337445126	
0.812	0.430214607968	
0.813	0.428090121037	
0.814	0.4259639827	
0.815	0.423836191325	
0.816	0.421706745278	
0.817	0.419575642925	
0.818	0.417442882635	
0.819	0.415308462775	
0.82	0.413172381713	
0.821	0.411034637817	
0.822	0.408895229455	
0.823	0.406754154996	
0.824	0.404611412807	
0.825	0.402467001258	
0.826	0.400320918718	
0.827	0.398173163555	
0.828	0.396023734139	
0.829	0.393872628839	
0.83	0.391719846025	
0.831	0.389565384065	
0.832	0.387409241329	
0.833	0.385251416188	
0.834	0.38309190701	
0.835	0.380930712166	
0.836	0.378767830026	
0.837	0.376603258959	
0.838	0.374436997336	
0.839	0.372269043526	
0.84	0.370099395901	
0.841	0.367928052829	
0.842	0.365755012681	
0.843	0.363580273827	
0.844	0.361403834638	
0.845	0.359225693483	
0.846	0.357045848733	
0.847	0.354864298758	
0.848	0.352681041928	
0.849	0.350496076612	
0.85	0.348309401182	
0.851	0.346121014007	
0.852	0.343930913457	
0.853	0.341739097901	
0.854	0.33954556571	
0.855	0.337350315254	
0.856	0.335153344901	
0.857	0.332954653021	
0.858	0.330754237985	
0.859	0.32855209816	
0.86	0.326348231917	
0.861	0.324142637624	
0.862	0.32193531365	
0.863	0.319726258364	
0.864	0.317515470135	
0.865	0.315302947331	
0.866	0.313088688321	
0.867	0.310872691472	
0.868	0.308654955153	
0.869	0.306435477731	
0.87	0.304214257573	
0.871	0.301991293048	
0.872	0.299766582523	
0.873	0.297540124364	
0.874	0.295311916938	
0.875	0.293081958612	
0.876	0.290850247752	
0.877	0.288616782724	
0.878	0.286381561893	
0.879	0.284144583626	
0.88	0.281905846288	
0.881	0.279665348243	
0.882	0.277423087856	
0.883	0.275179063492	
0.884	0.272933273515	
0.885	0.270685716289	
0.886	0.268436390177	
0.887	0.266185293543	
0.888	0.263932424749	
0.889	0.261677782158	
0.89	0.259421364132	
0.891	0.257163169034	
0.892	0.254903195224	
0.893	0.252641441065	
0.894	0.250377904916	
0.895	0.248112585138	
0.896	0.245845480092	
0.897	0.243576588137	
0.898	0.241305907633	
0.899	0.239033436939	
0.9	0.236759174412	
0.901	0.234483118412	
0.902	0.232205267296	
0.903	0.229925619421	
0.904	0.227644173144	
0.905	0.225360926822	
0.906	0.223075878811	
0.907	0.220789027467	
0.908	0.218500371144	
0.909	0.216209908197	
0.91	0.213917636981	
0.911	0.211623555849	
0.912	0.209327663154	
0.913	0.20702995725	
0.914	0.204730436489	
0.915	0.202429099221	
0.916	0.2001259438	
0.917	0.197820968575	
0.918	0.195514171897	
0.919	0.193205552116	
0.92	0.190895107581	
0.921	0.18858283664	
0.922	0.186268737642	
0.923	0.183952808935	
0.924	0.181635048865	
0.925	0.179315455779	
0.926	0.176994028023	
0.927	0.174670763942	
0.928	0.172345661882	
0.929	0.170018720186	
0.93	0.167689937199	
0.931	0.165359311262	
0.932	0.16302684072	
0.933	0.160692523913	
0.934	0.158356359182	
0.935	0.156018344869	
0.936	0.153678479313	
0.937	0.151336760854	
0.938	0.148993187831	
0.939	0.146647758581	
0.94	0.144300471443	
0.941	0.141951324752	
0.942	0.139600316845	
0.943	0.137247446058	
0.944	0.134892710725	
0.945	0.132536109181	
0.946	0.130177639758	
0.947	0.127817300791	
0.948	0.12545509061	
0.949	0.123091007547	
0.95	0.120725049933	
0.951	0.118357216097	
0.952	0.11598750437	
0.953	0.113615913079	
0.954	0.111242440553	
0.955	0.108867085117	
0.956	0.1064898451	
0.957	0.104110718826	
0.958	0.10172970462	
0.959	0.0993468008056	
0.96	0.0969620057071	
0.961	0.0945753176467	
0.962	0.092186734946	
0.963	0.089796255926	
0.964	0.0874038789071	
0.965	0.0850096022085	
0.966	0.0826134241489	
0.967	0.0802153430461	
0.968	0.0778153572172	
0.969	0.0754134649783	
0.97	0.0730096646449	
0.971	0.0706039545314	
0.972	0.0681963329517	
0.973	0.0657867982185	
0.974	0.063375348644	
0.975	0.0609619825394	
0.976	0.0585466982151	
0.977	0.0561294939805	
0.978	0.0537103681444	
0.979	0.0512893190144	
0.98	0.0488663448975	
0.981	0.0464414440997	
0.982	0.0440146149262	
0.983	0.0415858556813	
0.984	0.0391551646683	
0.985	0.0367225401896	
0.986	0.0342879805469	
0.987	0.0318514840407	
0.988	0.0294130489709	
0.989	0.0269726736363	
0.99	0.0245303563346	
0.991	0.022086095363	
0.992	0.0196398890175	
0.993	0.017191735593	
0.994	0.0147416333838	
0.995	0.012289580683	
0.996	0.00983557578292	
0.997	0.00737961697476	
0.998	0.00492170254883	
0.999	0.00246183079446	
1.0	0.0	
