0.0	1.0	
0.001	0.999881568553	
0.002	0.999706594375	
0.003	0.999501179286	
0.004	0.99927310809	
0.005	0.999026558279	
0.006	0.998764206575	
0.007	0.998487940763	
0.008	0.99819917614	
0.009	0.997899019969	
0.01	0.997588366231	
0.011	0.997267954441	
0.012	0.996938408238	
0.013	0.99660026187	
0.014	0.996253979013	
0.015	0.99589996654	
0.016	0.995538584861	
0.017	0.995170155833	
0.018	0.994794968942	
0.019	0.994413286192	
0.02	0.994025346039	
0.021	0.993631366592	
0.022	0.993231548242	
0.023	0.992826075849	
0.024	0.992415120577	
0.025	0.991998841436	
0.026	0.991577386606	
0.027	0.991150894563	
0.028	0.990719495051	
0.029	0.990283309931	
0.03	0.989842453914	
0.031	0.989397035207	
0.032	0.988947156082	
0.033	0.988492913377	
0.034	0.98803439894	
0.035	0.987571700028	
0.036	0.987104899663	
0.037	0.986634076947	
0.038	0.98615930735	
0.039	0.985680662968	
0.04	0.985198212759	
0.041	0.98471202275	
0.042	0.984222156238	
0.043	0.983728673956	
0.044	0.983231634243	
0.045	0.982731093186	
0.046	0.982227104755	
0.047	0.98171972093	
0.048	0.981208991815	
0.049	0.98069496574	
0.05	0.980177689364	
0.051	0.979657207761	
0.052	0.979133564506	
0.053	0.978606801751	
0.054	0.978076960302	
0.055	0.97754407968	
0.056	0.977008198189	
0.057	0.976469352972	
0.058	0.975927580067	
0.059	0.975382914458	
0.06	0.974835390124	
0.061	0.974285040083	
0.062	0.973731896437	
0.063	0.973175990407	
0.064	0.972617352376	
0.065	0.972056011921	
0.066	0.971491997848	
0.067	0.970925338224	
0.068	0.970356060404	
0.069	0.969784191063	
0.07	0.969209756218	
0.071	0.968632781259	
0.072	0.968053290968	
0.073	0.967471309544	
0.074	0.966886860624	
0.075	0.966299967304	
0.076	0.965710652159	
0.077	0.965118937258	
0.078	0.964524844186	
0.079	0.963928394059	
0.08	0.963329607541	
0.081	0.962728504856	
0.082	0.962125105806	
0.083	0.961519429785	
0.084	0.960911495789	
0.085	0.960301322432	
0.086	0.959688927957	
0.087	0.959074330247	
0.088	0.958457546838	
0.089	0.957838594926	
0.09	0.957217491382	
0.091	0.956594252759	
0.092	0.9559688953	
0.093	0.955341434952	
0.094	0.954711887368	
0.095	0.954080267922	
0.096	0.953446591712	
0.097	0.95281087357	
0.098	0.95217312807	
0.099	0.951533369532	
0.1	0.950891612033	
0.101	0.950247869411	
0.102	0.949602155271	
0.103	0.948954482992	
0.104	0.948304865736	
0.105	0.947653316446	
0.106	0.946999847861	
0.107	0.946344472512	
0.108	0.945687202734	
0.109	0.94502805067	
0.11	0.94436702827	
0.111	0.943704147305	
0.112	0.943039419363	
0.113	0.942372855857	
0.114	0.941704468031	
0.115	0.94103426696	
0.116	0.940362263557	
0.117	0.939688468575	
0.118	0.939012892612	
0.119	0.938335546113	
0.12	0.937656439376	
0.121	0.936975582551	
0.122	0.936292985649	
0.123	0.93560865854	
0.124	0.934922610959	
0.125	0.934234852507	
0.126	0.933545392657	
0.127	0.932854240752	
0.128	0.932161406013	
0.129	0.931466897537	
0.13	0.930770724304	
0.131	0.930072895173	
0.132	0.929373418894	
0.133	0.928672304099	
0.134	0.927969559315	
0.135	0.927265192957	
0.136	0.926559213339	
0.137	0.925851628668	
0.138	0.92514244705	
0.139	0.924431676492	
0.14	0.923719324906	
0.141	0.923005400103	
0.142	0.922289909806	
0.143	0.921572861641	
0.144	0.920854263146	
0.145	0.920134121772	
0.146	0.91941244488	
0.147	0.918689239746	
0.148	0.917964513565	
0.149	0.917238273446	
0.15	0.91651052642	
0.151	0.915781279438	
0.152	0.915050539371	
0.153	0.914318313017	
0.154	0.913584607096	
0.155	0.912849428255	
0.156	0.912112783069	
0.157	0.911374678041	
0.158	0.910635119604	
0.159	0.909894114123	
0.16	0.909151667892	
0.161	0.908407787143	
0.162	0.907662478039	
0.163	0.90691574668	
0.164	0.906167599103	
0.165	0.905418041282	
0.166	0.904667079129	
0.167	0.903914718498	
0.168	0.903160965181	
0.169	0.902405824914	
0.17	0.901649303373	
0.171	0.90089140618	
0.172	0.9001321389	
0.173	0.899371507043	
0.174	0.898609516067	
0.175	0.897846171374	
0.176	0.897081478316	
0.177	0.896315442192	
0.178	0.895548068252	
0.179	0.894779361695	
0.18	0.89400932767	
0.181	0.89323797128	
0.182	0.892465297578	
0.183	0.891691311572	
0.184	0.89091601822	
0.185	0.89013942244	
0.186	0.8893615291	
0.187	0.888582343026	
0.188	0.887801869	
0.189	0.887020111761	
0.19	0.886237076006	
0.191	0.885452766389	
0.192	0.884667187524	
0.193	0.883880343983	
0.194	0.883092240298	
0.195	0.882302880964	
0.196	0.881512270433	
0.197	0.880720413123	
0.198	0.879927313409	
0.199	0.879132975634	
0.2	0.878337404099	
0.201	0.877540603072	
0.202	0.876742576783	
0.203	0.87594332943	
0.204	0.875142865171	
0.205	0.874341188133	
0.206	0.873538302408	
0.207	0.872734212055	
0.208	0.871928921098	
0.209	0.87112243353	
0.21	0.870314753311	
0.211	0.86950588437	
0.212	0.868695830603	
0.213	0.867884595875	
0.214	0.867072184021	
0.215	0.866258598847	
0.216	0.865443844126	
0.217	0.864627923603	
0.218	0.863810840995	
0.219	0.862992599988	
0.22	0.862173204242	
0.221	0.861352657385	
0.222	0.86053096302	
0.223	0.859708124724	
0.224	0.858884146043	
0.225	0.858059030499	
0.226	0.857232781586	
0.227	0.856405402773	
0.228	0.855576897503	
0.229	0.854747269192	
0.23	0.853916521232	
0.231	0.853084656991	
0.232	0.85225167981	
0.233	0.851417593007	
0.234	0.850582399876	
0.235	0.849746103687	
0.236	0.848908707686	
0.237	0.848070215097	
0.238	0.847230629118	
0.239	0.846389952928	
0.24	0.845548189682	
0.241	0.844705342511	
0.242	0.843861414527	
0.243	0.843016408818	
0.244	0.842170328452	
0.245	0.841323176474	
0.246	0.84047495591	
0.247	0.839625669763	
0.248	0.838775321018	
0.249	0.837923912638	
0.25	0.837071447565	
0.251	0.836217928723	
0.252	0.835363359016	
0.253	0.834507741326	
0.254	0.83365107852	
0.255	0.832793373443	
0.256	0.83193462892	
0.257	0.831074847761	
0.258	0.830214032755	
0.259	0.829352186673	
0.26	0.828489312268	
0.261	0.827625412276	
0.262	0.826760489413	
0.263	0.825894546381	
0.264	0.825027585861	
0.265	0.824159610519	
0.266	0.823290623003	
0.267	0.822420625944	
0.268	0.821549621958	
0.269	0.820677613643	
0.27	0.819804603581	
0.271	0.818930594337	
0.272	0.818055588462	
0.273	0.817179588489	
0.274	0.816302596936	
0.275	0.815424616306	
0.276	0.814545649087	
0.277	0.81366569775	
0.278	0.812784764752	
0.279	0.811902852535	
0.28	0.811019963527	
0.281	0.810136100139	
0.282	0.809251264771	
0.283	0.808365459804	
0.284	0.807478687609	
0.285	0.806590950541	
0.286	0.80570225094	
0.287	0.804812591135	
0.288	0.803921973439	
0.289	0.803030400152	
0.29	0.80213787356	
0.291	0.801244395937	
0.292	0.800349969543	
0.293	0.799454596624	
0.294	0.798558279415	
0.295	0.797661020137	
0.296	0.796762820997	
0.297	0.795863684193	
0.298	0.794963611906	
0.299	0.794062606308	
0.3	0.793160669557	
0.301	0.7922578038	
0.302	0.791354011171	
0.303	0.790449293792	
0.304	0.789543653774	
0.305	0.788637093215	
0.306	0.787729614203	
0.307	0.786821218813	
0.308	0.785911909109	
0.309	0.785001687144	
0.31	0.784090554959	
0.311	0.783178514585	
0.312	0.782265568042	
0.313	0.781351717337	
0.314	0.780436964468	
0.315	0.779521311422	
0.316	0.778604760175	
0.317	0.777687312692	
0.318	0.776768970929	
0.319	0.77584973683	
0.32	0.77492961233	
0.321	0.774008599352	
0.322	0.77308669981	
0.323	0.772163915609	
0.324	0.771240248642	
0.325	0.770315700793	
0.326	0.769390273937	
0.327	0.768463969938	
0.328	0.76753679065	
0.329	0.76660873792	
0.33	0.765679813582	
0.331	0.764750019463	
0.332	0.763819357381	
0.333	0.762887829143	
0.334	0.761955436547	
0.335	0.761022181383	
0.336	0.760088065432	
0.337	0.759153090464	
0.338	0.758217258244	
0.339	0.757280570523	
0.34	0.756343029048	
0.341	0.755404635554	
0.342	0.754465391769	
0.343	0.753525299413	
0.344	0.752584360196	
0.345	0.751642575821	
0.346	0.75069994798	
0.347	0.749756478361	
0.348	0.74881216864	
0.349	0.747867020486	
0.35	0.746921035561	
0.351	0.745974215518	
0.352	0.745026562002	
0.353	0.744078076651	
0.354	0.743128761093	
0.355	0.74217861695	
0.356	0.741227645836	
0.357	0.740275849358	
0.358	0.739323229114	
0.359	0.738369786695	
0.36	0.737415523685	
0.361	0.736460441659	
0.362	0.735504542187	
0.363	0.73454782683	
0.364	0.733590297142	
0.365	0.732631954669	
0.366	0.731672800953	
0.367	0.730712837524	
0.368	0.729752065909	
0.369	0.728790487627	
0.37	0.727828104188	
0.371	0.726864917098	
0.372	0.725900927854	
0.373	0.724936137948	
0.374	0.723970548863	
0.375	0.723004162077	
0.376	0.722036979061	
0.377	0.721069001279	
0.378	0.720100230188	
0.379	0.719130667241	
0.38	0.71816031388	
0.381	0.717189171546	
0.382	0.716217241669	
0.383	0.715244525675	
0.384	0.714271024984	
0.385	0.713296741007	
0.386	0.712321675152	
0.387	0.71134582882	
0.388	0.710369203405	
0.389	0.709391800295	
0.39	0.708413620872	
0.391	0.707434666513	
0.392	0.706454938589	
0.393	0.705474438463	
0.394	0.704493167494	
0.395	0.703511127036	
0.396	0.702528318434	
0.397	0.701544743031	
0.398	0.700560402161	
0.399	0.699575297155	
0.4	0.698589429336	
0.401	0.697602800024	
0.402	0.696615410531	
0.403	0.695627262164	
0.404	0.694638356226	
0.405	0.693648694013	
0.406	0.692658276817	
0.407	0.691667105923	
0.408	0.690675182611	
0.409	0.689682508156	
0.41	0.688689083829	
0.411	0.687694910894	
0.412	0.686699990611	
0.413	0.685704324232	
0.414	0.684707913009	
0.415	0.683710758184	
0.416	0.682712860996	
0.417	0.681714222679	
0.418	0.680714844463	
0.419	0.67971472757	
0.42	0.678713873221	
0.421	0.677712282628	
0.422	0.676709957001	
0.423	0.675706897545	
0.424	0.674703105458	
0.425	0.673698581936	
0.426	0.672693328168	
0.427	0.67168734534	
0.428	0.670680634632	
0.429	0.66967319722	
0.43	0.668665034275	
0.431	0.667656146964	
0.432	0.666646536449	
0.433	0.665636203886	
0.434	0.66462515043	
0.435	0.663613377229	
0.436	0.662600885426	
0.437	0.661587676162	
0.438	0.660573750571	
0.439	0.659559109784	
0.44	0.658543754927	
0.441	0.657527687123	
0.442	0.656510907489	
0.443	0.655493417139	
0.444	0.654475217182	
0.445	0.653456308723	
0.446	0.652436692862	
0.447	0.651416370697	
0.448	0.65039534332	
0.449	0.649373611819	
0.45	0.648351177279	
0.451	0.647328040779	
0.452	0.646304203396	
0.453	0.645279666202	
0.454	0.644254430265	
0.455	0.643228496649	
0.456	0.642201866414	
0.457	0.641174540617	
0.458	0.640146520309	
0.459	0.639117806539	
0.46	0.638088400352	
0.461	0.637058302789	
0.462	0.636027514886	
0.463	0.634996037676	
0.464	0.63396387219	
0.465	0.632931019451	
0.466	0.631897480483	
0.467	0.630863256303	
0.468	0.629828347925	
0.469	0.628792756362	
0.47	0.627756482618	
0.471	0.6267195277	
0.472	0.625681892605	
0.473	0.62464357833	
0.474	0.623604585869	
0.475	0.62256491621	
0.476	0.621524570339	
0.477	0.620483549238	
0.478	0.619441853886	
0.479	0.618399485259	
0.48	0.617356444327	
0.481	0.616312732059	
0.482	0.615268349421	
0.483	0.614223297374	
0.484	0.613177576876	
0.485	0.612131188882	
0.486	0.611084134343	
0.487	0.610036414208	
0.488	0.608988029421	
0.489	0.607938980925	
0.49	0.606889269658	
0.491	0.605838896554	
0.492	0.604787862546	
0.493	0.603736168562	
0.494	0.602683815528	
0.495	0.601630804367	
0.496	0.600577135997	
0.497	0.599522811335	
0.498	0.598467831293	
0.499	0.597412196782	
0.5	0.596355908708	
0.501	0.595298967975	
0.502	0.594241375484	
0.503	0.593183132131	
0.504	0.592124238813	
0.505	0.59106469642	
0.506	0.590004505841	
0.507	0.588943667962	
0.508	0.587882183665	
0.509	0.58682005383	
0.51	0.585757279334	
0.511	0.584693861051	
0.512	0.583629799852	
0.513	0.582565096605	
0.514	0.581499752175	
0.515	0.580433767425	
0.516	0.579367143214	
0.517	0.578299880399	
0.518	0.577231979834	
0.519	0.576163442371	
0.52	0.575094268857	
0.521	0.574024460139	
0.522	0.572954017059	
0.523	0.571882940457	
0.524	0.570811231172	
0.525	0.569738890036	
0.526	0.568665917884	
0.527	0.567592315544	
0.528	0.566518083842	
0.529	0.565443223604	
0.53	0.564367735649	
0.531	0.563291620799	
0.532	0.562214879867	
0.533	0.561137513668	
0.534	0.560059523014	
0.535	0.558980908712	
0.536	0.557901671568	
0.537	0.556821812386	
0.538	0.555741331967	
0.539	0.554660231109	
0.54	0.553578510608	
0.541	0.552496171256	
0.542	0.551413213846	
0.543	0.550329639165	
0.544	0.549245447999	
0.545	0.548160641132	
0.546	0.547075219345	
0.547	0.545989183415	
0.548	0.544902534121	
0.549	0.543815272235	
0.55	0.542727398528	
0.551	0.541638913771	
0.552	0.540549818729	
0.553	0.539460114167	
0.554	0.538369800847	
0.555	0.537278879528	
0.556	0.536187350969	
0.557	0.535095215923	
0.558	0.534002475145	
0.559	0.532909129383	
0.56	0.531815179387	
0.561	0.530720625903	
0.562	0.529625469674	
0.563	0.528529711441	
0.564	0.527433351944	
0.565	0.52633639192	
0.566	0.525238832104	
0.567	0.524140673228	
0.568	0.523041916024	
0.569	0.521942561218	
0.57	0.520842609537	
0.571	0.519742061705	
0.572	0.518640918444	
0.573	0.517539180474	
0.574	0.516436848511	
0.575	0.515333923273	
0.576	0.514230405471	
0.577	0.513126295817	
0.578	0.51202159502	
0.579	0.510916303787	
0.58	0.509810422824	
0.581	0.508703952833	
0.582	0.507596894514	
0.583	0.506489248568	
0.584	0.505381015691	
0.585	0.504272196577	
0.586	0.503162791919	
0.587	0.502052802408	
0.588	0.500942228734	
0.589	0.499831071582	
0.59	0.498719331638	
0.591	0.497607009584	
0.592	0.496494106102	
0.593	0.49538062187	
0.594	0.494266557566	
0.595	0.493151913864	
0.596	0.492036691439	
0.597	0.49092089096	
0.598	0.489804513098	
0.599	0.48868755852	
0.6	0.487570027892	
0.601	0.486451921876	
0.602	0.485333241137	
0.603	0.484213986332	
0.604	0.483094158121	
0.605	0.48197375716	
0.606	0.480852784103	
0.607	0.479731239602	
0.608	0.47860912431	
0.609	0.477486438874	
0.61	0.476363183942	
0.611	0.47523936016	
0.612	0.47411496817	
0.613	0.472990008616	
0.614	0.471864482136	
0.615	0.47073838937	
0.616	0.469611730954	
0.617	0.468484507522	
0.618	0.467356719708	
0.619	0.466228368143	
0.62	0.465099453457	
0.621	0.463969976278	
0.622	0.462839937231	
0.623	0.461709336942	
0.624	0.460578176033	
0.625	0.459446455125	
0.626	0.458314174838	
0.627	0.45718133579	
0.628	0.456047938596	
0.629	0.45491398387	
0.63	0.453779472227	
0.631	0.452644404276	
0.632	0.451508780628	
0.633	0.45037260189	
0.634	0.449235868668	
0.635	0.448098581568	
0.636	0.446960741191	
0.637	0.44582234814	
0.638	0.444683403014	
0.639	0.443543906412	
0.64	0.44240385893	
0.641	0.441263261163	
0.642	0.440122113705	
0.643	0.438980417147	
0.644	0.43783817208	
0.645	0.436695379093	
0.646	0.435552038773	
0.647	0.434408151706	
0.648	0.433263718476	
0.649	0.432118739666	
0.65	0.430973215856	
0.651	0.429827147627	
0.652	0.428680535556	
0.653	0.427533380221	
0.654	0.426385682196	
0.655	0.425237442055	
0.656	0.42408866037	
0.657	0.422939337712	
0.658	0.42178947465	
0.659	0.420639071752	
0.66	0.419488129584	
0.661	0.418336648712	
0.662	0.417184629698	
0.663	0.416032073104	
0.664	0.414878979492	
0.665	0.413725349419	
0.666	0.412571183444	
0.667	0.411416482124	
0.668	0.410261246012	
0.669	0.409105475663	
0.67	0.407949171628	
0.671	0.406792334458	
0.672	0.405634964703	
0.673	0.40447706291	
0.674	0.403318629626	
0.675	0.402159665396	
0.676	0.401000170763	
0.677	0.399840146271	
0.678	0.398679592459	
0.679	0.397518509869	
0.68	0.396356899038	
0.681	0.395194760504	
0.682	0.394032094801	
0.683	0.392868902465	
0.684	0.391705184028	
0.685	0.390540940022	
0.686	0.389376170978	
0.687	0.388210877425	
0.688	0.38704505989	
0.689	0.3858787189	
0.69	0.38471185498	
0.691	0.383544468654	
0.692	0.382376560445	
0.693	0.381208130875	
0.694	0.380039180462	
0.695	0.378869709726	
0.696	0.377699719185	
0.697	0.376529209355	
0.698	0.375358180751	
0.699	0.374186633886	
0.7	0.373014569274	
0.701	0.371841987426	
0.702	0.370668888851	
0.703	0.369495274058	
0.704	0.368321143556	
0.705	0.367146497851	
0.706	0.365971337447	
0.707	0.364795662849	
0.708	0.36361947456	
0.709	0.36244277308	
0.71	0.361265558912	
0.711	0.360087832553	
0.712	0.358909594501	
0.713	0.357730845254	
0.714	0.356551585308	
0.715	0.355371815156	
0.716	0.354191535292	
0.717	0.353010746208	
0.718	0.351829448395	
0.719	0.350647642343	
0.72	0.349465328541	
0.721	0.348282507475	
0.722	0.347099179633	
0.723	0.3459153455	
0.724	0.344731005559	
0.725	0.343546160294	
0.726	0.342360810187	
0.727	0.341174955718	
0.728	0.339988597367	
0.729	0.338801735612	
0.73	0.33761437093	
0.731	0.336426503799	
0.732	0.335238134693	
0.733	0.334049264086	
0.734	0.332859892451	
0.735	0.331670020261	
0.736	0.330479647985	
0.737	0.329288776093	
0.738	0.328097405055	
0.739	0.326905535338	
0.74	0.325713167408	
0.741	0.324520301731	
0.742	0.32332693877	
0.743	0.32213307899	
0.744	0.320938722853	
0.745	0.319743870819	
0.746	0.318548523349	
0.747	0.317352680903	
0.748	0.316156343937	
0.749	0.31495951291	
0.75	0.313762188277	
0.751	0.312564370493	
0.752	0.311366060012	
0.753	0.310167257287	
0.754	0.30896796277	
0.755	0.307768176911	
0.756	0.306567900162	
0.757	0.30536713297	
0.758	0.304165875783	
0.759	0.302964129049	
0.76	0.301761893213	
0.761	0.30055916872	
0.762	0.299355956014	
0.763	0.298152255538	
0.764	0.296948067734	
0.765	0.295743393042	
0.766	0.294538231903	
0.767	0.293332584756	
0.768	0.292126452039	
0.769	0.290919834189	
0.77	0.289712731642	
0.771	0.288505144832	
0.772	0.287297074196	
0.773	0.286088520164	
0.774	0.284879483171	
0.775	0.283669963647	
0.776	0.282459962022	
0.777	0.281249478727	
0.778	0.280038514189	
0.779	0.278827068837	
0.78	0.277615143096	
0.781	0.276402737394	
0.782	0.275189852154	
0.783	0.2739764878	
0.784	0.272762644756	
0.785	0.271548323443	
0.786	0.270333524283	
0.787	0.269118247696	
0.788	0.267902494101	
0.789	0.266686263918	
0.79	0.265469557562	
0.791	0.264252375452	
0.792	0.263034718002	
0.793	0.261816585629	
0.794	0.260597978745	
0.795	0.259378897764	
0.796	0.258159343098	
0.797	0.256939315158	
0.798	0.255718814356	
0.799	0.2544978411	
0.8	0.2532763958	
0.801	0.252054478863	
0.802	0.250832090696	
0.803	0.249609231706	
0.804	0.248385902297	
0.805	0.247162102875	
0.806	0.245937833843	
0.807	0.244713095604	
0.808	0.243487888559	
0.809	0.24226221311	
0.81	0.241036069657	
0.811	0.239809458599	
0.812	0.238582380336	
0.813	0.237354835264	
0.814	0.236126823781	
0.815	0.234898346282	
0.816	0.233669403164	
0.817	0.23243999482	
0.818	0.231210121644	
0.819	0.229979784029	
0.82	0.228748982367	
0.821	0.227517717049	
0.822	0.226285988466	
0.823	0.225053797007	
0.824	0.223821143061	
0.825	0.222588027015	
0.826	0.221354449259	
0.827	0.220120410176	
0.828	0.218885910154	
0.829	0.217650949577	
0.83	0.216415528829	
0.831	0.215179648293	
0.832	0.213943308352	
0.833	0.212706509388	
0.834	0.211469251781	
0.835	0.210231535912	
0.836	0.208993362159	
0.837	0.207754730903	
0.838	0.206515642519	
0.839	0.205276097387	
0.84	0.204036095881	
0.841	0.202795638378	
0.842	0.201554725252	
0.843	0.200313356878	
0.844	0.199071533628	
0.845	0.197829255875	
0.846	0.196586523992	
0.847	0.195343338348	
0.848	0.194099699315	
0.849	0.192855607263	
0.85	0.191611062559	
0.851	0.190366065572	
0.852	0.18912061667	
0.853	0.187874716219	
0.854	0.186628364585	
0.855	0.185381562133	
0.856	0.184134309228	
0.857	0.182886606234	
0.858	0.181638453513	
0.859	0.180389851428	
0.86	0.179140800341	
0.861	0.177891300613	
0.862	0.176641352603	
0.863	0.175390956671	
0.864	0.174140113176	
0.865	0.172888822477	
0.866	0.17163708493	
0.867	0.170384900892	
0.868	0.169132270719	
0.869	0.167879194767	
0.87	0.166625673389	
0.871	0.165371706941	
0.872	0.164117295775	
0.873	0.162862440244	
0.874	0.1616071407	
0.875	0.160351397493	
0.876	0.159095210975	
0.877	0.157838581495	
0.878	0.156581509402	
0.879	0.155323995045	
0.88	0.154066038772	
0.881	0.152807640929	
0.882	0.151548801864	
0.883	0.150289521922	
0.884	0.149029801448	
0.885	0.147769640787	
0.886	0.146509040282	
0.887	0.145248000278	
0.888	0.143986521115	
0.889	0.142724603136	
0.89	0.141462246683	
0.891	0.140199452096	
0.892	0.138936219714	
0.893	0.137672549878	
0.894	0.136408442926	
0.895	0.135143899195	
0.896	0.133878919023	
0.897	0.132613502747	
0.898	0.131347650703	
0.899	0.130081363226	
0.9	0.128814640652	
0.901	0.127547483313	
0.902	0.126279891545	
0.903	0.12501186568	
0.904	0.12374340605	
0.905	0.122474512986	
0.906	0.121205186821	
0.907	0.119935427884	
0.908	0.118665236505	
0.909	0.117394613014	
0.91	0.116123557738	
0.911	0.114852071007	
0.912	0.113580153147	
0.913	0.112307804486	
0.914	0.111035025349	
0.915	0.109761816062	
0.916	0.10848817695	
0.917	0.107214108337	
0.918	0.105939610548	
0.919	0.104664683904	
0.92	0.10338932873	
0.921	0.102113545346	
0.922	0.100837334075	
0.923	0.0995606952371	
0.924	0.0982836291523	
0.925	0.0970061361404	
0.926	0.0957282165205	
0.927	0.0944498706111	
0.928	0.0931710987301	
0.929	0.0918919011947	
0.93	0.0906122783217	
0.931	0.0893322304272	
0.932	0.0880517578269	
0.933	0.0867708608357	
0.934	0.085489539768	
0.935	0.0842077949378	
0.936	0.0829256266584	
0.937	0.0816430352424	
0.938	0.080360021002	
0.939	0.0790765842489	
0.94	0.0777927252941	
0.941	0.076508444448	
0.942	0.0752237420207	
0.943	0.0739386183214	
0.944	0.0726530736589	
0.945	0.0713671083417	
0.946	0.0700807226772	
0.947	0.0687939169728	
0.948	0.067506691535	
0.949	0.0662190466699	
0.95	0.064930982683	
0.951	0.0636424998792	
0.952	0.0623535985631	
0.953	0.0610642790385	
0.954	0.0597745416087	
0.955	0.0584843865766	
0.956	0.0571938142444	
0.957	0.055902824914	
0.958	0.0546114188864	
0.959	0.0533195964624	
0.96	0.0520273579421	
0.961	0.0507347036251	
0.962	0.0494416338106	
0.963	0.0481481487971	
0.964	0.0468542488826	
0.965	0.0455599343646	
0.966	0.0442652055402	
0.967	0.0429700627059	
0.968	0.0416745061575	
0.969	0.0403785361905	
0.97	0.0390821530999	
0.971	0.0377853571801	
0.972	0.0364881487249	
0.973	0.0351905280277	
0.974	0.0338924953815	
0.975	0.0325940510786	
0.976	0.0312951954108	
0.977	0.0299959286695	
0.978	0.0286962511455	
0.979	0.0273961631293	
0.98	0.0260956649106	
0.981	0.0247947567788	
0.982	0.0234934390228	
0.983	0.0221917119308	
0.984	0.0208895757908	
0.985	0.0195870308901	
0.986	0.0182840775155	
0.987	0.0169807159535	
0.988	0.0156769464899	
0.989	0.0143727694101	
0.99	0.013068184999	
0.991	0.011763193541	
0.992	0.0104577953201	
0.993	0.00915199061975	
0.994	0.00784577972284	
0.995	0.0065391629119	
0.996	0.00523214046893	
0.997	0.00392471267544	
0.998	0.00261687981249	
0.999	0.00130864216064	
1.0	0.0	
