0.0	1.0	
0.001	0.999991537802	
0.002	0.999972680269	
0.003	0.99994577265	
0.004	0.999911799782	
0.005	0.999871373965	
0.006	0.999824930046	
0.007	0.999772800246	
0.008	0.999715250547	
0.009	0.999652500988	
0.01	0.999584738067	
0.011	0.999512122842	
0.012	0.999434796483	
0.013	0.999352884238	
0.014	0.999266498351	
0.015	0.999175740276	
0.016	0.999080702378	
0.017	0.998981469282	
0.018	0.998878118947	
0.019	0.998770723542	
0.02	0.998659350162	
0.021	0.998544061427	
0.022	0.998424915985	
0.023	0.998301968932	
0.024	0.998175272177	
0.025	0.998044874754	
0.026	0.997910823091	
0.027	0.997773161245	
0.028	0.997631931107	
0.029	0.997487172584	
0.03	0.997338923757	
0.031	0.997187221028	
0.032	0.99703209924	
0.033	0.996873591796	
0.034	0.99671173076	
0.035	0.996546546947	
0.036	0.996378070006	
0.037	0.9962063285	
0.038	0.996031349969	
0.039	0.995853160996	
0.04	0.995671787264	
0.041	0.995487253606	
0.042	0.995299584057	
0.043	0.995108801896	
0.044	0.994914929686	
0.045	0.994717989315	
0.046	0.994518002027	
0.047	0.994314988458	
0.048	0.994108968666	
0.049	0.993899962156	
0.05	0.993687987907	
0.051	0.993473064401	
0.052	0.99325520964	
0.053	0.993034441169	
0.054	0.992810776098	
0.055	0.99258423112	
0.056	0.992354822527	
0.057	0.992122566226	
0.058	0.991887477761	
0.059	0.991649572318	
0.06	0.991408864747	
0.061	0.991165369572	
0.062	0.990919101002	
0.063	0.990670072945	
0.064	0.990418299019	
0.065	0.99016379256	
0.066	0.989906566636	
0.067	0.989646634054	
0.068	0.989384007369	
0.069	0.989118698892	
0.07	0.9888507207	
0.071	0.988580084645	
0.072	0.988306802356	
0.073	0.988030885252	
0.074	0.987752344545	
0.075	0.987471191249	
0.076	0.987187436182	
0.077	0.986901089978	
0.078	0.986612163087	
0.079	0.986320665785	
0.08	0.986026608175	
0.081	0.985730000195	
0.082	0.985430851621	
0.083	0.985129172074	
0.084	0.984824971019	
0.085	0.984518257777	
0.086	0.984209041522	
0.087	0.983897331289	
0.088	0.983583135977	
0.089	0.98326646435	
0.09	0.982947325044	
0.091	0.982625726569	
0.092	0.982301677312	
0.093	0.981975185541	
0.094	0.981646259404	
0.095	0.98131490694	
0.096	0.980981136072	
0.097	0.980644954617	
0.098	0.980306370286	
0.099	0.979965390687	
0.1	0.979622023326	
0.101	0.979276275611	
0.102	0.978928154853	
0.103	0.97857766827	
0.104	0.978224822987	
0.105	0.977869626039	
0.106	0.977512084373	
0.107	0.977152204851	
0.108	0.97678999425	
0.109	0.976425459263	
0.11	0.976058606506	
0.111	0.975689442513	
0.112	0.975317973741	
0.113	0.974944206572	
0.114	0.974568147315	
0.115	0.974189802203	
0.116	0.973809177402	
0.117	0.973426279004	
0.118	0.973041113036	
0.119	0.972653685457	
0.12	0.972264002158	
0.121	0.971872068969	
0.122	0.971477891655	
0.123	0.971081475919	
0.124	0.970682827403	
0.125	0.970281951689	
0.126	0.969878854302	
0.127	0.969473540707	
0.128	0.969066016315	
0.129	0.968656286481	
0.13	0.968244356502	
0.131	0.967830231627	
0.132	0.967413917049	
0.133	0.966995417909	
0.134	0.9665747393	
0.135	0.966151886263	
0.136	0.96572686379	
0.137	0.965299676826	
0.138	0.964870330267	
0.139	0.964438828964	
0.14	0.964005177721	
0.141	0.963569381298	
0.142	0.963131444411	
0.143	0.96269137173	
0.144	0.962249167884	
0.145	0.961804837461	
0.146	0.961358385005	
0.147	0.96090981502	
0.148	0.96045913197	
0.149	0.960006340281	
0.15	0.959551444336	
0.151	0.959094448484	
0.152	0.958635357033	
0.153	0.958174174257	
0.154	0.957710904389	
0.155	0.95724555163	
0.156	0.956778120144	
0.157	0.956308614058	
0.158	0.955837037469	
0.159	0.955363394435	
0.16	0.954887688984	
0.161	0.95440992511	
0.162	0.953930106773	
0.163	0.953448237903	
0.164	0.952964322398	
0.165	0.952478364123	
0.166	0.951990366915	
0.167	0.951500334578	
0.168	0.951008270889	
0.169	0.950514179592	
0.17	0.950018064406	
0.171	0.949519929018	
0.172	0.949019777087	
0.173	0.948517612247	
0.174	0.9480134381	
0.175	0.947507258226	
0.176	0.946999076173	
0.177	0.946488895466	
0.178	0.945976719603	
0.179	0.945462552056	
0.18	0.944946396271	
0.181	0.944428255671	
0.182	0.943908133651	
0.183	0.943386033584	
0.184	0.942861958819	
0.185	0.942335912678	
0.186	0.941807898464	
0.187	0.941277919453	
0.188	0.940745978899	
0.189	0.940212080035	
0.19	0.939676226069	
0.191	0.939138420189	
0.192	0.93859866556	
0.193	0.938056965325	
0.194	0.937513322607	
0.195	0.936967740507	
0.196	0.936420222104	
0.197	0.93587077046	
0.198	0.935319388612	
0.199	0.93476607958	
0.2	0.934210846364	
0.201	0.933653691943	
0.202	0.933094619277	
0.203	0.932533631306	
0.204	0.931970730954	
0.205	0.931405921123	
0.206	0.930839204697	
0.207	0.930270584544	
0.208	0.92970006351	
0.209	0.929127644426	
0.21	0.928553330104	
0.211	0.92797712334	
0.212	0.92739902691	
0.213	0.926819043575	
0.214	0.926237176078	
0.215	0.925653427145	
0.216	0.925067799486	
0.217	0.924480295795	
0.218	0.923890918749	
0.219	0.923299671008	
0.22	0.922706555218	
0.221	0.922111574007	
0.222	0.92151472999	
0.223	0.920916025765	
0.224	0.920315463915	
0.225	0.919713047008	
0.226	0.919108777595	
0.227	0.918502658217	
0.228	0.917894691395	
0.229	0.917284879639	
0.23	0.916673225444	
0.231	0.916059731289	
0.232	0.915444399641	
0.233	0.914827232952	
0.234	0.914208233661	
0.235	0.913587404192	
0.236	0.912964746958	
0.237	0.912340264355	
0.238	0.911713958768	
0.239	0.911085832569	
0.24	0.910455888116	
0.241	0.909824127756	
0.242	0.90919055382	
0.243	0.908555168629	
0.244	0.907917974491	
0.245	0.907278973701	
0.246	0.906638168542	
0.247	0.905995561285	
0.248	0.905351154188	
0.249	0.904704949499	
0.25	0.904056949452	
0.251	0.903407156271	
0.252	0.902755572168	
0.253	0.902102199343	
0.254	0.901447039984	
0.255	0.900790096268	
0.256	0.900131370363	
0.257	0.899470864424	
0.258	0.898808580594	
0.259	0.898144521007	
0.26	0.897478687786	
0.261	0.896811083042	
0.262	0.896141708876	
0.263	0.89547056738	
0.264	0.894797660633	
0.265	0.894122990705	
0.266	0.893446559657	
0.267	0.892768369537	
0.268	0.892088422385	
0.269	0.891406720231	
0.27	0.890723265094	
0.271	0.890038058984	
0.272	0.889351103902	
0.273	0.888662401837	
0.274	0.88797195477	
0.275	0.887279764673	
0.276	0.886585833509	
0.277	0.885890163229	
0.278	0.885192755777	
0.279	0.884493613088	
0.28	0.883792737086	
0.281	0.883090129688	
0.282	0.882385792801	
0.283	0.881679728324	
0.284	0.880971938146	
0.285	0.880262424148	
0.286	0.879551188202	
0.287	0.878838232172	
0.288	0.878123557913	
0.289	0.877407167272	
0.29	0.876689062087	
0.291	0.875969244188	
0.292	0.875247715397	
0.293	0.874524477527	
0.294	0.873799532384	
0.295	0.873072881766	
0.296	0.872344527461	
0.297	0.871614471251	
0.298	0.870882714911	
0.299	0.870149260206	
0.3	0.869414108893	
0.301	0.868677262724	
0.302	0.867938723441	
0.303	0.867198492779	
0.304	0.866456572467	
0.305	0.865712964224	
0.306	0.864967669764	
0.307	0.864220690791	
0.308	0.863472029005	
0.309	0.862721686096	
0.31	0.861969663749	
0.311	0.861215963639	
0.312	0.860460587437	
0.313	0.859703536806	
0.314	0.8589448134	
0.315	0.858184418869	
0.316	0.857422354856	
0.317	0.856658622994	
0.318	0.855893224913	
0.319	0.855126162233	
0.32	0.854357436571	
0.321	0.853587049534	
0.322	0.852815002725	
0.323	0.852041297738	
0.324	0.851265936162	
0.325	0.850488919581	
0.326	0.849710249569	
0.327	0.848929927697	
0.328	0.848147955528	
0.329	0.847364334618	
0.33	0.84657906652	
0.331	0.845792152778	
0.332	0.845003594931	
0.333	0.84421339451	
0.334	0.843421553044	
0.335	0.842628072051	
0.336	0.841832953048	
0.337	0.841036197542	
0.338	0.840237807036	
0.339	0.839437783029	
0.34	0.83863612701	
0.341	0.837832840465	
0.342	0.837027924874	
0.343	0.836221381712	
0.344	0.835413212446	
0.345	0.83460341854	
0.346	0.833792001451	
0.347	0.83297896263	
0.348	0.832164303525	
0.349	0.831348025575	
0.35	0.830530130217	
0.351	0.829710618881	
0.352	0.82888949299	
0.353	0.828066753966	
0.354	0.827242403221	
0.355	0.826416442165	
0.356	0.825588872202	
0.357	0.82475969473	
0.358	0.823928911142	
0.359	0.823096522828	
0.36	0.82226253117	
0.361	0.821426937546	
0.362	0.82058974333	
0.363	0.81975094989	
0.364	0.81891055859	
0.365	0.818068570787	
0.366	0.817224987836	
0.367	0.816379811085	
0.368	0.815533041878	
0.369	0.814684681553	
0.37	0.813834731446	
0.371	0.812983192887	
0.372	0.812130067199	
0.373	0.811275355703	
0.374	0.810419059715	
0.375	0.809561180546	
0.376	0.808701719502	
0.377	0.807840677885	
0.378	0.806978056992	
0.379	0.806113858117	
0.38	0.805248082548	
0.381	0.804380731568	
0.382	0.803511806458	
0.383	0.802641308491	
0.384	0.80176923894	
0.385	0.80089559907	
0.386	0.800020390144	
0.387	0.799143613419	
0.388	0.79826527015	
0.389	0.797385361585	
0.39	0.796503888969	
0.391	0.795620853544	
0.392	0.794736256546	
0.393	0.793850099208	
0.394	0.792962382758	
0.395	0.792073108422	
0.396	0.791182277419	
0.397	0.790289890965	
0.398	0.789395950274	
0.399	0.788500456553	
0.4	0.787603411007	
0.401	0.786704814836	
0.402	0.785804669238	
0.403	0.784902975403	
0.404	0.783999734522	
0.405	0.783094947779	
0.406	0.782188616355	
0.407	0.781280741428	
0.408	0.78037132417	
0.409	0.779460365752	
0.41	0.778547867339	
0.411	0.777633830094	
0.412	0.776718255176	
0.413	0.775801143738	
0.414	0.774882496933	
0.415	0.773962315907	
0.416	0.773040601805	
0.417	0.772117355767	
0.418	0.771192578929	
0.419	0.770266272426	
0.42	0.769338437385	
0.421	0.768409074934	
0.422	0.767478186196	
0.423	0.766545772288	
0.424	0.765611834327	
0.425	0.764676373425	
0.426	0.763739390691	
0.427	0.762800887229	
0.428	0.761860864143	
0.429	0.76091932253	
0.43	0.759976263486	
0.431	0.759031688103	
0.432	0.758085597469	
0.433	0.757137992669	
0.434	0.756188874785	
0.435	0.755238244897	
0.436	0.75428610408	
0.437	0.753332453405	
0.438	0.752377293942	
0.439	0.751420626757	
0.44	0.750462452912	
0.441	0.749502773467	
0.442	0.748541589477	
0.443	0.747578901998	
0.444	0.746614712077	
0.445	0.745649020763	
0.446	0.744681829099	
0.447	0.743713138126	
0.448	0.742742948882	
0.449	0.741771262402	
0.45	0.740798079717	
0.451	0.739823401856	
0.452	0.738847229844	
0.453	0.737869564706	
0.454	0.736890407459	
0.455	0.735909759122	
0.456	0.734927620708	
0.457	0.733943993228	
0.458	0.73295887769	
0.459	0.731972275099	
0.46	0.730984186459	
0.461	0.729994612768	
0.462	0.729003555023	
0.463	0.728011014217	
0.464	0.727016991343	
0.465	0.726021487388	
0.466	0.725024503337	
0.467	0.724026040174	
0.468	0.723026098877	
0.469	0.722024680426	
0.47	0.721021785792	
0.471	0.72001741595	
0.472	0.719011571867	
0.473	0.71800425451	
0.474	0.716995464842	
0.475	0.715985203826	
0.476	0.714973472418	
0.477	0.713960271574	
0.478	0.712945602248	
0.479	0.711929465391	
0.48	0.71091186195	
0.481	0.709892792869	
0.482	0.708872259093	
0.483	0.707850261562	
0.484	0.706826801212	
0.485	0.705801878978	
0.486	0.704775495795	
0.487	0.70374765259	
0.488	0.702718350293	
0.489	0.701687589828	
0.49	0.700655372117	
0.491	0.699621698081	
0.492	0.698586568637	
0.493	0.6975499847	
0.494	0.696511947184	
0.495	0.695472456998	
0.496	0.694431515051	
0.497	0.693389122247	
0.498	0.692345279491	
0.499	0.691299987683	
0.5	0.69025324772	
0.501	0.689205060501	
0.502	0.688155426917	
0.503	0.68710434786	
0.504	0.686051824221	
0.505	0.684997856884	
0.506	0.683942446735	
0.507	0.682885594655	
0.508	0.681827301526	
0.509	0.680767568223	
0.51	0.679706395623	
0.511	0.678643784599	
0.512	0.677579736021	
0.513	0.676514250759	
0.514	0.675447329678	
0.515	0.674378973643	
0.516	0.673309183515	
0.517	0.672237960155	
0.518	0.671165304421	
0.519	0.670091217166	
0.52	0.669015699246	
0.521	0.667938751511	
0.522	0.666860374811	
0.523	0.665780569991	
0.524	0.664699337897	
0.525	0.663616679371	
0.526	0.662532595255	
0.527	0.661447086386	
0.528	0.6603601536	
0.529	0.659271797733	
0.53	0.658182019616	
0.531	0.65709082008	
0.532	0.655998199952	
0.533	0.654904160059	
0.534	0.653808701225	
0.535	0.652711824271	
0.536	0.651613530019	
0.537	0.650513819285	
0.538	0.649412692886	
0.539	0.648310151636	
0.54	0.647206196347	
0.541	0.646100827829	
0.542	0.64499404689	
0.543	0.643885854336	
0.544	0.642776250972	
0.545	0.6416652376	
0.546	0.64055281502	
0.547	0.639438984031	
0.548	0.638323745429	
0.549	0.637207100009	
0.55	0.636089048563	
0.551	0.634969591883	
0.552	0.633848730757	
0.553	0.632726465972	
0.554	0.631602798314	
0.555	0.630477728566	
0.556	0.629351257509	
0.557	0.628223385924	
0.558	0.627094114588	
0.559	0.625963444277	
0.56	0.624831375765	
0.561	0.623697909824	
0.562	0.622563047226	
0.563	0.621426788739	
0.564	0.62028913513	
0.565	0.619150087164	
0.566	0.618009645605	
0.567	0.616867811214	
0.568	0.615724584752	
0.569	0.614579966976	
0.57	0.613433958642	
0.571	0.612286560507	
0.572	0.611137773321	
0.573	0.609987597838	
0.574	0.608836034805	
0.575	0.607683084972	
0.576	0.606528749083	
0.577	0.605373027884	
0.578	0.604215922118	
0.579	0.603057432524	
0.58	0.601897559843	
0.581	0.600736304813	
0.582	0.599573668168	
0.583	0.598409650644	
0.584	0.597244252974	
0.585	0.596077475887	
0.586	0.594909320115	
0.587	0.593739786384	
0.588	0.592568875421	
0.589	0.59139658795	
0.59	0.590222924695	
0.591	0.589047886376	
0.592	0.587871473713	
0.593	0.586693687425	
0.594	0.585514528228	
0.595	0.584333996837	
0.596	0.583152093965	
0.597	0.581968820325	
0.598	0.580784176626	
0.599	0.579598163577	
0.6	0.578410781886	
0.601	0.577222032257	
0.602	0.576031915396	
0.603	0.574840432005	
0.604	0.573647582784	
0.605	0.572453368434	
0.606	0.571257789651	
0.607	0.570060847134	
0.608	0.568862541576	
0.609	0.567662873671	
0.61	0.566461844111	
0.611	0.565259453587	
0.612	0.564055702788	
0.613	0.562850592401	
0.614	0.561644123112	
0.615	0.560436295607	
0.616	0.559227110567	
0.617	0.558016568675	
0.618	0.556804670611	
0.619	0.555591417055	
0.62	0.554376808682	
0.621	0.55316084617	
0.622	0.551943530192	
0.623	0.550724861422	
0.624	0.549504840532	
0.625	0.548283468192	
0.626	0.54706074507	
0.627	0.545836671835	
0.628	0.544611249152	
0.629	0.543384477685	
0.63	0.542156358099	
0.631	0.540926891056	
0.632	0.539696077215	
0.633	0.538463917235	
0.634	0.537230411776	
0.635	0.535995561493	
0.636	0.534759367041	
0.637	0.533521829075	
0.638	0.532282948245	
0.639	0.531042725205	
0.64	0.529801160602	
0.641	0.528558255087	
0.642	0.527314009305	
0.643	0.526068423903	
0.644	0.524821499525	
0.645	0.523573236814	
0.646	0.522323636412	
0.647	0.521072698959	
0.648	0.519820425095	
0.649	0.518566815458	
0.65	0.517311870685	
0.651	0.51605559141	
0.652	0.514797978268	
0.653	0.513539031891	
0.654	0.512278752912	
0.655	0.51101714196	
0.656	0.509754199665	
0.657	0.508489926654	
0.658	0.507224323554	
0.659	0.50595739099	
0.66	0.504689129586	
0.661	0.503419539965	
0.662	0.502148622748	
0.663	0.500876378556	
0.664	0.499602808008	
0.665	0.498327911722	
0.666	0.497051690314	
0.667	0.4957741444	
0.668	0.494495274594	
0.669	0.493215081509	
0.67	0.491933565758	
0.671	0.490650727949	
0.672	0.489366568694	
0.673	0.4880810886	
0.674	0.486794288275	
0.675	0.485506168324	
0.676	0.484216729352	
0.677	0.482925971962	
0.678	0.481633896757	
0.679	0.480340504339	
0.68	0.479045795306	
0.681	0.477749770259	
0.682	0.476452429795	
0.683	0.47515377451	
0.684	0.473853805	
0.685	0.472552521859	
0.686	0.471249925681	
0.687	0.469946017057	
0.688	0.468640796579	
0.689	0.467334264835	
0.69	0.466026422416	
0.691	0.464717269908	
0.692	0.463406807898	
0.693	0.462095036971	
0.694	0.460781957711	
0.695	0.459467570702	
0.696	0.458151876525	
0.697	0.456834875762	
0.698	0.455516568993	
0.699	0.454196956795	
0.7	0.452876039747	
0.701	0.451553818425	
0.702	0.450230293405	
0.703	0.448905465262	
0.704	0.447579334568	
0.705	0.446251901896	
0.706	0.444923167817	
0.707	0.443593132901	
0.708	0.442261797718	
0.709	0.440929162835	
0.71	0.43959522882	
0.711	0.438259996238	
0.712	0.436923465655	
0.713	0.435585637634	
0.714	0.434246512738	
0.715	0.432906091529	
0.716	0.431564374568	
0.717	0.430221362414	
0.718	0.428877055626	
0.719	0.427531454763	
0.72	0.42618456038	
0.721	0.424836373033	
0.722	0.423486893278	
0.723	0.422136121667	
0.724	0.420784058753	
0.725	0.419430705089	
0.726	0.418076061224	
0.727	0.416720127709	
0.728	0.415362905092	
0.729	0.414004393921	
0.73	0.412644594742	
0.731	0.411283508101	
0.732	0.409921134544	
0.733	0.408557474613	
0.734	0.407192528852	
0.735	0.405826297803	
0.736	0.404458782006	
0.737	0.403089982001	
0.738	0.401719898327	
0.739	0.400348531523	
0.74	0.398975882125	
0.741	0.397601950669	
0.742	0.396226737691	
0.743	0.394850243725	
0.744	0.393472469304	
0.745	0.39209341496	
0.746	0.390713081225	
0.747	0.389331468629	
0.748	0.387948577701	
0.749	0.386564408971	
0.75	0.385178962966	
0.751	0.383792240213	
0.752	0.382404241238	
0.753	0.381014966565	
0.754	0.379624416718	
0.755	0.378232592221	
0.756	0.376839493596	
0.757	0.375445121364	
0.758	0.374049476046	
0.759	0.37265255816	
0.76	0.371254368226	
0.761	0.369854906761	
0.762	0.368454174282	
0.763	0.367052171306	
0.764	0.365648898346	
0.765	0.364244355917	
0.766	0.362838544533	
0.767	0.361431464705	
0.768	0.360023116946	
0.769	0.358613501766	
0.77	0.357202619674	
0.771	0.35579047118	
0.772	0.354377056792	
0.773	0.352962377017	
0.774	0.35154643236	
0.775	0.350129223328	
0.776	0.348710750426	
0.777	0.347291014156	
0.778	0.345870015023	
0.779	0.344447753527	
0.78	0.34302423017	
0.781	0.341599445453	
0.782	0.340173399875	
0.783	0.338746093935	
0.784	0.33731752813	
0.785	0.335887702958	
0.786	0.334456618915	
0.787	0.333024276496	
0.788	0.331590676196	
0.789	0.330155818508	
0.79	0.328719703926	
0.791	0.327282332941	
0.792	0.325843706045	
0.793	0.324403823728	
0.794	0.32296268648	
0.795	0.32152029479	
0.796	0.320076649146	
0.797	0.318631750035	
0.798	0.317185597943	
0.799	0.315738193356	
0.8	0.314289536759	
0.801	0.312839628637	
0.802	0.311388469471	
0.803	0.309936059745	
0.804	0.308482399941	
0.805	0.307027490539	
0.806	0.30557133202	
0.807	0.304113924862	
0.808	0.302655269544	
0.809	0.301195366545	
0.81	0.299734216341	
0.811	0.298271819408	
0.812	0.296808176221	
0.813	0.295343287257	
0.814	0.293877152988	
0.815	0.292409773887	
0.816	0.290941150428	
0.817	0.289471283081	
0.818	0.288000172318	
0.819	0.286527818608	
0.82	0.285054222422	
0.821	0.283579384227	
0.822	0.282103304492	
0.823	0.280625983684	
0.824	0.27914742227	
0.825	0.277667620714	
0.826	0.276186579481	
0.827	0.274704299037	
0.828	0.273220779845	
0.829	0.271736022366	
0.83	0.270250027064	
0.831	0.268762794399	
0.832	0.267274324832	
0.833	0.265784618823	
0.834	0.264293676831	
0.835	0.262801499314	
0.836	0.26130808673	
0.837	0.259813439535	
0.838	0.258317558187	
0.839	0.25682044314	
0.84	0.255322094849	
0.841	0.253822513769	
0.842	0.252321700353	
0.843	0.250819655053	
0.844	0.249316378321	
0.845	0.24781187061	
0.846	0.246306132368	
0.847	0.244799164046	
0.848	0.243290966094	
0.849	0.241781538959	
0.85	0.24027088309	
0.851	0.238758998934	
0.852	0.237245886936	
0.853	0.235731547544	
0.854	0.234215981201	
0.855	0.232699188352	
0.856	0.231181169441	
0.857	0.229661924911	
0.858	0.228141455204	
0.859	0.226619760762	
0.86	0.225096842025	
0.861	0.223572699435	
0.862	0.22204733343	
0.863	0.22052074445	
0.864	0.218992932933	
0.865	0.217463899316	
0.866	0.215933644037	
0.867	0.214402167532	
0.868	0.212869470236	
0.869	0.211335552585	
0.87	0.209800415012	
0.871	0.208264057952	
0.872	0.206726481837	
0.873	0.205187687101	
0.874	0.203647674174	
0.875	0.202106443487	
0.876	0.200563995472	
0.877	0.199020330558	
0.878	0.197475449173	
0.879	0.195929351748	
0.88	0.194382038708	
0.881	0.192833510483	
0.882	0.191283767498	
0.883	0.189732810179	
0.884	0.188180638951	
0.885	0.18662725424	
0.886	0.18507265647	
0.887	0.183516846063	
0.888	0.181959823443	
0.889	0.180401589032	
0.89	0.178842143251	
0.891	0.177281486521	
0.892	0.175719619264	
0.893	0.174156541898	
0.894	0.172592254842	
0.895	0.171026758515	
0.896	0.169460053336	
0.897	0.167892139721	
0.898	0.166323018086	
0.899	0.164752688849	
0.9	0.163181152423	
0.901	0.161608409225	
0.902	0.160034459669	
0.903	0.158459304168	
0.904	0.156882943134	
0.905	0.155305376982	
0.906	0.153726606122	
0.907	0.152146630965	
0.908	0.150565451923	
0.909	0.148983069405	
0.91	0.147399483821	
0.911	0.14581469558	
0.912	0.14422870509	
0.913	0.142641512759	
0.914	0.141053118993	
0.915	0.1394635242	
0.916	0.137872728786	
0.917	0.136280733155	
0.918	0.134687537712	
0.919	0.133093142863	
0.92	0.13149754901	
0.921	0.129900756556	
0.922	0.128302765904	
0.923	0.126703577456	
0.924	0.125103191614	
0.925	0.123501608777	
0.926	0.121898829347	
0.927	0.120294853723	
0.928	0.118689682303	
0.929	0.117083315487	
0.93	0.115475753673	
0.931	0.113866997258	
0.932	0.112257046638	
0.933	0.11064590221	
0.934	0.109033564371	
0.935	0.107420033514	
0.936	0.105805310034	
0.937	0.104189394326	
0.938	0.102572286784	
0.939	0.100953987799	
0.94	0.0993344977652	
0.941	0.0977138170736	
0.942	0.0960919461157	
0.943	0.0944688852824	
0.944	0.0928446349638	
0.945	0.0912191955496	
0.946	0.0895925674291	
0.947	0.0879647509908	
0.948	0.0863357466229	
0.949	0.0847055547128	
0.95	0.0830741756476	
0.951	0.0814416098137	
0.952	0.0798078575972	
0.953	0.0781729193834	
0.954	0.0765367955573	
0.955	0.0748994865031	
0.956	0.0732609926047	
0.957	0.0716213142454	
0.958	0.069980451808	
0.959	0.0683384056748	
0.96	0.0666951762274	
0.961	0.0650507638472	
0.962	0.0634051689147	
0.963	0.0617583918103	
0.964	0.0601104329134	
0.965	0.0584612926034	
0.966	0.0568109712587	
0.967	0.0551594692576	
0.968	0.0535067869776	
0.969	0.0518529247959	
0.97	0.0501978830889	
0.971	0.0485416622328	
0.972	0.0468842626032	
0.973	0.0452256845751	
0.974	0.0435659285231	
0.975	0.0419049948212	
0.976	0.0402428838429	
0.977	0.0385795959614	
0.978	0.0369151315492	
0.979	0.0352494909783	
0.98	0.0335826746203	
0.981	0.0319146828462	
0.982	0.0302455160267	
0.983	0.0285751745316	
0.984	0.0269036587308	
0.985	0.0252309689932	
0.986	0.0235571056873	
0.987	0.0218820691814	
0.988	0.0202058598431	
0.989	0.0185284780394	
0.99	0.016849924137	
0.991	0.015170198502	
0.992	0.0134893015002	
0.993	0.0118072334967	
0.994	0.0101239948562	
0.995	0.00843958594297	
0.996	0.00675400712074	
0.997	0.00506725875277	
0.998	0.00337934120186	
0.999	0.00169025483032	
1.0	0.0	
