0.0	1.0	
0.001	0.986664506347	
0.002	0.979432959384	
0.003	0.97349944259	
0.004	0.968277015989	
0.005	0.963526233972	
0.006	0.959119917851	
0.007	0.954980455784	
0.008	0.95105615322	
0.009	0.947310425107	
0.01	0.943716196582	
0.011	0.940252730703	
0.012	0.936903705947	
0.013	0.933655988034	
0.014	0.930498811249	
0.015	0.927423213296	
0.016	0.924421633537	
0.017	0.921487620142	
0.018	0.918615611998	
0.019	0.915800773184	
0.02	0.913038865276	
0.021	0.910326147371	
0.022	0.907659296783	
0.023	0.9050353454	
0.024	0.902451628067	
0.025	0.899905740305	
0.026	0.897395503393	
0.027	0.894918935272	
0.028	0.892474226154	
0.029	0.890059717896	
0.03	0.887673886489	
0.031	0.885315327065	
0.032	0.882982741027	
0.033	0.880674924912	
0.034	0.878390760732	
0.035	0.876129207551	
0.036	0.8738892941	
0.037	0.871670112298	
0.038	0.869470811525	
0.039	0.867290593552	
0.04	0.865128708045	
0.041	0.862984448544	
0.042	0.860857148884	
0.043	0.858746179977	
0.044	0.856650946922	
0.045	0.854570886402	
0.046	0.852505464335	
0.047	0.850454173741	
0.048	0.848416532812	
0.049	0.846392083156	
0.05	0.844380388196	
0.051	0.842381031708	
0.052	0.840393616486	
0.053	0.838417763115	
0.054	0.836453108851	
0.055	0.834499306585	
0.056	0.832556023892	
0.057	0.830622942152	
0.058	0.828699755743	
0.059	0.826786171288	
0.06	0.824881906963	
0.061	0.822986691852	
0.062	0.821100265349	
0.063	0.819222376603	
0.064	0.817352783997	
0.065	0.815491254671	
0.066	0.813637564068	
0.067	0.811791495516	
0.068	0.809952839832	
0.069	0.808121394958	
0.07	0.806296965613	
0.071	0.80447936297	
0.072	0.802668404357	
0.073	0.800863912966	
0.074	0.799065717587	
0.075	0.797273652359	
0.076	0.795487556527	
0.077	0.793707274222	
0.078	0.791932654247	
0.079	0.790163549879	
0.08	0.788399818681	
0.081	0.786641322321	
0.082	0.784887926406	
0.083	0.783139500321	
0.084	0.781395917076	
0.085	0.779657053167	
0.086	0.777922788434	
0.087	0.776193005937	
0.088	0.774467591829	
0.089	0.772746435241	
0.09	0.771029428172	
0.091	0.769316465382	
0.092	0.767607444289	
0.093	0.765902264878	
0.094	0.764200829608	
0.095	0.76250304332	
0.096	0.760808813162	
0.097	0.759118048503	
0.098	0.75743066086	
0.099	0.755746563825	
0.1	0.754065672996	
0.101	0.75238790591	
0.102	0.75071318198	
0.103	0.749041422434	
0.104	0.747372550257	
0.105	0.745706490136	
0.106	0.744043168406	
0.107	0.742382512998	
0.108	0.740724453389	
0.109	0.73906892056	
0.11	0.737415846943	
0.111	0.735765166384	
0.112	0.734116814097	
0.113	0.732470726628	
0.114	0.730826841811	
0.115	0.729185098736	
0.116	0.727545437708	
0.117	0.725907800219	
0.118	0.724272128908	
0.119	0.722638367535	
0.12	0.721006460947	
0.121	0.719376355048	
0.122	0.717747996773	
0.123	0.716121334056	
0.124	0.71449631581	
0.125	0.712872891896	
0.126	0.711251013098	
0.127	0.709630631104	
0.128	0.708011698478	
0.129	0.70639416864	
0.13	0.704777995845	
0.131	0.703163135158	
0.132	0.701549542441	
0.133	0.699937174326	
0.134	0.698325988201	
0.135	0.696715942192	
0.136	0.695106995142	
0.137	0.693499106595	
0.138	0.691892236781	
0.139	0.690286346599	
0.14	0.688681397601	
0.141	0.68707735198	
0.142	0.685474172549	
0.143	0.683871822732	
0.144	0.682270266552	
0.145	0.680669468611	
0.146	0.679069394081	
0.147	0.677470008695	
0.148	0.675871278726	
0.149	0.674273170985	
0.15	0.672675652802	
0.151	0.671078692019	
0.152	0.669482256978	
0.153	0.667886316509	
0.154	0.666290839924	
0.155	0.664695797002	
0.156	0.663101157984	
0.157	0.661506893558	
0.158	0.659912974857	
0.159	0.658319373445	
0.16	0.656726061309	
0.161	0.655133010853	
0.162	0.653540194887	
0.163	0.65194758662	
0.164	0.650355159655	
0.165	0.648762887977	
0.166	0.647170745948	
0.167	0.645578708301	
0.168	0.64398675013	
0.169	0.642394846886	
0.17	0.640802974369	
0.171	0.639211108722	
0.172	0.637619226425	
0.173	0.636027304288	
0.174	0.634435319445	
0.175	0.63284324935	
0.176	0.631251071769	
0.177	0.629658764778	
0.178	0.628066306752	
0.179	0.626473676365	
0.18	0.624880852582	
0.181	0.623287814655	
0.182	0.621694542118	
0.183	0.620101014781	
0.184	0.618507212729	
0.185	0.616913116313	
0.186	0.615318706147	
0.187	0.613723963106	
0.188	0.612128868319	
0.189	0.610533403166	
0.19	0.608937549272	
0.191	0.607341288508	
0.192	0.605744602981	
0.193	0.604147475034	
0.194	0.602549887242	
0.195	0.600951822408	
0.196	0.599353263558	
0.197	0.59775419394	
0.198	0.596154597018	
0.199	0.594554456472	
0.2	0.592953756192	
0.201	0.591352480275	
0.202	0.589750613023	
0.203	0.588148138941	
0.204	0.58654504273	
0.205	0.58494130929	
0.206	0.583336923712	
0.207	0.581731871275	
0.208	0.580126137451	
0.209	0.57851970789	
0.21	0.57691256843	
0.211	0.575304705085	
0.212	0.573696104046	
0.213	0.572086751682	
0.214	0.570476634529	
0.215	0.568865739298	
0.216	0.567254052863	
0.217	0.565641562267	
0.218	0.564028254713	
0.219	0.562414117566	
0.22	0.560799138351	
0.221	0.559183304748	
0.222	0.557566604591	
0.223	0.555949025869	
0.224	0.554330556719	
0.225	0.552711185429	
0.226	0.55109090043	
0.227	0.549469690303	
0.228	0.547847543768	
0.229	0.546224449688	
0.23	0.544600397065	
0.231	0.542975375039	
0.232	0.541349372886	
0.233	0.539722380017	
0.234	0.538094385974	
0.235	0.536465380432	
0.236	0.534835353195	
0.237	0.533204294194	
0.238	0.53157219349	
0.239	0.529939041264	
0.24	0.528304827825	
0.241	0.526669543602	
0.242	0.525033179145	
0.243	0.523395725123	
0.244	0.521757172325	
0.245	0.520117511654	
0.246	0.518476734129	
0.247	0.516834830885	
0.248	0.515191793167	
0.249	0.513547612335	
0.25	0.511902279855	
0.251	0.510255787305	
0.252	0.508608126371	
0.253	0.506959288845	
0.254	0.505309266624	
0.255	0.503658051711	
0.256	0.502005636211	
0.257	0.500352012332	
0.258	0.498697172382	
0.259	0.497041108773	
0.26	0.495383814011	
0.261	0.493725280703	
0.262	0.492065501553	
0.263	0.490404469361	
0.264	0.488742177022	
0.265	0.487078617525	
0.266	0.485413783953	
0.267	0.48374766948	
0.268	0.482080267373	
0.269	0.480411570988	
0.27	0.478741573772	
0.271	0.477070269261	
0.272	0.475397651077	
0.273	0.473723712932	
0.274	0.472048448621	
0.275	0.470371852027	
0.276	0.468693917117	
0.277	0.467014637942	
0.278	0.465334008635	
0.279	0.463652023413	
0.28	0.461968676573	
0.281	0.460283962494	
0.282	0.458597875634	
0.283	0.456910410533	
0.284	0.455221561807	
0.285	0.45353132415	
0.286	0.451839692335	
0.287	0.45014666121	
0.288	0.448452225701	
0.289	0.446756380807	
0.29	0.445059121603	
0.291	0.443360443238	
0.292	0.441660340933	
0.293	0.439958809985	
0.294	0.438255845759	
0.295	0.436551443694	
0.296	0.4348455993	
0.297	0.433138308156	
0.298	0.431429565913	
0.299	0.429719368289	
0.3	0.428007711072	
0.301	0.426294590117	
0.302	0.424580001347	
0.303	0.422863940753	
0.304	0.421146404392	
0.305	0.419427388385	
0.306	0.417706888922	
0.307	0.415984902256	
0.308	0.414261424703	
0.309	0.412536452645	
0.31	0.410809982527	
0.311	0.409082010857	
0.312	0.407352534205	
0.313	0.405621549204	
0.314	0.403889052548	
0.315	0.40215504099	
0.316	0.400419511348	
0.317	0.398682460497	
0.318	0.396943885373	
0.319	0.39520378297	
0.32	0.393462150342	
0.321	0.391718984603	
0.322	0.389974282921	
0.323	0.388228042525	
0.324	0.386480260701	
0.325	0.38473093479	
0.326	0.382980062191	
0.327	0.381227640359	
0.328	0.379473666803	
0.329	0.37771813909	
0.33	0.375961054839	
0.331	0.374202411726	
0.332	0.372442207481	
0.333	0.370680439884	
0.334	0.368917106774	
0.335	0.36715220604	
0.336	0.365385735623	
0.337	0.363617693519	
0.338	0.361848077774	
0.339	0.360076886486	
0.34	0.358304117805	
0.341	0.356529769932	
0.342	0.354753841118	
0.343	0.352976329666	
0.344	0.351197233926	
0.345	0.349416552302	
0.346	0.347634283243	
0.347	0.345850425251	
0.348	0.344064976875	
0.349	0.342277936712	
0.35	0.340489303408	
0.351	0.338699075658	
0.352	0.336907252203	
0.353	0.335113831831	
0.354	0.33331881338	
0.355	0.331522195732	
0.356	0.329723977816	
0.357	0.327924158608	
0.358	0.32612273713	
0.359	0.324319712449	
0.36	0.322515083679	
0.361	0.320708849977	
0.362	0.318901010546	
0.363	0.317091564635	
0.364	0.315280511535	
0.365	0.313467850583	
0.366	0.311653581158	
0.367	0.309837702686	
0.368	0.308020214634	
0.369	0.306201116512	
0.37	0.304380407873	
0.371	0.302558088315	
0.372	0.300734157476	
0.373	0.298908615038	
0.374	0.297081460722	
0.375	0.295252694296	
0.376	0.293422315564	
0.377	0.291590324376	
0.378	0.28975672062	
0.379	0.287921504226	
0.38	0.286084675166	
0.381	0.28424623345	
0.382	0.282406179131	
0.383	0.280564512299	
0.384	0.278721233088	
0.385	0.276876341667	
0.386	0.275029838249	
0.387	0.273181723083	
0.388	0.271331996458	
0.389	0.269480658702	
0.39	0.267627710183	
0.391	0.265773151306	
0.392	0.263916982514	
0.393	0.26205920429	
0.394	0.260199817152	
0.395	0.258338821659	
0.396	0.256476218406	
0.397	0.254612008025	
0.398	0.252746191187	
0.399	0.250878768597	
0.4	0.249009741	
0.401	0.247139109175	
0.402	0.245266873941	
0.403	0.24339303615	
0.404	0.241517596691	
0.405	0.23964055649	
0.406	0.237761916509	
0.407	0.235881677744	
0.408	0.233999841228	
0.409	0.232116408029	
0.41	0.230231379249	
0.411	0.228344756028	
0.412	0.226456539537	
0.413	0.224566730986	
0.414	0.222675331615	
0.415	0.220782342702	
0.416	0.218887765558	
0.417	0.216991601528	
0.418	0.215093851991	
0.419	0.213194518359	
0.42	0.21129360208	
0.421	0.209391104634	
0.422	0.207487027534	
0.423	0.205581372326	
0.424	0.203674140591	
0.425	0.201765333941	
0.426	0.199854954023	
0.427	0.197943002513	
0.428	0.196029481124	
0.429	0.194114391597	
0.43	0.19219773571	
0.431	0.190279515268	
0.432	0.188359732113	
0.433	0.186438388114	
0.434	0.184515485177	
0.435	0.182591025235	
0.436	0.180665010254	
0.437	0.178737442233	
0.438	0.1768083232	
0.439	0.174877655216	
0.44	0.17294544037	
0.441	0.171011680786	
0.442	0.169076378615	
0.443	0.167139536041	
0.444	0.165201155277	
0.445	0.163261238568	
0.446	0.161319788187	
0.447	0.159376806439	
0.448	0.157432295658	
0.449	0.155486258208	
0.45	0.153538696484	
0.451	0.15158961291	
0.452	0.149639009937	
0.453	0.14768689005	
0.454	0.14573325576	
0.455	0.143778109609	
0.456	0.141821454166	
0.457	0.139863292031	
0.458	0.137903625832	
0.459	0.135942458226	
0.46	0.133979791899	
0.461	0.132015629565	
0.462	0.130049973966	
0.463	0.128082827873	
0.464	0.126114194086	
0.465	0.124144075432	
0.466	0.122172474767	
0.467	0.120199394972	
0.468	0.118224838961	
0.469	0.116248809671	
0.47	0.114271310069	
0.471	0.112292343149	
0.472	0.110311911932	
0.473	0.108330019468	
0.474	0.106346668831	
0.475	0.104361863126	
0.476	0.102375605482	
0.477	0.100387899056	
0.478	0.098398747033	
0.479	0.0964081526226	
0.48	0.0944161190623	
0.481	0.0924226496162	
0.482	0.0904277475744	
0.483	0.0884314162538	
0.484	0.0864336589972	
0.485	0.0844344791738	
0.486	0.0824338801789	
0.487	0.0804318654337	
0.488	0.0784284383854	
0.489	0.0764236025071	
0.49	0.0744173612974	
0.491	0.0724097182807	
0.492	0.070400677007	
0.493	0.0683902410517	
0.494	0.0663784140156	
0.495	0.0643651995247	
0.496	0.0623506012305	
0.497	0.0603346228094	
0.498	0.0583172679628	
0.499	0.0562985404171	
0.5	0.0542784439238	
0.501	0.0522569822589	
0.502	0.0502341592232	
0.503	0.0482099786421	
0.504	0.0461844443657	
0.505	0.0441575602683	
0.506	0.0421293302488	
0.507	0.0400997582303	
0.508	0.0380688481601	
0.509	0.0360366040098	
0.51	0.0340030297747	
0.511	0.0319681294744	
0.512	0.0299319071524	
0.513	0.0278943668757	
0.514	0.0258555127354	
0.515	0.0238153488462	
0.516	0.0217738793461	
0.517	0.019731108397	
0.518	0.0176870401839	
0.519	0.0156416789154	
0.52	0.0135950288232	
0.521	0.0115470941624	
0.522	0.00949787921107	
0.523	0.00744738827034	
0.524	0.00539562566439	
0.525	0.00334259574027	
0.526	0.00128830286788	
0.527	-0.000767248560155	
0.528	-0.00282405412849	
0.529	-0.00488210939919	
0.53	-0.00694140991176	
0.531	-0.00900195118327	
0.532	-0.0110637287084	
0.533	-0.0131267379594	
0.534	-0.0151909743864	
0.535	-0.0172564334173	
0.536	-0.0193231104579	
0.537	-0.0213910008919	
0.538	-0.0234601000811	
0.539	-0.0255304033654	
0.54	-0.0276019060628	
0.541	-0.0296746034696	
0.542	-0.0317484908604	
0.543	-0.0338235634882	
0.544	-0.0358998165843	
0.545	-0.0379772453587	
0.546	-0.0400558449999	
0.547	-0.0421356106751	
0.548	-0.04421653753	
0.549	-0.0462986206893	
0.55	-0.0483818552566	
0.551	-0.0504662363142	
0.552	-0.0525517589236	
0.553	-0.0546384181251	
0.554	-0.0567262089383	
0.555	-0.0588151263619	
0.556	-0.0609051653739	
0.557	-0.0629963209316	
0.558	-0.0650885879717	
0.559	-0.0671819614101	
0.56	-0.0692764361426	
0.561	-0.0713720070443	
0.562	-0.0734686689699	
0.563	-0.075566416754	
0.564	-0.0776652452108	
0.565	-0.0797651491344	
0.566	-0.0818661232986	
0.567	-0.0839681624575	
0.568	-0.0860712613449	
0.569	-0.0881754146748	
0.57	-0.0902806171413	
0.571	-0.0923868634187	
0.572	-0.0944941481616	
0.573	-0.0966024660048	
0.574	-0.0987118115637	
0.575	-0.100822179434	
0.576	-0.102933564192	
0.577	-0.105045960394	
0.578	-0.107159362578	
0.579	-0.109273765261	
0.58	-0.111389162943	
0.581	-0.113505550104	
0.582	-0.115622921203	
0.583	-0.117741270683	
0.584	-0.119860592965	
0.585	-0.121980882453	
0.586	-0.124102133532	
0.587	-0.126224340567	
0.588	-0.128347497906	
0.589	-0.130471599876	
0.59	-0.132596640787	
0.591	-0.134722614931	
0.592	-0.136849516578	
0.593	-0.138977339985	
0.594	-0.141106079385	
0.595	-0.143235728996	
0.596	-0.145366283017	
0.597	-0.147497735628	
0.598	-0.149630080992	
0.599	-0.151763313254	
0.6	-0.153897426538	
0.601	-0.156032414954	
0.602	-0.158168272591	
0.603	-0.160304993522	
0.604	-0.162442571801	
0.605	-0.164581001464	
0.606	-0.166720276531	
0.607	-0.168860391003	
0.608	-0.171001338862	
0.609	-0.173143114076	
0.61	-0.175285710592	
0.611	-0.177429122341	
0.612	-0.179573343238	
0.613	-0.181718367177	
0.614	-0.183864188039	
0.615	-0.186010799684	
0.616	-0.188158195957	
0.617	-0.190306370686	
0.618	-0.19245531768	
0.619	-0.194605030733	
0.62	-0.196755503622	
0.621	-0.198906730104	
0.622	-0.201058703924	
0.623	-0.203211418806	
0.624	-0.20536486846	
0.625	-0.207519046577	
0.626	-0.209673946834	
0.627	-0.211829562888	
0.628	-0.213985888384	
0.629	-0.216142916946	
0.63	-0.218300642184	
0.631	-0.220459057692	
0.632	-0.222618157045	
0.633	-0.224777933805	
0.634	-0.226938381516	
0.635	-0.229099493706	
0.636	-0.231261263887	
0.637	-0.233423685556	
0.638	-0.235586752191	
0.639	-0.237750457258	
0.64	-0.239914794204	
0.641	-0.242079756461	
0.642	-0.244245337447	
0.643	-0.246411530561	
0.644	-0.248578329189	
0.645	-0.2507457267	
0.646	-0.252913716448	
0.647	-0.255082291772	
0.648	-0.257251445993	
0.649	-0.25942117242	
0.65	-0.261591464345	
0.651	-0.263762315043	
0.652	-0.265933717777	
0.653	-0.268105665793	
0.654	-0.27027815232	
0.655	-0.272451170577	
0.656	-0.274624713762	
0.657	-0.276798775062	
0.658	-0.278973347648	
0.659	-0.281148424676	
0.66	-0.283323999285	
0.661	-0.285500064604	
0.662	-0.287676613742	
0.663	-0.289853639797	
0.664	-0.292031135851	
0.665	-0.294209094971	
0.666	-0.29638751021	
0.667	-0.298566374606	
0.668	-0.300745681184	
0.669	-0.302925422952	
0.67	-0.305105592905	
0.671	-0.307286184025	
0.672	-0.309467189278	
0.673	-0.311648601616	
0.674	-0.313830413977	
0.675	-0.316012619286	
0.676	-0.318195210451	
0.677	-0.32037818037	
0.678	-0.322561521924	
0.679	-0.324745227982	
0.68	-0.326929291396	
0.681	-0.329113705009	
0.682	-0.331298461645	
0.683	-0.333483554119	
0.684	-0.33566897523	
0.685	-0.337854717762	
0.686	-0.340040774488	
0.687	-0.342227138168	
0.688	-0.344413801544	
0.689	-0.346600757351	
0.69	-0.348787998304	
0.691	-0.35097551711	
0.692	-0.353163306461	
0.693	-0.355351359034	
0.694	-0.357539667494	
0.695	-0.359728224495	
0.696	-0.361917022675	
0.697	-0.36410605466	
0.698	-0.366295313063	
0.699	-0.368484790484	
0.7	-0.370674479511	
0.701	-0.372864372718	
0.702	-0.375054462666	
0.703	-0.377244741905	
0.704	-0.379435202971	
0.705	-0.381625838386	
0.706	-0.383816640663	
0.707	-0.386007602299	
0.708	-0.388198715781	
0.709	-0.390389973582	
0.71	-0.392581368163	
0.711	-0.394772891973	
0.712	-0.396964537448	
0.713	-0.399156297013	
0.714	-0.401348163079	
0.715	-0.403540128047	
0.716	-0.405732184303	
0.717	-0.407924324224	
0.718	-0.410116540174	
0.719	-0.412308824504	
0.72	-0.414501169553	
0.721	-0.41669356765	
0.722	-0.418886011111	
0.723	-0.421078492239	
0.724	-0.423271003329	
0.725	-0.42546353666	
0.726	-0.427656084502	
0.727	-0.429848639112	
0.728	-0.432041192738	
0.729	-0.434233737612	
0.73	-0.436426265959	
0.731	-0.438618769991	
0.732	-0.440811241907	
0.733	-0.443003673898	
0.734	-0.445196058141	
0.735	-0.447388386802	
0.736	-0.449580652039	
0.737	-0.451772845994	
0.738	-0.453964960801	
0.739	-0.456156988584	
0.74	-0.458348921453	
0.741	-0.460540751508	
0.742	-0.462732470841	
0.743	-0.464924071528	
0.744	-0.46711554564	
0.745	-0.469306885232	
0.746	-0.471498082351	
0.747	-0.473689129035	
0.748	-0.475880017307	
0.749	-0.478070739184	
0.75	-0.480261286669	
0.751	-0.482451651756	
0.752	-0.484641826429	
0.753	-0.486831802662	
0.754	-0.489021572417	
0.755	-0.491211127647	
0.756	-0.493400460294	
0.757	-0.495589562291	
0.758	-0.49777842556	
0.759	-0.499967042013	
0.76	-0.502155403552	
0.761	-0.50434350207	
0.762	-0.506531329448	
0.763	-0.508718877559	
0.764	-0.510906138265	
0.765	-0.51309310342	
0.766	-0.515279764866	
0.767	-0.517466114436	
0.768	-0.519652143954	
0.769	-0.521837845234	
0.77	-0.524023210081	
0.771	-0.52620823029	
0.772	-0.528392897645	
0.773	-0.530577203924	
0.774	-0.532761140893	
0.775	-0.534944700309	
0.776	-0.537127873921	
0.777	-0.539310653467	
0.778	-0.541493030678	
0.779	-0.543674997273	
0.78	-0.545856544966	
0.781	-0.548037665457	
0.782	-0.55021835044	
0.783	-0.552398591601	
0.784	-0.554578380615	
0.785	-0.556757709148	
0.786	-0.558936568859	
0.787	-0.561114951396	
0.788	-0.563292848402	
0.789	-0.565470251506	
0.79	-0.567647152333	
0.791	-0.569823542498	
0.792	-0.571999413605	
0.793	-0.574174757254	
0.794	-0.576349565034	
0.795	-0.578523828524	
0.796	-0.580697539299	
0.797	-0.582870688921	
0.798	-0.585043268948	
0.799	-0.587215270926	
0.8	-0.589386686396	
0.801	-0.591557506888	
0.802	-0.593727723927	
0.803	-0.595897329028	
0.804	-0.598066313699	
0.805	-0.600234669438	
0.806	-0.602402387738	
0.807	-0.604569460082	
0.808	-0.606735877947	
0.809	-0.608901632801	
0.81	-0.611066716104	
0.811	-0.61323111931	
0.812	-0.615394833863	
0.813	-0.617557851203	
0.814	-0.619720162758	
0.815	-0.621881759953	
0.816	-0.624042634201	
0.817	-0.626202776913	
0.818	-0.628362179487	
0.819	-0.630520833319	
0.82	-0.632678729793	
0.821	-0.63483586029	
0.822	-0.636992216181	
0.823	-0.639147788831	
0.824	-0.641302569597	
0.825	-0.643456549832	
0.826	-0.645609720878	
0.827	-0.647762074072	
0.828	-0.649913600745	
0.829	-0.652064292221	
0.83	-0.654214139814	
0.831	-0.656363134836	
0.832	-0.658511268589	
0.833	-0.660658532371	
0.834	-0.66280491747	
0.835	-0.664950415171	
0.836	-0.667095016749	
0.837	-0.669238713477	
0.838	-0.671381496617	
0.839	-0.673523357428	
0.84	-0.675664287161	
0.841	-0.67780427706	
0.842	-0.679943318366	
0.843	-0.682081402311	
0.844	-0.68421852012	
0.845	-0.686354663016	
0.846	-0.688489822213	
0.847	-0.690623988919	
0.848	-0.692757154336	
0.849	-0.694889309662	
0.85	-0.697020446087	
0.851	-0.699150554797	
0.852	-0.701279626971	
0.853	-0.703407653783	
0.854	-0.705534626399	
0.855	-0.707660535984	
0.856	-0.709785373694	
0.857	-0.711909130679	
0.858	-0.714031798086	
0.859	-0.716153367056	
0.86	-0.718273828723	
0.861	-0.720393174216	
0.862	-0.722511394661	
0.863	-0.724628481176	
0.864	-0.726744424875	
0.865	-0.728859216867	
0.866	-0.730972848256	
0.867	-0.73308531014	
0.868	-0.735196593613	
0.869	-0.737306689763	
0.87	-0.739415589675	
0.871	-0.741523284426	
0.872	-0.743629765091	
0.873	-0.74573502274	
0.874	-0.747839048436	
0.875	-0.749941833239	
0.876	-0.752043368205	
0.877	-0.754143644384	
0.878	-0.756242652821	
0.879	-0.758340384559	
0.88	-0.760436830635	
0.881	-0.76253198208	
0.882	-0.764625829923	
0.883	-0.766718365188	
0.884	-0.768809578895	
0.885	-0.770899462058	
0.886	-0.77298800569	
0.887	-0.775075200796	
0.888	-0.777161038381	
0.889	-0.779245509442	
0.89	-0.781328604975	
0.891	-0.78341031597	
0.892	-0.785490633415	
0.893	-0.787569548293	
0.894	-0.789647051583	
0.895	-0.79172313426	
0.896	-0.793797787296	
0.897	-0.79587100166	
0.898	-0.797942768316	
0.899	-0.800013078224	
0.9	-0.802081922342	
0.901	-0.804149291625	
0.902	-0.806215177021	
0.903	-0.808279569479	
0.904	-0.810342459942	
0.905	-0.812403839349	
0.906	-0.814463698639	
0.907	-0.816522028745	
0.908	-0.818578820598	
0.909	-0.820634065124	
0.91	-0.822687753249	
0.911	-0.824739875894	
0.912	-0.826790423976	
0.913	-0.828839388413	
0.914	-0.830886760115	
0.915	-0.832932529993	
0.916	-0.834976688953	
0.917	-0.8370192279	
0.918	-0.839060137735	
0.919	-0.841099409356	
0.92	-0.843137033659	
0.921	-0.845173001539	
0.922	-0.847207303886	
0.923	-0.849239931588	
0.924	-0.851270875531	
0.925	-0.853300126599	
0.926	-0.855327675673	
0.927	-0.857353513632	
0.928	-0.859377631352	
0.929	-0.861400019709	
0.93	-0.863420669573	
0.931	-0.865439571816	
0.932	-0.867456717306	
0.933	-0.869472096908	
0.934	-0.871485701486	
0.935	-0.873497521902	
0.936	-0.875507549018	
0.937	-0.87751577369	
0.938	-0.879522186776	
0.939	-0.88152677913	
0.94	-0.883529541605	
0.941	-0.885530465052	
0.942	-0.887529540322	
0.943	-0.889526758263	
0.944	-0.891522109721	
0.945	-0.893515585541	
0.946	-0.895507176567	
0.947	-0.897496873641	
0.948	-0.899484667605	
0.949	-0.901470549297	
0.95	-0.903454509557	
0.951	-0.905436539221	
0.952	-0.907416629126	
0.953	-0.909394770106	
0.954	-0.911370952995	
0.955	-0.913345168626	
0.956	-0.915317407831	
0.957	-0.917287661441	
0.958	-0.919255920285	
0.959	-0.921222175193	
0.96	-0.923186416993	
0.961	-0.925148636513	
0.962	-0.927108824579	
0.963	-0.929066972018	
0.964	-0.931023069655	
0.965	-0.932977108315	
0.966	-0.934929078823	
0.967	-0.936878972003	
0.968	-0.938826778677	
0.969	-0.94077248967	
0.97	-0.942716095804	
0.971	-0.944657587902	
0.972	-0.946596956786	
0.973	-0.948534193277	
0.974	-0.950469288198	
0.975	-0.952402232371	
0.976	-0.954333016617	
0.977	-0.956261631758	
0.978	-0.958188068615	
0.979	-0.96011231801	
0.98	-0.962034370766	
0.981	-0.963954217703	
0.982	-0.965871849645	
0.983	-0.967787257414	
0.984	-0.969700431831	
0.985	-0.971611363722	
0.986	-0.973520043908	
0.987	-0.975426463214	
0.988	-0.977330612464	
0.989	-0.979232482482	
0.99	-0.981132064096	
0.991	-0.983029348129	
0.992	-0.98492432541	
0.993	-0.986816986765	
0.994	-0.988707323022	
0.995	-0.990595325011	
0.996	-0.992480983561	
0.997	-0.994364289503	
0.998	-0.996245233668	
0.999	-0.998123806889	
1.0	-1.0	
