0.0	1.0	
0.001	0.999998516556	
0.002	0.999994296452	
0.003	0.999987460664	
0.004	0.99997807098	
0.005	0.99996616964	
0.006	0.999951788724	
0.007	0.999934954061	
0.008	0.999915687241	
0.009	0.999894006793	
0.01	0.999869928933	
0.011	0.999843468067	
0.012	0.999814637146	
0.013	0.99978344793	
0.014	0.999749911183	
0.015	0.999714036827	
0.016	0.999675834057	
0.017	0.999635311445	
0.018	0.999592477009	
0.019	0.999547338287	
0.02	0.999499902384	
0.021	0.999450176019	
0.022	0.999398165566	
0.023	0.999343877087	
0.024	0.999287316357	
0.025	0.999228488891	
0.026	0.999167399968	
0.027	0.999104054647	
0.028	0.999038457787	
0.029	0.998970614057	
0.03	0.998900527956	
0.031	0.998828203821	
0.032	0.998753645837	
0.033	0.998676858052	
0.034	0.998597844378	
0.035	0.998516608608	
0.036	0.998433154416	
0.037	0.998347485367	
0.038	0.998259604925	
0.039	0.998169516453	
0.04	0.998077223224	
0.041	0.997982728423	
0.042	0.997886035151	
0.043	0.997787146432	
0.044	0.997686065212	
0.045	0.997582794369	
0.046	0.997477336709	
0.047	0.997369694974	
0.048	0.997259871846	
0.049	0.997147869945	
0.05	0.997033691834	
0.051	0.996917340022	
0.052	0.996798816965	
0.053	0.99667812507	
0.054	0.996555266692	
0.055	0.996430244144	
0.056	0.996303059691	
0.057	0.996173715557	
0.058	0.996042213922	
0.059	0.995908556927	
0.06	0.995772746676	
0.061	0.995634785234	
0.062	0.995494674629	
0.063	0.995352416856	
0.064	0.995208013876	
0.065	0.995061467616	
0.066	0.994912779973	
0.067	0.994761952812	
0.068	0.99460898797	
0.069	0.994453887254	
0.07	0.994296652444	
0.071	0.994137285291	
0.072	0.993975787523	
0.073	0.993812160839	
0.074	0.993646406915	
0.075	0.993478527404	
0.076	0.993308523933	
0.077	0.993136398108	
0.078	0.992962151513	
0.079	0.992785785709	
0.08	0.992607302237	
0.081	0.992426702617	
0.082	0.99224398835	
0.083	0.992059160915	
0.084	0.991872221776	
0.085	0.991683172376	
0.086	0.991492014139	
0.087	0.991298748474	
0.088	0.991103376771	
0.089	0.990905900404	
0.09	0.99070632073	
0.091	0.99050463909	
0.092	0.99030085681	
0.093	0.9900949752	
0.094	0.989886995556	
0.095	0.989676919158	
0.096	0.989464747273	
0.097	0.989250481153	
0.098	0.989034122037	
0.099	0.988815671149	
0.1	0.988595129702	
0.101	0.988372498895	
0.102	0.988147779916	
0.103	0.987920973936	
0.104	0.98769208212	
0.105	0.987461105618	
0.106	0.987228045567	
0.107	0.986992903095	
0.108	0.986755679319	
0.109	0.986516375342	
0.11	0.98627499226	
0.111	0.986031531157	
0.112	0.985785993105	
0.113	0.985538379167	
0.114	0.985288690398	
0.115	0.98503692784	
0.116	0.984783092528	
0.117	0.984527185484	
0.118	0.984269207725	
0.119	0.984009160257	
0.12	0.983747044076	
0.121	0.98348286017	
0.122	0.983216609519	
0.123	0.982948293094	
0.124	0.982677911856	
0.125	0.982405466762	
0.126	0.982130958756	
0.127	0.981854388777	
0.128	0.981575757756	
0.129	0.981295066614	
0.13	0.981012316268	
0.131	0.980727507624	
0.132	0.980440641583	
0.133	0.980151719039	
0.134	0.979860740876	
0.135	0.979567707974	
0.136	0.979272621205	
0.137	0.978975481434	
0.138	0.978676289519	
0.139	0.978375046313	
0.14	0.97807175266	
0.141	0.977766409401	
0.142	0.977459017367	
0.143	0.977149577384	
0.144	0.976838090274	
0.145	0.97652455685	
0.146	0.976208977922	
0.147	0.97589135429	
0.148	0.975571686752	
0.149	0.9752499761	
0.15	0.974926223117	
0.151	0.974600428585	
0.152	0.974272593276	
0.153	0.973942717961	
0.154	0.973610803403	
0.155	0.97327685036	
0.156	0.972940859585	
0.157	0.972602831826	
0.158	0.972262767827	
0.159	0.971920668324	
0.16	0.971576534052	
0.161	0.971230365738	
0.162	0.970882164105	
0.163	0.970531929874	
0.164	0.970179663756	
0.165	0.969825366463	
0.166	0.969469038697	
0.167	0.969110681161	
0.168	0.96875029455	
0.169	0.968387879555	
0.17	0.968023436863	
0.171	0.967656967157	
0.172	0.967288471116	
0.173	0.966917949415	
0.174	0.966545402723	
0.175	0.966170831707	
0.176	0.965794237029	
0.177	0.965415619347	
0.178	0.965034979315	
0.179	0.964652317584	
0.18	0.964267634801	
0.181	0.963880931607	
0.182	0.963492208643	
0.183	0.963101466543	
0.184	0.962708705938	
0.185	0.962313927457	
0.186	0.961917131724	
0.187	0.96151831936	
0.188	0.961117490981	
0.189	0.960714647202	
0.19	0.960309788633	
0.191	0.959902915881	
0.192	0.95949402955	
0.193	0.959083130239	
0.194	0.958670218545	
0.195	0.958255295063	
0.196	0.957838360382	
0.197	0.95741941509	
0.198	0.956998459771	
0.199	0.956575495006	
0.2	0.956150521373	
0.201	0.955723539446	
0.202	0.955294549797	
0.203	0.954863552996	
0.204	0.954430549607	
0.205	0.953995540194	
0.206	0.953558525316	
0.207	0.953119505531	
0.208	0.952678481393	
0.209	0.952235453454	
0.21	0.951790422261	
0.211	0.951343388361	
0.212	0.950894352297	
0.213	0.950443314609	
0.214	0.949990275835	
0.215	0.94953523651	
0.216	0.949078197166	
0.217	0.948619158334	
0.218	0.948158120539	
0.219	0.947695084308	
0.22	0.947230050161	
0.221	0.946763018619	
0.222	0.946293990199	
0.223	0.945822965415	
0.224	0.945349944779	
0.225	0.944874928802	
0.226	0.94439791799	
0.227	0.943918912849	
0.228	0.943437913881	
0.229	0.942954921586	
0.23	0.942469936463	
0.231	0.941982959007	
0.232	0.941493989711	
0.233	0.941003029067	
0.234	0.940510077564	
0.235	0.940015135688	
0.236	0.939518203924	
0.237	0.939019282753	
0.238	0.938518372657	
0.239	0.938015474114	
0.24	0.937510587599	
0.241	0.937003713585	
0.242	0.936494852546	
0.243	0.93598400495	
0.244	0.935471171265	
0.245	0.934956351957	
0.246	0.93443954749	
0.247	0.933920758324	
0.248	0.933399984919	
0.249	0.932877227734	
0.25	0.932352487224	
0.251	0.931825763843	
0.252	0.931297058042	
0.253	0.930766370271	
0.254	0.930233700979	
0.255	0.929699050612	
0.256	0.929162419614	
0.257	0.928623808427	
0.258	0.928083217493	
0.259	0.92754064725	
0.26	0.926996098136	
0.261	0.926449570584	
0.262	0.925901065031	
0.263	0.925350581906	
0.264	0.924798121639	
0.265	0.924243684661	
0.266	0.923687271396	
0.267	0.92312888227	
0.268	0.922568517706	
0.269	0.922006178126	
0.27	0.921441863949	
0.271	0.920875575594	
0.272	0.920307313477	
0.273	0.919737078014	
0.274	0.919164869618	
0.275	0.9185906887	
0.276	0.918014535671	
0.277	0.917436410939	
0.278	0.916856314912	
0.279	0.916274247995	
0.28	0.915690210591	
0.281	0.915104203104	
0.282	0.914516225935	
0.283	0.913926279482	
0.284	0.913334364144	
0.285	0.912740480317	
0.286	0.912144628396	
0.287	0.911546808775	
0.288	0.910947021845	
0.289	0.910345267998	
0.29	0.909741547622	
0.291	0.909135861106	
0.292	0.908528208835	
0.293	0.907918591195	
0.294	0.907307008569	
0.295	0.906693461339	
0.296	0.906077949887	
0.297	0.905460474591	
0.298	0.90484103583	
0.299	0.90421963398	
0.3	0.903596269417	
0.301	0.902970942515	
0.302	0.902343653647	
0.303	0.901714403184	
0.304	0.901083191497	
0.305	0.900450018953	
0.306	0.899814885922	
0.307	0.899177792769	
0.308	0.898538739859	
0.309	0.897897727556	
0.31	0.897254756223	
0.311	0.896609826221	
0.312	0.89596293791	
0.313	0.89531409165	
0.314	0.894663287796	
0.315	0.894010526707	
0.316	0.893355808737	
0.317	0.892699134241	
0.318	0.892040503571	
0.319	0.891379917079	
0.32	0.890717375116	
0.321	0.890052878031	
0.322	0.889386426171	
0.323	0.888718019886	
0.324	0.888047659519	
0.325	0.887375345416	
0.326	0.886701077922	
0.327	0.886024857377	
0.328	0.885346684125	
0.329	0.884666558504	
0.33	0.883984480855	
0.331	0.883300451516	
0.332	0.882614470823	
0.333	0.881926539114	
0.334	0.881236656722	
0.335	0.880544823981	
0.336	0.879851041226	
0.337	0.879155308786	
0.338	0.878457626994	
0.339	0.877757996178	
0.34	0.877056416668	
0.341	0.876352888791	
0.342	0.875647412873	
0.343	0.874939989241	
0.344	0.87423061822	
0.345	0.873519300131	
0.346	0.872806035299	
0.347	0.872090824046	
0.348	0.87137366669	
0.349	0.870654563553	
0.35	0.869933514954	
0.351	0.869210521209	
0.352	0.868485582635	
0.353	0.867758699549	
0.354	0.867029872266	
0.355	0.866299101099	
0.356	0.865566386361	
0.357	0.864831728365	
0.358	0.864095127421	
0.359	0.86335658384	
0.36	0.862616097932	
0.361	0.861873670004	
0.362	0.861129300365	
0.363	0.86038298932	
0.364	0.859634737176	
0.365	0.858884544237	
0.366	0.858132410807	
0.367	0.85737833719	
0.368	0.856622323688	
0.369	0.855864370601	
0.37	0.855104478231	
0.371	0.854342646877	
0.372	0.853578876838	
0.373	0.852813168412	
0.374	0.852045521895	
0.375	0.851275937584	
0.376	0.850504415775	
0.377	0.849730956761	
0.378	0.848955560837	
0.379	0.848178228296	
0.38	0.847398959429	
0.381	0.846617754529	
0.382	0.845834613884	
0.383	0.845049537786	
0.384	0.844262526522	
0.385	0.843473580382	
0.386	0.842682699652	
0.387	0.841889884618	
0.388	0.841095135567	
0.389	0.840298452783	
0.39	0.83949983655	
0.391	0.838699287152	
0.392	0.837896804872	
0.393	0.837092389991	
0.394	0.83628604279	
0.395	0.83547776355	
0.396	0.834667552551	
0.397	0.83385541007	
0.398	0.833041336386	
0.399	0.832225331777	
0.4	0.831407396519	
0.401	0.830587530889	
0.402	0.82976573516	
0.403	0.828942009608	
0.404	0.828116354506	
0.405	0.827288770127	
0.406	0.826459256744	
0.407	0.825627814628	
0.408	0.82479444405	
0.409	0.823959145281	
0.41	0.823121918589	
0.411	0.822282764243	
0.412	0.821441682511	
0.413	0.820598673662	
0.414	0.819753737961	
0.415	0.818906875674	
0.416	0.818058087067	
0.417	0.817207372405	
0.418	0.816354731951	
0.419	0.815500165969	
0.42	0.814643674722	
0.421	0.813785258471	
0.422	0.812924917478	
0.423	0.812062652003	
0.424	0.811198462307	
0.425	0.810332348649	
0.426	0.809464311288	
0.427	0.808594350481	
0.428	0.807722466486	
0.429	0.806848659561	
0.43	0.80597292996	
0.431	0.805095277941	
0.432	0.804215703757	
0.433	0.803334207662	
0.434	0.802450789912	
0.435	0.801565450758	
0.436	0.800678190454	
0.437	0.79978900925	
0.438	0.798897907398	
0.439	0.79800488515	
0.44	0.797109942754	
0.441	0.79621308046	
0.442	0.795314298517	
0.443	0.794413597174	
0.444	0.793510976677	
0.445	0.792606437274	
0.446	0.791699979212	
0.447	0.790791602736	
0.448	0.789881308091	
0.449	0.788969095523	
0.45	0.788054965274	
0.451	0.78713891759	
0.452	0.786220952712	
0.453	0.785301070884	
0.454	0.784379272346	
0.455	0.783455557341	
0.456	0.782529926109	
0.457	0.781602378891	
0.458	0.780672915925	
0.459	0.77974153745	
0.46	0.778808243707	
0.461	0.777873034931	
0.462	0.776935911361	
0.463	0.775996873234	
0.464	0.775055920786	
0.465	0.774113054252	
0.466	0.773168273868	
0.467	0.772221579869	
0.468	0.771272972488	
0.469	0.77032245196	
0.47	0.769370018517	
0.471	0.768415672393	
0.472	0.767459413819	
0.473	0.766501243026	
0.474	0.765541160246	
0.475	0.76457916571	
0.476	0.763615259647	
0.477	0.762649442286	
0.478	0.761681713858	
0.479	0.760712074589	
0.48	0.759740524709	
0.481	0.758767064445	
0.482	0.757791694023	
0.483	0.75681441367	
0.484	0.755835223612	
0.485	0.754854124075	
0.486	0.753871115284	
0.487	0.752886197462	
0.488	0.751899370835	
0.489	0.750910635625	
0.49	0.749919992056	
0.491	0.74892744035	
0.492	0.74793298073	
0.493	0.746936613416	
0.494	0.74593833863	
0.495	0.744938156593	
0.496	0.743936067524	
0.497	0.742932071645	
0.498	0.741926169173	
0.499	0.740918360327	
0.5	0.739908645327	
0.501	0.738897024389	
0.502	0.737883497731	
0.503	0.736868065571	
0.504	0.735850728124	
0.505	0.734831485606	
0.506	0.733810338234	
0.507	0.732787286222	
0.508	0.731762329784	
0.509	0.730735469136	
0.51	0.729706704491	
0.511	0.728676036062	
0.512	0.727643464062	
0.513	0.726608988704	
0.514	0.7255726102	
0.515	0.72453432876	
0.516	0.723494144597	
0.517	0.722452057921	
0.518	0.721408068943	
0.519	0.720362177871	
0.52	0.719314384916	
0.521	0.718264690287	
0.522	0.717213094192	
0.523	0.716159596839	
0.524	0.715104198436	
0.525	0.714046899191	
0.526	0.712987699309	
0.527	0.711926598999	
0.528	0.710863598465	
0.529	0.709798697914	
0.53	0.70873189755	
0.531	0.707663197579	
0.532	0.706592598205	
0.533	0.705520099631	
0.534	0.704445702063	
0.535	0.703369405701	
0.536	0.702291210751	
0.537	0.701211117413	
0.538	0.70012912589	
0.539	0.699045236384	
0.54	0.697959449095	
0.541	0.696871764225	
0.542	0.695782181974	
0.543	0.694690702542	
0.544	0.693597326129	
0.545	0.692502052934	
0.546	0.691404883155	
0.547	0.690305816991	
0.548	0.689204854641	
0.549	0.688101996302	
0.55	0.686997242171	
0.551	0.685890592446	
0.552	0.684782047322	
0.553	0.683671606997	
0.554	0.682559271666	
0.555	0.681445041524	
0.556	0.680328916766	
0.557	0.679210897588	
0.558	0.678090984183	
0.559	0.676969176745	
0.56	0.675845475469	
0.561	0.674719880547	
0.562	0.673592392172	
0.563	0.672463010536	
0.564	0.671331735833	
0.565	0.670198568253	
0.566	0.669063507988	
0.567	0.66792655523	
0.568	0.666787710168	
0.569	0.665646972993	
0.57	0.664504343895	
0.571	0.663359823065	
0.572	0.66221341069	
0.573	0.66106510696	
0.574	0.659914912065	
0.575	0.658762826191	
0.576	0.657608849526	
0.577	0.65645298226	
0.578	0.655295224577	
0.579	0.654135576667	
0.58	0.652974038714	
0.581	0.651810610905	
0.582	0.650645293427	
0.583	0.649478086464	
0.584	0.648308990201	
0.585	0.647138004825	
0.586	0.645965130518	
0.587	0.644790367466	
0.588	0.643613715852	
0.589	0.642435175859	
0.59	0.641254747671	
0.591	0.640072431471	
0.592	0.638888227441	
0.593	0.637702135763	
0.594	0.63651415662	
0.595	0.635324290193	
0.596	0.634132536662	
0.597	0.632938896209	
0.598	0.631743369015	
0.599	0.63054595526	
0.6	0.629346655124	
0.601	0.628145468785	
0.602	0.626942396425	
0.603	0.625737438221	
0.604	0.624530594353	
0.605	0.623321864998	
0.606	0.622111250336	
0.607	0.620898750542	
0.608	0.619684365796	
0.609	0.618468096274	
0.61	0.617249942153	
0.611	0.616029903609	
0.612	0.614807980819	
0.613	0.613584173959	
0.614	0.612358483204	
0.615	0.611130908729	
0.616	0.60990145071	
0.617	0.608670109321	
0.618	0.607436884736	
0.619	0.606201777131	
0.62	0.604964786678	
0.621	0.60372591355	
0.622	0.602485157923	
0.623	0.601242519967	
0.624	0.599997999856	
0.625	0.598751597762	
0.626	0.597503313857	
0.627	0.596253148313	
0.628	0.595001101302	
0.629	0.593747172993	
0.63	0.59249136356	
0.631	0.591233673171	
0.632	0.589974101998	
0.633	0.58871265021	
0.634	0.587449317977	
0.635	0.586184105468	
0.636	0.584917012853	
0.637	0.583648040301	
0.638	0.58237718798	
0.639	0.581104456058	
0.64	0.579829844704	
0.641	0.578553354086	
0.642	0.57727498437	
0.643	0.575994735724	
0.644	0.574712608316	
0.645	0.573428602311	
0.646	0.572142717876	
0.647	0.570854955177	
0.648	0.569565314381	
0.649	0.568273795652	
0.65	0.566980399156	
0.651	0.565685125058	
0.652	0.564387973523	
0.653	0.563088944715	
0.654	0.561788038799	
0.655	0.560485255938	
0.656	0.559180596297	
0.657	0.557874060038	
0.658	0.556565647325	
0.659	0.555255358321	
0.66	0.553943193189	
0.661	0.55262915209	
0.662	0.551313235188	
0.663	0.549995442643	
0.664	0.548675774618	
0.665	0.547354231273	
0.666	0.546030812771	
0.667	0.544705519272	
0.668	0.543378350936	
0.669	0.542049307924	
0.67	0.540718390395	
0.671	0.539385598511	
0.672	0.53805093243	
0.673	0.536714392311	
0.674	0.535375978315	
0.675	0.534035690599	
0.676	0.532693529322	
0.677	0.531349494642	
0.678	0.530003586718	
0.679	0.528655805708	
0.68	0.527306151768	
0.681	0.525954625057	
0.682	0.524601225732	
0.683	0.523245953949	
0.684	0.521888809865	
0.685	0.520529793636	
0.686	0.519168905419	
0.687	0.517806145369	
0.688	0.516441513642	
0.689	0.515075010394	
0.69	0.51370663578	
0.691	0.512336389954	
0.692	0.510964273071	
0.693	0.509590285286	
0.694	0.508214426753	
0.695	0.506836697627	
0.696	0.50545709806	
0.697	0.504075628206	
0.698	0.502692288219	
0.699	0.501307078251	
0.7	0.499919998456	
0.701	0.498531048987	
0.702	0.497140229994	
0.703	0.495747541631	
0.704	0.49435298405	
0.705	0.492956557402	
0.706	0.491558261839	
0.707	0.490158097511	
0.708	0.488756064571	
0.709	0.487352163168	
0.71	0.485946393453	
0.711	0.484538755577	
0.712	0.48312924969	
0.713	0.481717875941	
0.714	0.480304634481	
0.715	0.478889525458	
0.716	0.477472549022	
0.717	0.476053705321	
0.718	0.474632994506	
0.719	0.473210416723	
0.72	0.471785972122	
0.721	0.470359660851	
0.722	0.468931483058	
0.723	0.467501438889	
0.724	0.466069528494	
0.725	0.464635752018	
0.726	0.463200109609	
0.727	0.461762601414	
0.728	0.46032322758	
0.729	0.458881988252	
0.73	0.457438883578	
0.731	0.455993913703	
0.732	0.454547078772	
0.733	0.453098378931	
0.734	0.451647814327	
0.735	0.450195385103	
0.736	0.448741091405	
0.737	0.447284933377	
0.738	0.445826911165	
0.739	0.444367024911	
0.74	0.442905274761	
0.741	0.441441660858	
0.742	0.439976183346	
0.743	0.438508842369	
0.744	0.437039638069	
0.745	0.43556857059	
0.746	0.434095640075	
0.747	0.432620846666	
0.748	0.431144190506	
0.749	0.429665671736	
0.75	0.4281852905	
0.751	0.426703046939	
0.752	0.425218941194	
0.753	0.423732973408	
0.754	0.422245143721	
0.755	0.420755452274	
0.756	0.419263899208	
0.757	0.417770484665	
0.758	0.416275208783	
0.759	0.414778071705	
0.76	0.413279073569	
0.761	0.411778214516	
0.762	0.410275494685	
0.763	0.408770914216	
0.764	0.407264473249	
0.765	0.405756171921	
0.766	0.404246010373	
0.767	0.402733988743	
0.768	0.401220107169	
0.769	0.39970436579	
0.77	0.398186764744	
0.771	0.396667304168	
0.772	0.395145984202	
0.773	0.393622804982	
0.774	0.392097766645	
0.775	0.390570869329	
0.776	0.389042113172	
0.777	0.387511498309	
0.778	0.385979024877	
0.779	0.384444693014	
0.78	0.382908502854	
0.781	0.381370454535	
0.782	0.379830548192	
0.783	0.378288783961	
0.784	0.376745161977	
0.785	0.375199682376	
0.786	0.373652345293	
0.787	0.372103150864	
0.788	0.370552099221	
0.789	0.368999190502	
0.79	0.367444424839	
0.791	0.365887802367	
0.792	0.364329323221	
0.793	0.362768987534	
0.794	0.36120679544	
0.795	0.359642747072	
0.796	0.358076842564	
0.797	0.356509082049	
0.798	0.35493946566	
0.799	0.35336799353	
0.8	0.351794665792	
0.801	0.350219482578	
0.802	0.34864244402	
0.803	0.347063550251	
0.804	0.345482801403	
0.805	0.343900197606	
0.806	0.342315738994	
0.807	0.340729425697	
0.808	0.339141257847	
0.809	0.337551235575	
0.81	0.335959359012	
0.811	0.334365628288	
0.812	0.332770043534	
0.813	0.331172604881	
0.814	0.329573312459	
0.815	0.327972166398	
0.816	0.326369166827	
0.817	0.324764313877	
0.818	0.323157607678	
0.819	0.321549048358	
0.82	0.319938636047	
0.821	0.318326370874	
0.822	0.316712252967	
0.823	0.315096282457	
0.824	0.31347845947	
0.825	0.311858784136	
0.826	0.310237256583	
0.827	0.308613876939	
0.828	0.306988645332	
0.829	0.30536156189	
0.83	0.30373262674	
0.831	0.302101840009	
0.832	0.300469201826	
0.833	0.298834712316	
0.834	0.297198371608	
0.835	0.295560179828	
0.836	0.293920137102	
0.837	0.292278243557	
0.838	0.290634499319	
0.839	0.288988904515	
0.84	0.28734145927	
0.841	0.28569216371	
0.842	0.284041017962	
0.843	0.282388022149	
0.844	0.280733176399	
0.845	0.279076480835	
0.846	0.277417935584	
0.847	0.27575754077	
0.848	0.274095296517	
0.849	0.27243120295	
0.85	0.270765260195	
0.851	0.269097468374	
0.852	0.267427827612	
0.853	0.265756338033	
0.854	0.264082999762	
0.855	0.26240781292	
0.856	0.260730777633	
0.857	0.259051894023	
0.858	0.257371162214	
0.859	0.255688582328	
0.86	0.254004154488	
0.861	0.252317878818	
0.862	0.25062975544	
0.863	0.248939784476	
0.864	0.247247966049	
0.865	0.24555430028	
0.866	0.243858787292	
0.867	0.242161427206	
0.868	0.240462220145	
0.869	0.238761166229	
0.87	0.237058265581	
0.871	0.235353518321	
0.872	0.23364692457	
0.873	0.23193848445	
0.874	0.230228198082	
0.875	0.228516065585	
0.876	0.226802087081	
0.877	0.225086262689	
0.878	0.223368592531	
0.879	0.221649076726	
0.88	0.219927715393	
0.881	0.218204508654	
0.882	0.216479456627	
0.883	0.214752559433	
0.884	0.213023817189	
0.885	0.211293230017	
0.886	0.209560798034	
0.887	0.207826521359	
0.888	0.206090400112	
0.889	0.204352434412	
0.89	0.202612624375	
0.891	0.200870970122	
0.892	0.19912747177	
0.893	0.197382129437	
0.894	0.195634943242	
0.895	0.193885913301	
0.896	0.192135039733	
0.897	0.190382322656	
0.898	0.188627762186	
0.899	0.186871358441	
0.9	0.185113111537	
0.901	0.183353021593	
0.902	0.181591088725	
0.903	0.179827313049	
0.904	0.178061694683	
0.905	0.176294233742	
0.906	0.174524930343	
0.907	0.172753784601	
0.908	0.170980796634	
0.909	0.169205966557	
0.91	0.167429294485	
0.911	0.165650780535	
0.912	0.163870424821	
0.913	0.16208822746	
0.914	0.160304188566	
0.915	0.158518308254	
0.916	0.15673058664	
0.917	0.154941023837	
0.918	0.153149619962	
0.919	0.151356375128	
0.92	0.14956128945	
0.921	0.147764363043	
0.922	0.145965596019	
0.923	0.144164988494	
0.924	0.142362540581	
0.925	0.140558252394	
0.926	0.138752124047	
0.927	0.136944155653	
0.928	0.135134347326	
0.929	0.133322699178	
0.93	0.131509211323	
0.931	0.129693883874	
0.932	0.127876716944	
0.933	0.126057710646	
0.934	0.124236865091	
0.935	0.122414180393	
0.936	0.120589656664	
0.937	0.118763294016	
0.938	0.116935092562	
0.939	0.115105052412	
0.94	0.11327317368	
0.941	0.111439456477	
0.942	0.109603900914	
0.943	0.107766507103	
0.944	0.105927275155	
0.945	0.104086205181	
0.946	0.102243297294	
0.947	0.100398551602	
0.948	0.0985519682182	
0.949	0.0967035472522	
0.95	0.094853288815	
0.951	0.0930011930169	
0.952	0.0911472599683	
0.953	0.0892914897795	
0.954	0.0874338825605	
0.955	0.0855744384214	
0.956	0.083713157472	
0.957	0.0818500398221	
0.958	0.0799850855813	
0.959	0.078118294859	
0.96	0.0762496677647	
0.961	0.0743792044077	
0.962	0.072506904897	
0.963	0.0706327693417	
0.964	0.0687567978507	
0.965	0.0668789905327	
0.966	0.0649993474965	
0.967	0.0631178688506	
0.968	0.0612345547034	
0.969	0.0593494051632	
0.97	0.0574624203382	
0.971	0.0555736003364	
0.972	0.0536829452659	
0.973	0.0517904552345	
0.974	0.0498961303498	
0.975	0.0479999707195	
0.976	0.046101976451	
0.977	0.0442021476518	
0.978	0.042300484429	
0.979	0.0403969868899	
0.98	0.0384916551414	
0.981	0.0365844892905	
0.982	0.0346754894438	
0.983	0.0327646557082	
0.984	0.0308519881901	
0.985	0.028937486996	
0.986	0.0270211522323	
0.987	0.0251029840051	
0.988	0.0231829824206	
0.989	0.0212611475847	
0.99	0.0193374796033	
0.991	0.0174119785822	
0.992	0.015484644627	
0.993	0.0135554778433	
0.994	0.0116244783365	
0.995	0.00969164621189	
0.996	0.00775698157469	
0.997	0.00582048452997	
0.998	0.00388215518273	
0.999	0.00194199363782	
1.0	0.0	
