0.0	1.0	
0.001	0.996507848521	
0.002	0.995061352017	
0.003	0.993951416211	
0.004	0.993015697042	
0.005	0.992191311906	
0.006	0.991446010772	
0.007	0.990760635646	
0.008	0.990122704034	
0.009	0.989523545563	
0.01	0.988956847393	
0.011	0.988417843834	
0.012	0.987902832422	
0.013	0.987408868781	
0.014	0.986933565623	
0.015	0.98647495548	
0.016	0.986031394085	
0.017	0.985601490592	
0.018	0.98518405605	
0.019	0.984778064608	
0.02	0.984382623811	
0.021	0.98399695151	
0.022	0.983620357668	
0.023	0.983252229854	
0.024	0.982892021545	
0.025	0.982539242606	
0.026	0.982193451465	
0.027	0.981854248633	
0.028	0.981521271293	
0.029	0.981194188755	
0.03	0.980872698608	
0.031	0.980556523446	
0.032	0.980245408067	
0.033	0.979939117059	
0.034	0.979637432717	
0.035	0.979340153236	
0.036	0.979047091127	
0.037	0.978758071834	
0.038	0.978472932523	
0.039	0.978191521004	
0.04	0.977913694785	
0.041	0.977639320225	
0.042	0.977368271786	
0.043	0.97710043136	
0.044	0.976835687667	
0.045	0.976573935717	
0.046	0.976315076319	
0.047	0.976059015649	
0.048	0.975805664844	
0.049	0.975554939648	
0.05	0.975306760084	
0.051	0.975061050152	
0.052	0.974817737563	
0.053	0.974576753484	
0.054	0.974338032317	
0.055	0.974101511486	
0.056	0.973867131247	
0.057	0.973634834512	
0.058	0.973404566686	
0.059	0.973176275517	
0.06	0.97294991096	
0.061	0.972725425044	
0.062	0.972502771758	
0.063	0.972281906939	
0.064	0.972062788169	
0.065	0.971845374681	
0.066	0.971629627271	
0.067	0.971415508213	
0.068	0.971202981184	
0.069	0.970992011193	
0.07	0.97078256451	
0.071	0.970574608609	
0.072	0.970368112101	
0.073	0.970163044686	
0.074	0.969959377097	
0.075	0.969757081055	
0.076	0.969556129216	
0.077	0.969356495138	
0.078	0.96915815323	
0.079	0.968961078721	
0.08	0.968765247622	
0.081	0.96857063669	
0.082	0.968377223398	
0.083	0.968184985904	
0.084	0.96799390302	
0.085	0.967803954189	
0.086	0.967615119457	
0.087	0.967427379446	
0.088	0.967240715336	
0.089	0.967055108838	
0.09	0.966870542178	
0.091	0.96668699807	
0.092	0.966504459707	
0.093	0.966322910734	
0.094	0.966142335234	
0.095	0.965962717715	
0.096	0.965784043089	
0.097	0.965606296662	
0.098	0.965429464117	
0.099	0.965253531501	
0.1	0.965078485212	
0.101	0.964904311987	
0.102	0.964730998894	
0.103	0.964558533312	
0.104	0.96438690293	
0.105	0.964216095729	
0.106	0.964046099977	
0.107	0.963876904219	
0.108	0.963708497265	
0.109	0.963540868185	
0.11	0.963374006298	
0.111	0.963207901166	
0.112	0.963042542586	
0.113	0.96287792058	
0.114	0.962714025392	
0.115	0.962550847481	
0.116	0.96238837751	
0.117	0.962226606344	
0.118	0.962065525043	
0.119	0.961905124857	
0.12	0.961745397216	
0.121	0.961586333733	
0.122	0.961427926189	
0.123	0.961270166538	
0.124	0.961113046893	
0.125	0.960956559528	
0.126	0.96080069687	
0.127	0.960645451498	
0.128	0.960490816134	
0.129	0.960336783644	
0.13	0.960183347031	
0.131	0.960030499433	
0.132	0.959878234117	
0.133	0.95972654448	
0.134	0.959575424041	
0.135	0.95942486644	
0.136	0.959274865435	
0.137	0.959125414897	
0.138	0.958976508812	
0.139	0.958828141271	
0.14	0.958680306473	
0.141	0.95853299872	
0.142	0.958386212416	
0.143	0.958239942062	
0.144	0.958094182254	
0.145	0.957948927684	
0.146	0.957804173134	
0.147	0.957659913476	
0.148	0.957516143669	
0.149	0.957372858755	
0.15	0.957230053862	
0.151	0.957087724197	
0.152	0.956945865047	
0.153	0.956804471776	
0.154	0.956663539825	
0.155	0.956523064707	
0.156	0.956383042009	
0.157	0.956243467387	
0.158	0.956104336566	
0.159	0.955965645341	
0.16	0.95582738957	
0.161	0.955689565178	
0.162	0.955552168151	
0.163	0.955415194538	
0.164	0.95527864045	
0.165	0.955142502054	
0.166	0.955006775578	
0.167	0.954871457304	
0.168	0.954736543572	
0.169	0.954602030775	
0.17	0.95446791536	
0.171	0.954334193824	
0.172	0.95420086272	
0.173	0.954067918645	
0.174	0.95393535825	
0.175	0.953803178232	
0.176	0.953671375334	
0.177	0.953539946348	
0.178	0.953408888108	
0.179	0.953278197496	
0.18	0.953147871433	
0.181	0.953017906888	
0.182	0.952888300868	
0.183	0.952759050422	
0.184	0.952630152639	
0.185	0.952501604648	
0.186	0.952373403618	
0.187	0.952245546753	
0.188	0.952118031297	
0.189	0.95199085453	
0.19	0.951864013766	
0.191	0.951737506357	
0.192	0.951611329687	
0.193	0.951485481177	
0.194	0.95135995828	
0.195	0.95123475848	
0.196	0.951109879296	
0.197	0.950985318277	
0.198	0.950861073004	
0.199	0.950737141087	
0.2	0.950613520168	
0.201	0.950490207916	
0.202	0.950367202032	
0.203	0.950244500243	
0.204	0.950122100304	
0.205	0.95	
0.206	0.94987819714	
0.207	0.949756689561	
0.208	0.949635475125	
0.209	0.949514551722	
0.21	0.949393917265	
0.211	0.949273569693	
0.212	0.949153506968	
0.213	0.949033727078	
0.214	0.948914228032	
0.215	0.948795007865	
0.216	0.948676064634	
0.217	0.948557396417	
0.218	0.948439001315	
0.219	0.948320877452	
0.22	0.948203022972	
0.221	0.948085436039	
0.222	0.947968114841	
0.223	0.947851057584	
0.224	0.947734262494	
0.225	0.947617727817	
0.226	0.94750145182	
0.227	0.947385432788	
0.228	0.947269669024	
0.229	0.94715415885	
0.23	0.947038900608	
0.231	0.946923892657	
0.232	0.946809133372	
0.233	0.946694621147	
0.234	0.946580354395	
0.235	0.946466331542	
0.236	0.946352551035	
0.237	0.946239011333	
0.238	0.946125710915	
0.239	0.946012648274	
0.24	0.94589982192	
0.241	0.945787230377	
0.242	0.945674872184	
0.243	0.945562745898	
0.244	0.945450850088	
0.245	0.945339183339	
0.246	0.945227744249	
0.247	0.945116531433	
0.248	0.945005543517	
0.249	0.944894779142	
0.25	0.944784236963	
0.251	0.944673915648	
0.252	0.944563813878	
0.253	0.944453930349	
0.254	0.944344263767	
0.255	0.944234812853	
0.256	0.944125576338	
0.257	0.944016552969	
0.258	0.943907741502	
0.259	0.943799140706	
0.26	0.943690749363	
0.261	0.943582566265	
0.262	0.943474590216	
0.263	0.943366820033	
0.264	0.943259254542	
0.265	0.943151892581	
0.266	0.943044733	
0.267	0.942937774658	
0.268	0.942831016426	
0.269	0.942724457184	
0.27	0.942618095824	
0.271	0.942511931248	
0.272	0.942405962368	
0.273	0.942300188105	
0.274	0.942194607391	
0.275	0.942089219168	
0.276	0.941984022386	
0.277	0.941879016006	
0.278	0.941774198997	
0.279	0.941669570339	
0.28	0.941565129021	
0.281	0.941460874039	
0.282	0.941356804399	
0.283	0.941252919118	
0.284	0.941149217217	
0.285	0.94104569773	
0.286	0.940942359698	
0.287	0.940839202169	
0.288	0.940736224201	
0.289	0.94063342486	
0.29	0.940530803218	
0.291	0.940428358359	
0.292	0.940326089371	
0.293	0.940223995352	
0.294	0.940122075406	
0.295	0.940020328647	
0.296	0.939918754194	
0.297	0.939817351176	
0.298	0.939716118726	
0.299	0.939615055987	
0.3	0.939514162109	
0.301	0.939413436248	
0.302	0.939312877566	
0.303	0.939212485236	
0.304	0.939112258433	
0.305	0.939012196341	
0.306	0.938912298152	
0.307	0.938812563062	
0.308	0.938712990275	
0.309	0.938613579002	
0.31	0.938514328459	
0.311	0.938415237868	
0.312	0.93831630646	
0.313	0.938217533468	
0.314	0.938118918136	
0.315	0.938020459709	
0.316	0.937922157443	
0.317	0.937824010595	
0.318	0.937726018431	
0.319	0.937628180222	
0.32	0.937530495245	
0.321	0.937432962781	
0.322	0.93733558212	
0.323	0.937238352553	
0.324	0.937141273381	
0.325	0.937044343907	
0.326	0.93694756344	
0.327	0.936850931297	
0.328	0.936754446797	
0.329	0.936658109264	
0.33	0.936561918031	
0.331	0.936465872432	
0.332	0.936369971807	
0.333	0.936274215503	
0.334	0.936178602869	
0.335	0.936083133262	
0.336	0.93598780604	
0.337	0.935892620569	
0.338	0.935797576218	
0.339	0.935702672361	
0.34	0.935607908378	
0.341	0.935513283652	
0.342	0.93541879757	
0.343	0.935324449525	
0.344	0.935230238913	
0.345	0.935136165137	
0.346	0.9350422276	
0.347	0.934948425714	
0.348	0.934854758892	
0.349	0.934761226552	
0.35	0.934667828117	
0.351	0.934574563013	
0.352	0.934481430672	
0.353	0.934388430526	
0.354	0.934295562016	
0.355	0.934202824584	
0.356	0.934110217677	
0.357	0.934017740744	
0.358	0.93392539324	
0.359	0.933833174623	
0.36	0.933741084355	
0.361	0.933649121902	
0.362	0.933557286733	
0.363	0.93346557832	
0.364	0.933373996141	
0.365	0.933282539675	
0.366	0.933191208407	
0.367	0.933100001823	
0.368	0.933008919414	
0.369	0.932917960675	
0.37	0.932827125103	
0.371	0.932736412199	
0.372	0.932645821467	
0.373	0.932555352415	
0.374	0.932465004555	
0.375	0.9323747774	
0.376	0.932284670468	
0.377	0.932194683279	
0.378	0.932104815358	
0.379	0.932015066231	
0.38	0.931925435429	
0.381	0.931835922485	
0.382	0.931746526936	
0.383	0.931657248319	
0.384	0.931568086179	
0.385	0.931479040059	
0.386	0.931390109509	
0.387	0.93130129408	
0.388	0.931212593325	
0.389	0.931124006802	
0.39	0.93103553407	
0.391	0.930947174693	
0.392	0.930858928235	
0.393	0.930770794264	
0.394	0.930682772352	
0.395	0.930594862073	
0.396	0.930507063001	
0.397	0.930419374718	
0.398	0.930331796804	
0.399	0.930244328843	
0.4	0.930156970423	
0.401	0.930069721133	
0.402	0.929982580565	
0.403	0.929895548313	
0.404	0.929808623975	
0.405	0.92972180715	
0.406	0.929635097441	
0.407	0.929548494451	
0.408	0.929461997788	
0.409	0.929375607061	
0.41	0.929289321881	
0.411	0.929203141864	
0.412	0.929117066625	
0.413	0.929031095782	
0.414	0.928945228958	
0.415	0.928859465775	
0.416	0.92877380586	
0.417	0.928688248839	
0.418	0.928602794343	
0.419	0.928517442005	
0.42	0.928432191458	
0.421	0.92834704234	
0.422	0.928261994289	
0.423	0.928177046946	
0.424	0.928092199955	
0.425	0.92800745296	
0.426	0.927922805609	
0.427	0.927838257552	
0.428	0.927753808439	
0.429	0.927669457924	
0.43	0.927585205662	
0.431	0.927501051311	
0.432	0.927416994531	
0.433	0.927333034982	
0.434	0.927249172329	
0.435	0.927165406236	
0.436	0.927081736371	
0.437	0.926998162402	
0.438	0.926914684001	
0.439	0.926831300841	
0.44	0.926748012597	
0.441	0.926664818944	
0.442	0.926581719562	
0.443	0.926498714131	
0.444	0.926415802333	
0.445	0.926332983851	
0.446	0.926250258372	
0.447	0.926167625582	
0.448	0.926085085171	
0.449	0.92600263683	
0.45	0.925920280251	
0.451	0.925838015129	
0.452	0.925755841159	
0.453	0.92567375804	
0.454	0.92559176547	
0.455	0.925509863151	
0.456	0.925428050785	
0.457	0.925346328076	
0.458	0.925264694731	
0.459	0.925183150457	
0.46	0.925101694962	
0.461	0.925020327958	
0.462	0.924939049157	
0.463	0.924857858272	
0.464	0.92477675502	
0.465	0.924695739116	
0.466	0.924614810279	
0.467	0.924533968229	
0.468	0.924453212688	
0.469	0.924372543378	
0.47	0.924291960024	
0.471	0.924211462351	
0.472	0.924131050087	
0.473	0.92405072296	
0.474	0.923970480701	
0.475	0.923890323041	
0.476	0.923810249713	
0.477	0.923730260452	
0.478	0.923650354993	
0.479	0.923570533074	
0.48	0.923490794432	
0.481	0.923411138809	
0.482	0.923331565945	
0.483	0.923252075582	
0.484	0.923172667465	
0.485	0.923093341339	
0.486	0.923014096951	
0.487	0.922934934048	
0.488	0.922855852379	
0.489	0.922776851695	
0.49	0.922697931748	
0.491	0.92261909229	
0.492	0.922540333076	
0.493	0.922461653861	
0.494	0.922383054402	
0.495	0.922304534458	
0.496	0.922226093786	
0.497	0.922147732148	
0.498	0.922069449304	
0.499	0.921991245019	
0.5	0.921913119056	
0.501	0.921835071179	
0.502	0.921757101156	
0.503	0.921679208754	
0.504	0.921601393741	
0.505	0.921523655887	
0.506	0.921445994963	
0.507	0.921368410742	
0.508	0.921290902996	
0.509	0.921213471499	
0.51	0.921136116028	
0.511	0.921058836359	
0.512	0.920981632268	
0.513	0.920904503535	
0.514	0.92082744994	
0.515	0.920750471264	
0.516	0.920673567288	
0.517	0.920596737795	
0.518	0.92051998257	
0.519	0.920443301397	
0.52	0.920366694062	
0.521	0.920290160353	
0.522	0.920213700057	
0.523	0.920137312965	
0.524	0.920060998865	
0.525	0.91998475755	
0.526	0.91990858881	
0.527	0.919832492441	
0.528	0.919756468234	
0.529	0.919680515986	
0.53	0.919604635493	
0.531	0.919528826552	
0.532	0.91945308896	
0.533	0.919377422517	
0.534	0.919301827022	
0.535	0.919226302277	
0.536	0.919150848082	
0.537	0.919075464241	
0.538	0.919000150557	
0.539	0.918924906835	
0.54	0.91884973288	
0.541	0.918774628498	
0.542	0.918699593497	
0.543	0.918624627684	
0.544	0.918549730869	
0.545	0.918474902862	
0.546	0.918400143472	
0.547	0.918325452512	
0.548	0.918250829795	
0.549	0.918176275132	
0.55	0.91810178834	
0.551	0.918027369231	
0.552	0.917953017624	
0.553	0.917878733333	
0.554	0.917804516177	
0.555	0.917730365973	
0.556	0.917656282542	
0.557	0.917582265702	
0.558	0.917508315275	
0.559	0.917434431082	
0.56	0.917360612946	
0.561	0.917286860689	
0.562	0.917213174136	
0.563	0.917139553112	
0.564	0.917065997441	
0.565	0.91699250695	
0.566	0.916919081466	
0.567	0.916845720818	
0.568	0.916772424832	
0.569	0.91669919334	
0.57	0.91662602617	
0.571	0.916552923154	
0.572	0.916479884123	
0.573	0.91640690891	
0.574	0.916333997347	
0.575	0.916261149268	
0.576	0.916188364508	
0.577	0.916115642901	
0.578	0.916042984285	
0.579	0.915970388495	
0.58	0.915897855368	
0.581	0.915825384743	
0.582	0.915752976458	
0.583	0.915680630354	
0.584	0.915608346269	
0.585	0.915536124044	
0.586	0.915463963522	
0.587	0.915391864544	
0.588	0.915319826953	
0.589	0.915247850592	
0.59	0.915175935306	
0.591	0.915104080939	
0.592	0.915032287337	
0.593	0.914960554346	
0.594	0.914888881813	
0.595	0.914817269585	
0.596	0.91474571751	
0.597	0.914674225436	
0.598	0.914602793214	
0.599	0.914531420693	
0.6	0.914460107723	
0.601	0.914388854156	
0.602	0.914317659844	
0.603	0.914246524638	
0.604	0.914175448393	
0.605	0.914104430961	
0.606	0.914033472197	
0.607	0.913962571956	
0.608	0.913891730093	
0.609	0.913820946464	
0.61	0.913750220926	
0.611	0.913679553336	
0.612	0.913608943552	
0.613	0.913538391432	
0.614	0.913467896836	
0.615	0.913397459622	
0.616	0.91332707965	
0.617	0.913256756782	
0.618	0.913186490879	
0.619	0.913116281803	
0.62	0.913046129415	
0.621	0.912976033579	
0.622	0.912905994158	
0.623	0.912836011016	
0.624	0.912766084018	
0.625	0.912696213029	
0.626	0.912626397914	
0.627	0.91255663854	
0.628	0.912486934773	
0.629	0.912417286481	
0.63	0.912347693531	
0.631	0.912278155792	
0.632	0.912208673132	
0.633	0.912139245421	
0.634	0.912069872529	
0.635	0.912000554325	
0.636	0.911931290682	
0.637	0.911862081469	
0.638	0.91179292656	
0.639	0.911723825826	
0.64	0.91165477914	
0.641	0.911585786376	
0.642	0.911516847408	
0.643	0.911447962109	
0.644	0.911379130355	
0.645	0.911310352022	
0.646	0.911241626984	
0.647	0.911172955118	
0.648	0.911104336302	
0.649	0.911035770411	
0.65	0.910967257325	
0.651	0.91089879692	
0.652	0.910830389077	
0.653	0.910762033673	
0.654	0.910693730589	
0.655	0.910625479705	
0.656	0.9105572809	
0.657	0.910489134057	
0.658	0.910421039055	
0.659	0.910352995779	
0.66	0.910285004109	
0.661	0.910217063928	
0.662	0.910149175119	
0.663	0.910081337567	
0.664	0.910013551156	
0.665	0.909945815769	
0.666	0.909878131291	
0.667	0.909810497609	
0.668	0.909742914608	
0.669	0.909675382174	
0.67	0.909607900194	
0.671	0.909540468555	
0.672	0.909473087144	
0.673	0.90940575585	
0.674	0.90933847456	
0.675	0.909271243164	
0.676	0.90920406155	
0.677	0.909136929608	
0.678	0.909069847229	
0.679	0.909002814302	
0.68	0.908935830719	
0.681	0.90886889637	
0.682	0.908802011148	
0.683	0.908735174943	
0.684	0.908668387649	
0.685	0.908601649158	
0.686	0.908534959364	
0.687	0.90846831816	
0.688	0.90840172544	
0.689	0.908335181098	
0.69	0.908268685029	
0.691	0.908202237128	
0.692	0.908135837291	
0.693	0.908069485413	
0.694	0.908003181391	
0.695	0.907936925121	
0.696	0.907870716501	
0.697	0.907804555427	
0.698	0.907738441798	
0.699	0.90767237551	
0.7	0.907606356464	
0.701	0.907540384557	
0.702	0.907474459689	
0.703	0.90740858176	
0.704	0.907342750669	
0.705	0.907276966316	
0.706	0.907211228602	
0.707	0.907145537428	
0.708	0.907079892696	
0.709	0.907014294306	
0.71	0.906948742161	
0.711	0.906883236164	
0.712	0.906817776216	
0.713	0.906752362222	
0.714	0.906686994084	
0.715	0.906621671705	
0.716	0.906556394991	
0.717	0.906491163845	
0.718	0.906425978172	
0.719	0.906360837878	
0.72	0.906295742867	
0.721	0.906230693045	
0.722	0.906165688318	
0.723	0.906100728593	
0.724	0.906035813776	
0.725	0.905970943775	
0.726	0.905906118495	
0.727	0.905841337847	
0.728	0.905776601736	
0.729	0.905711910071	
0.73	0.905647262762	
0.731	0.905582659716	
0.732	0.905518100843	
0.733	0.905453586053	
0.734	0.905389115255	
0.735	0.90532468836	
0.736	0.905260305278	
0.737	0.905195965919	
0.738	0.905131670195	
0.739	0.905067418017	
0.74	0.905003209297	
0.741	0.904939043946	
0.742	0.904874921878	
0.743	0.904810843003	
0.744	0.904746807236	
0.745	0.904682814489	
0.746	0.904618864676	
0.747	0.904554957711	
0.748	0.904491093507	
0.749	0.904427271979	
0.75	0.90436349304	
0.751	0.904299756608	
0.752	0.904236062595	
0.753	0.904172410918	
0.754	0.904108801492	
0.755	0.904045234234	
0.756	0.90398170906	
0.757	0.903918225885	
0.758	0.903854784628	
0.759	0.903791385204	
0.76	0.903728027532	
0.761	0.903664711529	
0.762	0.903601437112	
0.763	0.903538204201	
0.764	0.903475012713	
0.765	0.903411862567	
0.766	0.903348753683	
0.767	0.903285685979	
0.768	0.903222659375	
0.769	0.90315967379	
0.77	0.903096729145	
0.771	0.90303382536	
0.772	0.902970962355	
0.773	0.902908140051	
0.774	0.90284535837	
0.775	0.902782617232	
0.776	0.90271991656	
0.777	0.902657256274	
0.778	0.902594636297	
0.779	0.902532056552	
0.78	0.90246951696	
0.781	0.902407017445	
0.782	0.90234455793	
0.783	0.902282138338	
0.784	0.902219758592	
0.785	0.902157418617	
0.786	0.902095118336	
0.787	0.902032857674	
0.788	0.901970636554	
0.789	0.901908454903	
0.79	0.901846312645	
0.791	0.901784209704	
0.792	0.901722146008	
0.793	0.90166012148	
0.794	0.901598136048	
0.795	0.901536189637	
0.796	0.901474282174	
0.797	0.901412413585	
0.798	0.901350583798	
0.799	0.901288792738	
0.8	0.901227040335	
0.801	0.901165326515	
0.802	0.901103651206	
0.803	0.901042014335	
0.804	0.900980415832	
0.805	0.900918855625	
0.806	0.900857333641	
0.807	0.900795849811	
0.808	0.900734404064	
0.809	0.900672996328	
0.81	0.900611626533	
0.811	0.900550294609	
0.812	0.900489000485	
0.813	0.900427744093	
0.814	0.900366525363	
0.815	0.900305344224	
0.816	0.900244200609	
0.817	0.900183094447	
0.818	0.900122025671	
0.819	0.900060994211	
0.82	0.9	
0.821	0.899939042969	
0.822	0.89987812305	
0.823	0.899817240176	
0.824	0.89975639428	
0.825	0.899695585293	
0.826	0.899634813149	
0.827	0.89957407778	
0.828	0.899513379121	
0.829	0.899452717105	
0.83	0.899392091665	
0.831	0.899331502736	
0.832	0.899270950251	
0.833	0.899210434144	
0.834	0.899149954351	
0.835	0.899089510807	
0.836	0.899029103445	
0.837	0.898968732201	
0.838	0.89890839701	
0.839	0.898848097808	
0.84	0.898787834531	
0.841	0.898727607113	
0.842	0.898667415493	
0.843	0.898607259605	
0.844	0.898547139386	
0.845	0.898487054772	
0.846	0.898427005702	
0.847	0.89836699211	
0.848	0.898307013936	
0.849	0.898247071115	
0.85	0.898187163587	
0.851	0.898127291287	
0.852	0.898067454155	
0.853	0.898007652128	
0.854	0.897947885145	
0.855	0.897888153144	
0.856	0.897828456064	
0.857	0.897768793844	
0.858	0.897709166422	
0.859	0.897649573738	
0.86	0.897590015731	
0.861	0.89753049234	
0.862	0.897471003507	
0.863	0.897411549169	
0.864	0.897352129268	
0.865	0.897292743743	
0.866	0.897233392536	
0.867	0.897174075585	
0.868	0.897114792834	
0.869	0.897055544221	
0.87	0.896996329689	
0.871	0.896937149178	
0.872	0.896878002631	
0.873	0.896818889987	
0.874	0.896759811191	
0.875	0.896700766182	
0.876	0.896641754904	
0.877	0.896582777299	
0.878	0.896523833308	
0.879	0.896464922876	
0.88	0.896406045943	
0.881	0.896347202454	
0.882	0.896288392352	
0.883	0.896229615579	
0.884	0.896170872079	
0.885	0.896112161795	
0.886	0.896053484672	
0.887	0.895994840653	
0.888	0.895936229683	
0.889	0.895877651704	
0.89	0.895819106663	
0.891	0.895760594502	
0.892	0.895702115168	
0.893	0.895643668604	
0.894	0.895585254756	
0.895	0.895526873569	
0.896	0.895468524987	
0.897	0.895410208958	
0.898	0.895351925425	
0.899	0.895293674336	
0.9	0.895235455635	
0.901	0.895177269268	
0.902	0.895119115183	
0.903	0.895060993325	
0.904	0.895002903641	
0.905	0.894944846077	
0.906	0.89488682058	
0.907	0.894828827097	
0.908	0.894770865576	
0.909	0.894712935962	
0.91	0.894655038205	
0.911	0.894597172251	
0.912	0.894539338047	
0.913	0.894481535543	
0.914	0.894423764684	
0.915	0.894366025421	
0.916	0.8943083177	
0.917	0.894250641471	
0.918	0.894192996682	
0.919	0.89413538328	
0.92	0.894077801217	
0.921	0.894020250439	
0.922	0.893962730896	
0.923	0.893905242538	
0.924	0.893847785313	
0.925	0.893790359172	
0.926	0.893732964063	
0.927	0.893675599937	
0.928	0.893618266743	
0.929	0.893560964432	
0.93	0.893503692953	
0.931	0.893446452257	
0.932	0.893389242295	
0.933	0.893332063016	
0.934	0.893274914371	
0.935	0.893217796312	
0.936	0.89316070879	
0.937	0.893103651754	
0.938	0.893046625157	
0.939	0.89298962895	
0.94	0.892932663085	
0.941	0.892875727512	
0.942	0.892818822184	
0.943	0.892761947052	
0.944	0.892705102069	
0.945	0.892648287187	
0.946	0.892591502357	
0.947	0.892534747533	
0.948	0.892478022666	
0.949	0.89242132771	
0.95	0.892364662617	
0.951	0.892308027339	
0.952	0.89225142183	
0.953	0.892194846044	
0.954	0.892138299932	
0.955	0.89208178345	
0.956	0.892025296549	
0.957	0.891968839184	
0.958	0.891912411308	
0.959	0.891856012875	
0.96	0.89179964384	
0.961	0.891743304156	
0.962	0.891686993777	
0.963	0.891630712658	
0.964	0.891574460753	
0.965	0.891518238017	
0.966	0.891462044404	
0.967	0.89140587987	
0.968	0.891349744369	
0.969	0.891293637855	
0.97	0.891237560285	
0.971	0.891181511614	
0.972	0.891125491796	
0.973	0.891069500788	
0.974	0.891013538545	
0.975	0.890957605022	
0.976	0.890901700176	
0.977	0.890845823963	
0.978	0.890789976338	
0.979	0.890734157257	
0.98	0.890678366678	
0.981	0.890622604556	
0.982	0.890566870848	
0.983	0.89051116551	
0.984	0.890455488499	
0.985	0.890399839772	
0.986	0.890344219286	
0.987	0.890288626999	
0.988	0.890233062866	
0.989	0.890177526846	
0.99	0.890122018895	
0.991	0.890066538972	
0.992	0.890011087033	
0.993	0.889955663037	
0.994	0.889900266942	
0.995	0.889844898704	
0.996	0.889789558283	
0.997	0.889734245636	
0.998	0.889678960722	
0.999	0.889623703499	
1.0	0.889568473925	
