0.0	1.0	
0.001	0.999993851886	
0.002	0.999979504577	
0.003	0.99995854828	
0.004	0.999931676218	
0.005	0.99989932702	
0.006	0.999861816063	
0.007	0.99981938663	
0.008	0.999772235048	
0.009	0.99972052483	
0.01	0.999664395383	
0.011	0.999603967723	
0.012	0.999539348421	
0.013	0.999470632428	
0.014	0.99939790517	
0.015	0.999321244136	
0.016	0.999240720107	
0.017	0.999156398136	
0.018	0.999068338323	
0.019	0.998976596459	
0.02	0.998881224546	
0.021	0.998782271235	
0.022	0.998679782197	
0.023	0.998573800433	
0.024	0.99846436654	
0.025	0.998351518947	
0.026	0.998235294108	
0.027	0.99811572668	
0.028	0.997992849677	
0.029	0.997866694599	
0.03	0.997737291561	
0.031	0.997604669389	
0.032	0.997468855722	
0.033	0.997329877096	
0.034	0.997187759018	
0.035	0.997042526035	
0.036	0.996894201803	
0.037	0.996742809135	
0.038	0.996588370059	
0.039	0.996430905863	
0.04	0.99627043714	
0.041	0.996106983824	
0.042	0.995940565233	
0.043	0.995771200094	
0.044	0.995598906584	
0.045	0.995423702351	
0.046	0.995245604542	
0.047	0.995064629834	
0.048	0.994880794447	
0.049	0.994694114175	
0.05	0.994504604399	
0.051	0.994312280109	
0.052	0.994117155924	
0.053	0.993919246101	
0.054	0.993718564557	
0.055	0.993515124881	
0.056	0.993308940348	
0.057	0.993100023932	
0.058	0.992888388316	
0.059	0.992674045906	
0.06	0.992457008842	
0.061	0.992237289004	
0.062	0.992014898028	
0.063	0.991789847308	
0.064	0.991562148011	
0.065	0.991331811081	
0.066	0.991098847247	
0.067	0.990863267035	
0.068	0.990625080768	
0.069	0.990384298578	
0.07	0.99014093041	
0.071	0.989894986029	
0.072	0.989646475024	
0.073	0.989395406818	
0.074	0.989141790666	
0.075	0.988885635667	
0.076	0.988626950767	
0.077	0.988365744758	
0.078	0.988102026293	
0.079	0.98783580388	
0.08	0.987567085891	
0.081	0.987295880568	
0.082	0.987022196019	
0.083	0.986746040231	
0.084	0.986467421067	
0.085	0.986186346272	
0.086	0.985902823474	
0.087	0.985616860189	
0.088	0.985328463825	
0.089	0.985037641682	
0.09	0.984744400955	
0.091	0.98444874874	
0.092	0.984150692031	
0.093	0.983850237729	
0.094	0.983547392638	
0.095	0.983242163473	
0.096	0.982934556856	
0.097	0.982624579325	
0.098	0.98231223733	
0.099	0.981997537239	
0.1	0.981680485338	
0.101	0.981361087832	
0.102	0.981039350852	
0.103	0.980715280448	
0.104	0.980388882598	
0.105	0.980060163208	
0.106	0.979729128111	
0.107	0.97939578307	
0.108	0.979060133783	
0.109	0.978722185876	
0.11	0.978381944915	
0.111	0.978039416397	
0.112	0.977694605759	
0.113	0.977347518377	
0.114	0.976998159565	
0.115	0.976646534578	
0.116	0.976292648615	
0.117	0.975936506816	
0.118	0.975578114267	
0.119	0.975217475998	
0.12	0.974854596986	
0.121	0.974489482157	
0.122	0.974122136382	
0.123	0.973752564485	
0.124	0.973380771237	
0.125	0.973006761364	
0.126	0.972630539542	
0.127	0.972252110398	
0.128	0.971871478518	
0.129	0.971488648437	
0.13	0.971103624649	
0.131	0.970716411603	
0.132	0.970327013706	
0.133	0.969935435321	
0.134	0.969541680771	
0.135	0.969145754338	
0.136	0.968747660263	
0.137	0.968347402748	
0.138	0.967944985955	
0.139	0.967540414011	
0.14	0.967133691001	
0.141	0.966724820977	
0.142	0.966313807953	
0.143	0.965900655906	
0.144	0.965485368779	
0.145	0.965067950481	
0.146	0.964648404886	
0.147	0.964226735835	
0.148	0.963802947134	
0.149	0.96337704256	
0.15	0.962949025853	
0.151	0.962518900727	
0.152	0.962086670861	
0.153	0.961652339904	
0.154	0.961215911476	
0.155	0.960777389166	
0.156	0.960336776534	
0.157	0.959894077112	
0.158	0.959449294402	
0.159	0.95900243188	
0.16	0.958553492992	
0.161	0.958102481158	
0.162	0.957649399772	
0.163	0.957194252198	
0.164	0.956737041779	
0.165	0.956277771828	
0.166	0.955816445634	
0.167	0.955353066462	
0.168	0.954887637551	
0.169	0.954420162115	
0.17	0.953950643345	
0.171	0.953479084409	
0.172	0.953005488449	
0.173	0.952529858587	
0.174	0.95205219792	
0.175	0.951572509522	
0.176	0.951090796448	
0.177	0.950607061727	
0.178	0.95012130837	
0.179	0.949633539363	
0.18	0.949143757674	
0.181	0.948651966248	
0.182	0.948158168011	
0.183	0.947662365868	
0.184	0.947164562703	
0.185	0.946664761381	
0.186	0.946162964748	
0.187	0.94565917563	
0.188	0.945153396833	
0.189	0.944645631146	
0.19	0.944135881339	
0.191	0.943624150161	
0.192	0.943110440346	
0.193	0.942594754608	
0.194	0.942077095644	
0.195	0.941557466134	
0.196	0.941035868739	
0.197	0.940512306104	
0.198	0.939986780856	
0.199	0.939459295608	
0.2	0.938929852952	
0.201	0.938398455468	
0.202	0.937865105716	
0.203	0.937329806242	
0.204	0.936792559577	
0.205	0.936253368233	
0.206	0.93571223471	
0.207	0.935169161491	
0.208	0.934624151045	
0.209	0.934077205823	
0.21	0.933528328264	
0.211	0.932977520792	
0.212	0.932424785816	
0.213	0.93187012573	
0.214	0.931313542914	
0.215	0.930755039736	
0.216	0.930194618547	
0.217	0.929632281686	
0.218	0.929068031477	
0.219	0.928501870233	
0.22	0.927933800252	
0.221	0.927363823818	
0.222	0.926791943203	
0.223	0.926218160666	
0.224	0.925642478453	
0.225	0.925064898798	
0.226	0.924485423921	
0.227	0.923904056031	
0.228	0.923320797323	
0.229	0.922735649982	
0.23	0.92214861618	
0.231	0.921559698077	
0.232	0.920968897819	
0.233	0.920376217545	
0.234	0.919781659379	
0.235	0.919185225433	
0.236	0.91858691781	
0.237	0.9179867386	
0.238	0.917384689884	
0.239	0.916780773728	
0.24	0.916174992192	
0.241	0.915567347321	
0.242	0.914957841151	
0.243	0.914346475708	
0.244	0.913733253006	
0.245	0.91311817505	
0.246	0.912501243833	
0.247	0.911882461339	
0.248	0.911261829542	
0.249	0.910639350405	
0.25	0.910015025882	
0.251	0.909388857915	
0.252	0.90876084844	
0.253	0.908130999379	
0.254	0.907499312648	
0.255	0.906865790152	
0.256	0.906230433785	
0.257	0.905593245434	
0.258	0.904954226977	
0.259	0.904313380279	
0.26	0.903670707201	
0.261	0.903026209591	
0.262	0.90237988929	
0.263	0.90173174813	
0.264	0.901081787934	
0.265	0.900430010514	
0.266	0.899776417678	
0.267	0.899121011222	
0.268	0.898463792934	
0.269	0.897804764594	
0.27	0.897143927974	
0.271	0.896481284836	
0.272	0.895816836937	
0.273	0.895150586022	
0.274	0.894482533831	
0.275	0.893812682093	
0.276	0.893141032533	
0.277	0.892467586865	
0.278	0.891792346795	
0.279	0.891115314024	
0.28	0.890436490243	
0.281	0.889755877135	
0.282	0.889073476378	
0.283	0.888389289639	
0.284	0.887703318581	
0.285	0.887015564857	
0.286	0.886326030113	
0.287	0.885634715991	
0.288	0.884941624121	
0.289	0.884246756128	
0.29	0.88355011363	
0.291	0.882851698239	
0.292	0.882151511558	
0.293	0.881449555184	
0.294	0.880745830706	
0.295	0.880040339708	
0.296	0.879333083767	
0.297	0.878624064452	
0.298	0.877913283326	
0.299	0.877200741945	
0.3	0.876486441858	
0.301	0.87577038461	
0.302	0.875052571737	
0.303	0.874333004769	
0.304	0.87361168523	
0.305	0.872888614637	
0.306	0.872163794503	
0.307	0.871437226331	
0.308	0.870708911621	
0.309	0.869978851865	
0.31	0.86924704855	
0.311	0.868513503156	
0.312	0.867778217159	
0.313	0.867041192025	
0.314	0.866302429219	
0.315	0.865561930196	
0.316	0.864819696407	
0.317	0.864075729298	
0.318	0.863330030308	
0.319	0.86258260087	
0.32	0.861833442412	
0.321	0.861082556357	
0.322	0.86032994412	
0.323	0.859575607113	
0.324	0.858819546742	
0.325	0.858061764407	
0.326	0.857302261501	
0.327	0.856541039415	
0.328	0.855778099532	
0.329	0.855013443231	
0.33	0.854247071884	
0.331	0.853478986861	
0.332	0.852709189522	
0.333	0.851937681227	
0.334	0.851164463327	
0.335	0.85038953717	
0.336	0.849612904097	
0.337	0.848834565446	
0.338	0.848054522549	
0.339	0.847272776733	
0.34	0.84648932932	
0.341	0.845704181627	
0.342	0.844917334967	
0.343	0.844128790648	
0.344	0.843338549971	
0.345	0.842546614235	
0.346	0.841752984733	
0.347	0.840957662753	
0.348	0.840160649579	
0.349	0.839361946491	
0.35	0.838561554762	
0.351	0.837759475662	
0.352	0.836955710457	
0.353	0.836150260408	
0.354	0.83534312677	
0.355	0.834534310794	
0.356	0.83372381373	
0.357	0.832911636819	
0.358	0.832097781299	
0.359	0.831282248405	
0.36	0.830465039366	
0.361	0.829646155408	
0.362	0.828825597752	
0.363	0.828003367615	
0.364	0.827179466209	
0.365	0.826353894742	
0.366	0.825526654419	
0.367	0.82469774644	
0.368	0.823867172001	
0.369	0.823034932293	
0.37	0.822201028504	
0.371	0.821365461819	
0.372	0.820528233415	
0.373	0.81968934447	
0.374	0.818848796154	
0.375	0.818006589636	
0.376	0.817162726078	
0.377	0.816317206642	
0.378	0.815470032482	
0.379	0.814621204751	
0.38	0.813770724597	
0.381	0.812918593164	
0.382	0.812064811593	
0.383	0.811209381021	
0.384	0.810352302581	
0.385	0.809493577402	
0.386	0.80863320661	
0.387	0.807771191327	
0.388	0.806907532671	
0.389	0.806042231756	
0.39	0.805175289694	
0.391	0.804306707592	
0.392	0.803436486555	
0.393	0.802564627681	
0.394	0.801691132068	
0.395	0.800816000809	
0.396	0.799939234995	
0.397	0.79906083571	
0.398	0.798180804038	
0.399	0.797299141058	
0.4	0.796415847847	
0.401	0.795530925476	
0.402	0.794644375014	
0.403	0.793756197529	
0.404	0.792866394081	
0.405	0.79197496573	
0.406	0.791081913532	
0.407	0.79018723854	
0.408	0.789290941802	
0.409	0.788393024365	
0.41	0.787493487271	
0.411	0.786592331561	
0.412	0.785689558269	
0.413	0.78478516843	
0.414	0.783879163073	
0.415	0.782971543226	
0.416	0.782062309912	
0.417	0.781151464151	
0.418	0.780239006962	
0.419	0.779324939358	
0.42	0.778409262351	
0.421	0.77749197695	
0.422	0.77657308416	
0.423	0.775652584982	
0.424	0.774730480417	
0.425	0.773806771461	
0.426	0.772881459106	
0.427	0.771954544344	
0.428	0.771026028163	
0.429	0.770095911545	
0.43	0.769164195474	
0.431	0.768230880928	
0.432	0.767295968883	
0.433	0.766359460312	
0.434	0.765421356185	
0.435	0.76448165747	
0.436	0.763540365131	
0.437	0.76259748013	
0.438	0.761653003427	
0.439	0.760706935976	
0.44	0.759759278732	
0.441	0.758810032646	
0.442	0.757859198665	
0.443	0.756906777735	
0.444	0.755952770799	
0.445	0.754997178796	
0.446	0.754040002663	
0.447	0.753081243336	
0.448	0.752120901746	
0.449	0.751158978823	
0.45	0.750195475493	
0.451	0.74923039268	
0.452	0.748263731307	
0.453	0.747295492291	
0.454	0.746325676549	
0.455	0.745354284996	
0.456	0.744381318542	
0.457	0.743406778096	
0.458	0.742430664564	
0.459	0.741452978851	
0.46	0.740473721857	
0.461	0.739492894481	
0.462	0.73851049762	
0.463	0.737526532168	
0.464	0.736540999015	
0.465	0.735553899051	
0.466	0.734565233162	
0.467	0.733575002234	
0.468	0.732583207146	
0.469	0.73158984878	
0.47	0.730594928011	
0.471	0.729598445715	
0.472	0.728600402764	
0.473	0.727600800027	
0.474	0.726599638374	
0.475	0.725596918668	
0.476	0.724592641773	
0.477	0.72358680855	
0.478	0.722579419857	
0.479	0.721570476551	
0.48	0.720559979485	
0.481	0.719547929511	
0.482	0.718534327479	
0.483	0.717519174235	
0.484	0.716502470626	
0.485	0.715484217493	
0.486	0.714464415677	
0.487	0.713443066017	
0.488	0.712420169349	
0.489	0.711395726507	
0.49	0.710369738324	
0.491	0.709342205628	
0.492	0.708313129247	
0.493	0.707282510008	
0.494	0.706250348732	
0.495	0.705216646243	
0.496	0.704181403359	
0.497	0.703144620896	
0.498	0.702106299671	
0.499	0.701066440496	
0.5	0.700025044181	
0.501	0.698982111537	
0.502	0.697937643369	
0.503	0.696891640483	
0.504	0.695844103681	
0.505	0.694795033764	
0.506	0.693744431531	
0.507	0.692692297778	
0.508	0.691638633301	
0.509	0.690583438892	
0.51	0.689526715342	
0.511	0.688468463439	
0.512	0.687408683971	
0.513	0.686347377723	
0.514	0.685284545478	
0.515	0.684220188017	
0.516	0.683154306119	
0.517	0.682086900561	
0.518	0.681017972118	
0.519	0.679947521565	
0.52	0.678875549673	
0.521	0.677802057212	
0.522	0.676727044949	
0.523	0.67565051365	
0.524	0.67457246408	
0.525	0.673492897002	
0.526	0.672411813174	
0.527	0.671329213357	
0.528	0.670245098307	
0.529	0.669159468778	
0.53	0.668072325525	
0.531	0.666983669299	
0.532	0.665893500849	
0.533	0.664801820923	
0.534	0.663708630267	
0.535	0.662613929626	
0.536	0.661517719741	
0.537	0.660420001355	
0.538	0.659320775206	
0.539	0.658220042031	
0.54	0.657117802566	
0.541	0.656014057545	
0.542	0.6549088077	
0.543	0.653802053761	
0.544	0.652693796457	
0.545	0.651584036516	
0.546	0.650472774662	
0.547	0.64936001162	
0.548	0.648245748111	
0.549	0.647129984855	
0.55	0.646012722573	
0.551	0.644893961979	
0.552	0.643773703791	
0.553	0.642651948721	
0.554	0.641528697482	
0.555	0.640403950784	
0.556	0.639277709337	
0.557	0.638149973847	
0.558	0.63702074502	
0.559	0.63589002356	
0.56	0.634757810171	
0.561	0.633624105552	
0.562	0.632488910403	
0.563	0.631352225421	
0.564	0.630214051304	
0.565	0.629074388745	
0.566	0.627933238438	
0.567	0.626790601074	
0.568	0.625646477343	
0.569	0.624500867934	
0.57	0.623353773534	
0.571	0.622205194827	
0.572	0.621055132498	
0.573	0.61990358723	
0.574	0.618750559702	
0.575	0.617596050595	
0.576	0.616440060586	
0.577	0.615282590352	
0.578	0.614123640568	
0.579	0.612963211906	
0.58	0.61180130504	
0.581	0.610637920639	
0.582	0.609473059372	
0.583	0.608306721908	
0.584	0.607138908912	
0.585	0.605969621049	
0.586	0.604798858982	
0.587	0.603626623373	
0.588	0.602452914883	
0.589	0.60127773417	
0.59	0.600101081892	
0.591	0.598922958705	
0.592	0.597743365264	
0.593	0.596562302222	
0.594	0.595379770232	
0.595	0.594195769944	
0.596	0.593010302006	
0.597	0.591823367068	
0.598	0.590634965775	
0.599	0.589445098772	
0.6	0.588253766703	
0.601	0.587060970211	
0.602	0.585866709937	
0.603	0.58467098652	
0.604	0.583473800598	
0.605	0.582275152809	
0.606	0.581075043788	
0.607	0.57987347417	
0.608	0.578670444587	
0.609	0.577465955672	
0.61	0.576260008054	
0.611	0.575052602363	
0.612	0.573843739227	
0.613	0.572633419272	
0.614	0.571421643123	
0.615	0.570208411404	
0.616	0.568993724738	
0.617	0.567777583746	
0.618	0.566559989049	
0.619	0.565340941264	
0.62	0.564120441011	
0.621	0.562898488904	
0.622	0.561675085559	
0.623	0.56045023159	
0.624	0.559223927609	
0.625	0.557996174228	
0.626	0.556766972056	
0.627	0.555536321703	
0.628	0.554304223776	
0.629	0.553070678882	
0.63	0.551835687625	
0.631	0.55059925061	
0.632	0.549361368439	
0.633	0.548122041715	
0.634	0.546881271036	
0.635	0.545639057003	
0.636	0.544395400213	
0.637	0.543150301263	
0.638	0.541903760749	
0.639	0.540655779266	
0.64	0.539406357405	
0.641	0.53815549576	
0.642	0.536903194921	
0.643	0.535649455478	
0.644	0.534394278019	
0.645	0.533137663133	
0.646	0.531879611405	
0.647	0.53062012342	
0.648	0.529359199762	
0.649	0.528096841014	
0.65	0.526833047759	
0.651	0.525567820575	
0.652	0.524301160044	
0.653	0.523033066742	
0.654	0.521763541248	
0.655	0.520492584137	
0.656	0.519220195985	
0.657	0.517946377365	
0.658	0.51667112885	
0.659	0.515394451011	
0.66	0.51411634442	
0.661	0.512836809645	
0.662	0.511555847256	
0.663	0.510273457818	
0.664	0.5089896419	
0.665	0.507704400065	
0.666	0.506417732878	
0.667	0.505129640901	
0.668	0.503840124697	
0.669	0.502549184827	
0.67	0.50125682185	
0.671	0.499963036325	
0.672	0.49866782881	
0.673	0.497371199861	
0.674	0.496073150035	
0.675	0.494773679885	
0.676	0.493472789965	
0.677	0.492170480828	
0.678	0.490866753024	
0.679	0.489561607105	
0.68	0.488255043621	
0.681	0.486947063118	
0.682	0.485637666145	
0.683	0.484326853248	
0.684	0.483014624972	
0.685	0.481700981862	
0.686	0.480385924461	
0.687	0.479069453312	
0.688	0.477751568954	
0.689	0.47643227193	
0.69	0.475111562779	
0.691	0.473789442038	
0.692	0.472465910245	
0.693	0.471140967936	
0.694	0.469814615647	
0.695	0.468486853913	
0.696	0.467157683266	
0.697	0.46582710424	
0.698	0.464495117365	
0.699	0.463161723173	
0.7	0.461826922193	
0.701	0.460490714953	
0.702	0.459153101982	
0.703	0.457814083806	
0.704	0.456473660951	
0.705	0.455131833941	
0.706	0.453788603301	
0.707	0.452443969554	
0.708	0.451097933222	
0.709	0.449750494825	
0.71	0.448401654885	
0.711	0.44705141392	
0.712	0.445699772448	
0.713	0.444346730988	
0.714	0.442992290055	
0.715	0.441636450165	
0.716	0.440279211833	
0.717	0.438920575573	
0.718	0.437560541897	
0.719	0.436199111317	
0.72	0.434836284345	
0.721	0.433472061491	
0.722	0.432106443263	
0.723	0.430739430171	
0.724	0.429371022722	
0.725	0.428001221422	
0.726	0.426630026777	
0.727	0.425257439292	
0.728	0.423883459471	
0.729	0.422508087818	
0.73	0.421131324833	
0.731	0.419753171019	
0.732	0.418373626876	
0.733	0.416992692904	
0.734	0.415610369601	
0.735	0.414226657465	
0.736	0.412841556994	
0.737	0.411455068684	
0.738	0.410067193029	
0.739	0.408677930525	
0.74	0.407287281665	
0.741	0.405895246942	
0.742	0.404501826848	
0.743	0.403107021873	
0.744	0.401710832509	
0.745	0.400313259245	
0.746	0.398914302569	
0.747	0.397513962969	
0.748	0.396112240932	
0.749	0.394709136944	
0.75	0.393304651491	
0.751	0.391898785057	
0.752	0.390491538126	
0.753	0.38908291118	
0.754	0.387672904703	
0.755	0.386261519174	
0.756	0.384848755075	
0.757	0.383434612885	
0.758	0.382019093082	
0.759	0.380602196146	
0.76	0.379183922554	
0.761	0.377764272781	
0.762	0.376343247304	
0.763	0.374920846597	
0.764	0.373497071134	
0.765	0.372071921389	
0.766	0.370645397835	
0.767	0.369217500943	
0.768	0.367788231183	
0.769	0.366357589027	
0.77	0.364925574944	
0.771	0.363492189402	
0.772	0.36205743287	
0.773	0.360621305814	
0.774	0.3591838087	
0.775	0.357744941995	
0.776	0.356304706164	
0.777	0.354863101669	
0.778	0.353420128975	
0.779	0.351975788545	
0.78	0.350530080839	
0.781	0.34908300632	
0.782	0.347634565447	
0.783	0.346184758681	
0.784	0.344733586479	
0.785	0.3432810493	
0.786	0.341827147602	
0.787	0.340371881841	
0.788	0.338915252473	
0.789	0.337457259952	
0.79	0.335997904735	
0.791	0.334537187274	
0.792	0.333075108022	
0.793	0.331611667432	
0.794	0.330146865955	
0.795	0.328680704042	
0.796	0.327213182143	
0.797	0.325744300707	
0.798	0.324274060184	
0.799	0.322802461021	
0.8	0.321329503665	
0.801	0.319855188564	
0.802	0.318379516162	
0.803	0.316902486905	
0.804	0.315424101238	
0.805	0.313944359604	
0.806	0.312463262447	
0.807	0.310980810208	
0.808	0.309497003329	
0.809	0.308011842252	
0.81	0.306525327416	
0.811	0.305037459262	
0.812	0.303548238228	
0.813	0.302057664752	
0.814	0.300565739272	
0.815	0.299072462225	
0.816	0.297577834047	
0.817	0.296081855174	
0.818	0.29458452604	
0.819	0.29308584708	
0.82	0.291585818727	
0.821	0.290084441414	
0.822	0.288581715573	
0.823	0.287077641636	
0.824	0.285572220034	
0.825	0.284065451196	
0.826	0.282557335552	
0.827	0.281047873532	
0.828	0.279537065563	
0.829	0.278024912073	
0.83	0.276511413488	
0.831	0.274996570236	
0.832	0.273480382742	
0.833	0.27196285143	
0.834	0.270443976726	
0.835	0.268923759052	
0.836	0.267402198832	
0.837	0.265879296488	
0.838	0.264355052442	
0.839	0.262829467115	
0.84	0.261302540927	
0.841	0.259774274299	
0.842	0.25824466765	
0.843	0.256713721398	
0.844	0.255181435961	
0.845	0.253647811757	
0.846	0.252112849202	
0.847	0.250576548713	
0.848	0.249038910704	
0.849	0.247499935592	
0.85	0.245959623789	
0.851	0.24441797571	
0.852	0.242874991768	
0.853	0.241330672374	
0.854	0.239785017942	
0.855	0.238238028882	
0.856	0.236689705604	
0.857	0.235140048519	
0.858	0.233589058036	
0.859	0.232036734563	
0.86	0.23048307851	
0.861	0.228928090283	
0.862	0.227371770289	
0.863	0.225814118936	
0.864	0.224255136627	
0.865	0.22269482377	
0.866	0.221133180768	
0.867	0.219570208025	
0.868	0.218005905945	
0.869	0.216440274931	
0.87	0.214873315384	
0.871	0.213305027707	
0.872	0.2117354123	
0.873	0.210164469565	
0.874	0.2085921999	
0.875	0.207018603706	
0.876	0.20544368138	
0.877	0.203867433322	
0.878	0.202289859929	
0.879	0.200710961597	
0.88	0.199130738724	
0.881	0.197549191705	
0.882	0.195966320935	
0.883	0.19438212681	
0.884	0.192796609723	
0.885	0.191209770069	
0.886	0.189621608239	
0.887	0.188032124628	
0.888	0.186441319625	
0.889	0.184849193624	
0.89	0.183255747015	
0.891	0.181660980188	
0.892	0.180064893533	
0.893	0.178467487438	
0.894	0.176868762294	
0.895	0.175268718487	
0.896	0.173667356406	
0.897	0.172064676436	
0.898	0.170460678966	
0.899	0.16885536438	
0.9	0.167248733064	
0.901	0.165640785403	
0.902	0.16403152178	
0.903	0.162420942581	
0.904	0.160809048187	
0.905	0.159195838982	
0.906	0.157581315348	
0.907	0.155965477666	
0.908	0.154348326318	
0.909	0.152729861683	
0.91	0.151110084142	
0.911	0.149488994075	
0.912	0.14786659186	
0.913	0.146242877876	
0.914	0.1446178525	
0.915	0.142991516111	
0.916	0.141363869084	
0.917	0.139734911797	
0.918	0.138104644624	
0.919	0.136473067942	
0.92	0.134840182126	
0.921	0.133205987548	
0.922	0.131570484584	
0.923	0.129933673606	
0.924	0.128295554987	
0.925	0.1266561291	
0.926	0.125015396315	
0.927	0.123373357005	
0.928	0.12173001154	
0.929	0.12008536029	
0.93	0.118439403625	
0.931	0.116792141914	
0.932	0.115143575526	
0.933	0.113493704828	
0.934	0.11184253019	
0.935	0.110190051977	
0.936	0.108536270556	
0.937	0.106881186295	
0.938	0.105224799558	
0.939	0.10356711071	
0.94	0.101908120117	
0.941	0.100247828143	
0.942	0.0985862351504	
0.943	0.0969233415039	
0.944	0.0952591475658	
0.945	0.0935936536983	
0.946	0.0919268602634	
0.947	0.0902587676222	
0.948	0.0885893761357	
0.949	0.0869186861642	
0.95	0.0852466980676	
0.951	0.0835734122052	
0.952	0.081898828936	
0.953	0.0802229486185	
0.954	0.0785457716105	
0.955	0.0768672982697	
0.956	0.0751875289529	
0.957	0.0735064640169	
0.958	0.0718241038176	
0.959	0.0701404487106	
0.96	0.0684554990512	
0.961	0.0667692551939	
0.962	0.065081717493	
0.963	0.0633928863022	
0.964	0.0617027619748	
0.965	0.0600113448637	
0.966	0.0583186353211	
0.967	0.056624633699	
0.968	0.0549293403487	
0.969	0.0532327556214	
0.97	0.0515348798674	
0.971	0.0498357134368	
0.972	0.0481352566793	
0.973	0.046433509944	
0.974	0.0447304735796	
0.975	0.0430261479344	
0.976	0.0413205333561	
0.977	0.039613630192	
0.978	0.0379054387891	
0.979	0.0361959594939	
0.98	0.0344851926522	
0.981	0.0327731386097	
0.982	0.0310597977115	
0.983	0.0293451703022	
0.984	0.0276292567261	
0.985	0.0259120573269	
0.986	0.024193572448	
0.987	0.0224738024322	
0.988	0.0207527476221	
0.989	0.0190304083597	
0.99	0.0173067849864	
0.991	0.0155818778436	
0.992	0.0138556872718	
0.993	0.0121282136114	
0.994	0.0103994572023	
0.995	0.00866941838375	
0.996	0.00693809749484	
0.997	0.0052054948741	
0.998	0.00347161085965	
0.999	0.00173644578919	
1.0	0.0	
