0.0	1.0	
0.001	0.999983075285	
0.002	0.999949030844	
0.003	0.999902864198	
0.004	0.999846505258	
0.005	0.999781108858	
0.006	0.999707473379	
0.007	0.999626196136	
0.008	0.999537747184	
0.009	0.999442509735	
0.01	0.999340804475	
0.011	0.999232905231	
0.012	0.999119049598	
0.013	0.998999446443	
0.014	0.998874281379	
0.015	0.998743720875	
0.016	0.998607915402	
0.017	0.998467001896	
0.018	0.998321105715	
0.019	0.998170342221	
0.02	0.998014818069	
0.021	0.997854632275	
0.022	0.997689877104	
0.023	0.997520638825	
0.024	0.997346998343	
0.025	0.997169031749	
0.026	0.99698681079	
0.027	0.996800403274	
0.028	0.996609873428	
0.029	0.996415282208	
0.03	0.996216687577	
0.031	0.996014144745	
0.032	0.995807706385	
0.033	0.995597422829	
0.034	0.995383342238	
0.035	0.995165510756	
0.036	0.994943972655	
0.037	0.994718770458	
0.038	0.994489945053	
0.039	0.994257535799	
0.04	0.994021580624	
0.041	0.993782116105	
0.042	0.993539177555	
0.043	0.993292799092	
0.044	0.993043013708	
0.045	0.99278985333	
0.046	0.992533348879	
0.047	0.992273530321	
0.048	0.99201042672	
0.049	0.991744066276	
0.05	0.991474476379	
0.051	0.991201683638	
0.052	0.990925713923	
0.053	0.990646592398	
0.054	0.990364343557	
0.055	0.990078991247	
0.056	0.989790558703	
0.057	0.98949906857	
0.058	0.989204542933	
0.059	0.988907003335	
0.06	0.988606470802	
0.061	0.988302965864	
0.062	0.987996508574	
0.063	0.987687118528	
0.064	0.987374814879	
0.065	0.987059616359	
0.066	0.98674154129	
0.067	0.986420607601	
0.068	0.986096832844	
0.069	0.985770234203	
0.07	0.98544082851	
0.071	0.985108632258	
0.072	0.984773661611	
0.073	0.984435932413	
0.074	0.984095460203	
0.075	0.983752260222	
0.076	0.983406347424	
0.077	0.983057736485	
0.078	0.982706441808	
0.079	0.982352477539	
0.08	0.981995857568	
0.081	0.981636595541	
0.082	0.981274704864	
0.083	0.980910198712	
0.084	0.980543090037	
0.085	0.980173391571	
0.086	0.979801115836	
0.087	0.979426275146	
0.088	0.979048881617	
0.089	0.978668947167	
0.09	0.978286483529	
0.091	0.977901502247	
0.092	0.97751401469	
0.093	0.977124032049	
0.094	0.976731565346	
0.095	0.976336625438	
0.096	0.975939223018	
0.097	0.975539368625	
0.098	0.975137072642	
0.099	0.974732345301	
0.1	0.974325196692	
0.101	0.973915636759	
0.102	0.973503675307	
0.103	0.973089322006	
0.104	0.972672586394	
0.105	0.972253477878	
0.106	0.971832005738	
0.107	0.971408179133	
0.108	0.970982007097	
0.109	0.97055349855	
0.11	0.970122662292	
0.111	0.969689507014	
0.112	0.969254041294	
0.113	0.968816273601	
0.114	0.968376212301	
0.115	0.967933865653	
0.116	0.967489241817	
0.117	0.967042348853	
0.118	0.966593194724	
0.119	0.966141787295	
0.12	0.96568813434	
0.121	0.965232243543	
0.122	0.964774122494	
0.123	0.964313778699	
0.124	0.963851219575	
0.125	0.963386452457	
0.126	0.962919484595	
0.127	0.962450323158	
0.128	0.961978975237	
0.129	0.961505447842	
0.13	0.961029747909	
0.131	0.960551882296	
0.132	0.96007185779	
0.133	0.959589681102	
0.134	0.959105358875	
0.135	0.958618897679	
0.136	0.958130304018	
0.137	0.957639584326	
0.138	0.957146744972	
0.139	0.95665179226	
0.14	0.956154732429	
0.141	0.955655571656	
0.142	0.955154316056	
0.143	0.954650971682	
0.144	0.954145544528	
0.145	0.953638040529	
0.146	0.953128465564	
0.147	0.952616825453	
0.148	0.952103125959	
0.149	0.951587372794	
0.15	0.951069571613	
0.151	0.950549728017	
0.152	0.950027847557	
0.153	0.94950393573	
0.154	0.948977997986	
0.155	0.948450039721	
0.156	0.947920066283	
0.157	0.947388082973	
0.158	0.946854095043	
0.159	0.946318107698	
0.16	0.945780126098	
0.161	0.945240155356	
0.162	0.944698200541	
0.163	0.944154266678	
0.164	0.943608358748	
0.165	0.943060481688	
0.166	0.942510640395	
0.167	0.941958839723	
0.168	0.941405084485	
0.169	0.940849379454	
0.17	0.940291729363	
0.171	0.939732138906	
0.172	0.939170612737	
0.173	0.938607155473	
0.174	0.938041771693	
0.175	0.937474465939	
0.176	0.936905242716	
0.177	0.936334106492	
0.178	0.935761061702	
0.179	0.935186112743	
0.18	0.934609263979	
0.181	0.934030519739	
0.182	0.933449884319	
0.183	0.932867361981	
0.184	0.932282956953	
0.185	0.931696673434	
0.186	0.931108515588	
0.187	0.930518487548	
0.188	0.929926593416	
0.189	0.929332837263	
0.19	0.92873722313	
0.191	0.928139755028	
0.192	0.927540436938	
0.193	0.926939272811	
0.194	0.926336266572	
0.195	0.925731422114	
0.196	0.925124743303	
0.197	0.924516233977	
0.198	0.923905897949	
0.199	0.923293739001	
0.2	0.922679760889	
0.201	0.922063967346	
0.202	0.921446362074	
0.203	0.920826948752	
0.204	0.920205731032	
0.205	0.919582712542	
0.206	0.918957896885	
0.207	0.918331287638	
0.208	0.917702888354	
0.209	0.917072702564	
0.21	0.916440733771	
0.211	0.915806985458	
0.212	0.915171461083	
0.213	0.914534164083	
0.214	0.913895097869	
0.215	0.913254265832	
0.216	0.91261167134	
0.217	0.91196731774	
0.218	0.911321208354	
0.219	0.910673346486	
0.22	0.910023735417	
0.221	0.909372378408	
0.222	0.908719278698	
0.223	0.908064439506	
0.224	0.907407864031	
0.225	0.90674955545	
0.226	0.906089516924	
0.227	0.905427751589	
0.228	0.904764262566	
0.229	0.904099052954	
0.23	0.903432125834	
0.231	0.902763484269	
0.232	0.902093131301	
0.233	0.901421069955	
0.234	0.900747303237	
0.235	0.900071834136	
0.236	0.899394665621	
0.237	0.898715800647	
0.238	0.898035242146	
0.239	0.897352993038	
0.24	0.896669056222	
0.241	0.895983434581	
0.242	0.895296130982	
0.243	0.894607148275	
0.244	0.893916489292	
0.245	0.893224156851	
0.246	0.892530153752	
0.247	0.891834482779	
0.248	0.891137146701	
0.249	0.89043814827	
0.25	0.889737490225	
0.251	0.889035175286	
0.252	0.88833120616	
0.253	0.887625585538	
0.254	0.886918316097	
0.255	0.886209400497	
0.256	0.885498841386	
0.257	0.884786641396	
0.258	0.884072803144	
0.259	0.883357329234	
0.26	0.882640222254	
0.261	0.88192148478	
0.262	0.881201119373	
0.263	0.880479128579	
0.264	0.879755514934	
0.265	0.879030280957	
0.266	0.878303429155	
0.267	0.877574962021	
0.268	0.876844882035	
0.269	0.876113191665	
0.27	0.875379893364	
0.271	0.874644989575	
0.272	0.873908482726	
0.273	0.873170375233	
0.274	0.872430669499	
0.275	0.871689367917	
0.276	0.870946472864	
0.277	0.870201986708	
0.278	0.869455911804	
0.279	0.868708250493	
0.28	0.867959005108	
0.281	0.867208177968	
0.282	0.866455771379	
0.283	0.865701787638	
0.284	0.86494622903	
0.285	0.864189097828	
0.286	0.863430396293	
0.287	0.862670126677	
0.288	0.861908291219	
0.289	0.861144892148	
0.29	0.860379931682	
0.291	0.859613412028	
0.292	0.858845335382	
0.293	0.85807570393	
0.294	0.857304519848	
0.295	0.8565317853	
0.296	0.855757502441	
0.297	0.854981673415	
0.298	0.854204300355	
0.299	0.853425385386	
0.3	0.852644930622	
0.301	0.851862938166	
0.302	0.851079410113	
0.303	0.850294348547	
0.304	0.849507755543	
0.305	0.848719633165	
0.306	0.847929983469	
0.307	0.8471388085	
0.308	0.846346110296	
0.309	0.845551890884	
0.31	0.844756152281	
0.311	0.843958896496	
0.312	0.843160125529	
0.313	0.842359841371	
0.314	0.841558046003	
0.315	0.840754741397	
0.316	0.839949929518	
0.317	0.839143612321	
0.318	0.838335791753	
0.319	0.83752646975	
0.32	0.836715648242	
0.321	0.835903329151	
0.322	0.835089514388	
0.323	0.834274205857	
0.324	0.833457405453	
0.325	0.832639115065	
0.326	0.83181933657	
0.327	0.830998071841	
0.328	0.83017532274	
0.329	0.829351091122	
0.33	0.828525378834	
0.331	0.827698187714	
0.332	0.826869519595	
0.333	0.8260393763	
0.334	0.825207759644	
0.335	0.824374671435	
0.336	0.823540113474	
0.337	0.822704087554	
0.338	0.82186659546	
0.339	0.82102763897	
0.34	0.820187219854	
0.341	0.819345339876	
0.342	0.818502000792	
0.343	0.817657204349	
0.344	0.816810952291	
0.345	0.81596324635	
0.346	0.815114088254	
0.347	0.814263479724	
0.348	0.813411422472	
0.349	0.812557918205	
0.35	0.811702968622	
0.351	0.810846575415	
0.352	0.809988740271	
0.353	0.809129464867	
0.354	0.808268750877	
0.355	0.807406599966	
0.356	0.806543013792	
0.357	0.805677994009	
0.358	0.804811542262	
0.359	0.80394366019	
0.36	0.803074349426	
0.361	0.802203611597	
0.362	0.801331448323	
0.363	0.800457861217	
0.364	0.799582851888	
0.365	0.798706421937	
0.366	0.797828572958	
0.367	0.796949306541	
0.368	0.796068624268	
0.369	0.795186527717	
0.37	0.794303018458	
0.371	0.793418098057	
0.372	0.792531768071	
0.373	0.791644030054	
0.374	0.790754885553	
0.375	0.789864336109	
0.376	0.788972383257	
0.377	0.788079028528	
0.378	0.787184273445	
0.379	0.786288119527	
0.38	0.785390568286	
0.381	0.784491621228	
0.382	0.783591279856	
0.383	0.782689545666	
0.384	0.781786420147	
0.385	0.780881904785	
0.386	0.77997600106	
0.387	0.779068710444	
0.388	0.778160034407	
0.389	0.777249974412	
0.39	0.776338531917	
0.391	0.775425708376	
0.392	0.774511505234	
0.393	0.773595923936	
0.394	0.772678965917	
0.395	0.77176063261	
0.396	0.770840925442	
0.397	0.769919845834	
0.398	0.768997395204	
0.399	0.768073574962	
0.4	0.767148386517	
0.401	0.766221831268	
0.402	0.765293910614	
0.403	0.764364625946	
0.404	0.763433978651	
0.405	0.762501970112	
0.406	0.761568601706	
0.407	0.760633874805	
0.408	0.759697790777	
0.409	0.758760350986	
0.41	0.75782155679	
0.411	0.756881409542	
0.412	0.755939910592	
0.413	0.754997061284	
0.414	0.754052862959	
0.415	0.753107316951	
0.416	0.752160424591	
0.417	0.751212187206	
0.418	0.750262606117	
0.419	0.749311682641	
0.42	0.748359418093	
0.421	0.747405813779	
0.422	0.746450871005	
0.423	0.745494591069	
0.424	0.744536975268	
0.425	0.743578024892	
0.426	0.742617741228	
0.427	0.74165612556	
0.428	0.740693179164	
0.429	0.739728903316	
0.43	0.738763299285	
0.431	0.737796368336	
0.432	0.736828111733	
0.433	0.735858530731	
0.434	0.734887626585	
0.435	0.733915400544	
0.436	0.732941853852	
0.437	0.731966987752	
0.438	0.73099080348	
0.439	0.730013302271	
0.44	0.729034485352	
0.441	0.728054353949	
0.442	0.727072909285	
0.443	0.726090152576	
0.444	0.725106085036	
0.445	0.724120707874	
0.446	0.723134022298	
0.447	0.722146029509	
0.448	0.721156730704	
0.449	0.72016612708	
0.45	0.719174219827	
0.451	0.718181010131	
0.452	0.717186499177	
0.453	0.716190688143	
0.454	0.715193578207	
0.455	0.71419517054	
0.456	0.713195466311	
0.457	0.712194466685	
0.458	0.711192172824	
0.459	0.710188585886	
0.46	0.709183707025	
0.461	0.708177537391	
0.462	0.707170078133	
0.463	0.706161330394	
0.464	0.705151295315	
0.465	0.704139974031	
0.466	0.703127367678	
0.467	0.702113477384	
0.468	0.701098304277	
0.469	0.700081849479	
0.47	0.69906411411	
0.471	0.698045099288	
0.472	0.697024806124	
0.473	0.696003235729	
0.474	0.694980389209	
0.475	0.693956267667	
0.476	0.692930872204	
0.477	0.691904203915	
0.478	0.690876263895	
0.479	0.689847053233	
0.48	0.688816573017	
0.481	0.68778482433	
0.482	0.686751808253	
0.483	0.685717525863	
0.484	0.684681978234	
0.485	0.683645166438	
0.486	0.682607091543	
0.487	0.681567754614	
0.488	0.680527156713	
0.489	0.679485298897	
0.49	0.678442182224	
0.491	0.677397807746	
0.492	0.676352176512	
0.493	0.675305289569	
0.494	0.674257147961	
0.495	0.673207752728	
0.496	0.672157104909	
0.497	0.671105205537	
0.498	0.670052055646	
0.499	0.668997656263	
0.5	0.667942008415	
0.501	0.666885113125	
0.502	0.665826971413	
0.503	0.664767584297	
0.504	0.663706952791	
0.505	0.662645077906	
0.506	0.661581960652	
0.507	0.660517602034	
0.508	0.659452003056	
0.509	0.658385164719	
0.51	0.657317088019	
0.511	0.656247773953	
0.512	0.655177223511	
0.513	0.654105437684	
0.514	0.653032417458	
0.515	0.651958163818	
0.516	0.650882677744	
0.517	0.649805960215	
0.518	0.648728012208	
0.519	0.647648834695	
0.52	0.646568428647	
0.521	0.645486795032	
0.522	0.644403934817	
0.523	0.643319848962	
0.524	0.642234538429	
0.525	0.641148004176	
0.526	0.640060247157	
0.527	0.638971268325	
0.528	0.637881068629	
0.529	0.636789649018	
0.53	0.635697010436	
0.531	0.634603153826	
0.532	0.633508080127	
0.533	0.632411790276	
0.534	0.631314285209	
0.535	0.630215565858	
0.536	0.629115633153	
0.537	0.628014488022	
0.538	0.626912131389	
0.539	0.625808564178	
0.54	0.624703787308	
0.541	0.623597801697	
0.542	0.622490608262	
0.543	0.621382207914	
0.544	0.620272601565	
0.545	0.619161790122	
0.546	0.618049774493	
0.547	0.61693655558	
0.548	0.615822134285	
0.549	0.614706511507	
0.55	0.613589688142	
0.551	0.612471665085	
0.552	0.611352443228	
0.553	0.610232023462	
0.554	0.609110406672	
0.555	0.607987593745	
0.556	0.606863585564	
0.557	0.60573838301	
0.558	0.604611986961	
0.559	0.603484398293	
0.56	0.60235561788	
0.561	0.601225646596	
0.562	0.600094485308	
0.563	0.598962134885	
0.564	0.597828596193	
0.565	0.596693870094	
0.566	0.59555795745	
0.567	0.594420859119	
0.568	0.593282575958	
0.569	0.592143108822	
0.57	0.591002458564	
0.571	0.589860626034	
0.572	0.588717612079	
0.573	0.587573417548	
0.574	0.586428043283	
0.575	0.585281490126	
0.576	0.584133758919	
0.577	0.582984850498	
0.578	0.5818347657	
0.579	0.580683505358	
0.58	0.579531070305	
0.581	0.57837746137	
0.582	0.577222679381	
0.583	0.576066725163	
0.584	0.574909599542	
0.585	0.573751303337	
0.586	0.57259183737	
0.587	0.571431202459	
0.588	0.570269399418	
0.589	0.569106429062	
0.59	0.567942292203	
0.591	0.566776989651	
0.592	0.565610522214	
0.593	0.564442890699	
0.594	0.563274095909	
0.595	0.562104138647	
0.596	0.560933019714	
0.597	0.559760739907	
0.598	0.558587300024	
0.599	0.55741270086	
0.6	0.556236943207	
0.601	0.555060027857	
0.602	0.553881955599	
0.603	0.552702727219	
0.604	0.551522343504	
0.605	0.550340805238	
0.606	0.549158113201	
0.607	0.547974268175	
0.608	0.546789270938	
0.609	0.545603122265	
0.61	0.544415822932	
0.611	0.543227373711	
0.612	0.542037775373	
0.613	0.540847028688	
0.614	0.539655134424	
0.615	0.538462093345	
0.616	0.537267906216	
0.617	0.5360725738	
0.618	0.534876096856	
0.619	0.533678476144	
0.62	0.53247971242	
0.621	0.53127980644	
0.622	0.530078758957	
0.623	0.528876570723	
0.624	0.527673242489	
0.625	0.526468775003	
0.626	0.525263169012	
0.627	0.524056425261	
0.628	0.522848544493	
0.629	0.52163952745	
0.63	0.520429374872	
0.631	0.519218087498	
0.632	0.518005666065	
0.633	0.516792111307	
0.634	0.515577423958	
0.635	0.514361604751	
0.636	0.513144654414	
0.637	0.511926573678	
0.638	0.510707363269	
0.639	0.509487023912	
0.64	0.508265556331	
0.641	0.507042961249	
0.642	0.505819239387	
0.643	0.504594391462	
0.644	0.503368418193	
0.645	0.502141320296	
0.646	0.500913098485	
0.647	0.499683753472	
0.648	0.498453285969	
0.649	0.497221696687	
0.65	0.495988986331	
0.651	0.494755155611	
0.652	0.49352020523	
0.653	0.492284135892	
0.654	0.491046948299	
0.655	0.489808643151	
0.656	0.488569221149	
0.657	0.487328682988	
0.658	0.486087029366	
0.659	0.484844260976	
0.66	0.483600378512	
0.661	0.482355382665	
0.662	0.481109274126	
0.663	0.479862053583	
0.664	0.478613721722	
0.665	0.477364279231	
0.666	0.476113726792	
0.667	0.474862065089	
0.668	0.473609294804	
0.669	0.472355416615	
0.67	0.471100431202	
0.671	0.469844339242	
0.672	0.468587141409	
0.673	0.467328838379	
0.674	0.466069430825	
0.675	0.464808919416	
0.676	0.463547304825	
0.677	0.462284587718	
0.678	0.461020768763	
0.679	0.459755848627	
0.68	0.458489827973	
0.681	0.457222707465	
0.682	0.455954487764	
0.683	0.45468516953	
0.684	0.453414753422	
0.685	0.452143240099	
0.686	0.450870630216	
0.687	0.449596924428	
0.688	0.448322123389	
0.689	0.44704622775	
0.69	0.445769238163	
0.691	0.444491155277	
0.692	0.443211979741	
0.693	0.441931712201	
0.694	0.440650353303	
0.695	0.43936790369	
0.696	0.438084364007	
0.697	0.436799734895	
0.698	0.435514016993	
0.699	0.434227210941	
0.7	0.432939317378	
0.701	0.431650336938	
0.702	0.430360270258	
0.703	0.429069117972	
0.704	0.427776880711	
0.705	0.426483559108	
0.706	0.425189153792	
0.707	0.423893665393	
0.708	0.422597094538	
0.709	0.421299441853	
0.71	0.420000707964	
0.711	0.418700893494	
0.712	0.417399999065	
0.713	0.416098025301	
0.714	0.414794972819	
0.715	0.413490842241	
0.716	0.412185634182	
0.717	0.41087934926	
0.718	0.40957198809	
0.719	0.408263551286	
0.72	0.406954039461	
0.721	0.405643453227	
0.722	0.404331793194	
0.723	0.403019059971	
0.724	0.401705254167	
0.725	0.400390376388	
0.726	0.39907442724	
0.727	0.397757407328	
0.728	0.396439317255	
0.729	0.395120157623	
0.73	0.393799929034	
0.731	0.392478632087	
0.732	0.391156267382	
0.733	0.389832835514	
0.734	0.388508337082	
0.735	0.38718277268	
0.736	0.385856142903	
0.737	0.384528448343	
0.738	0.383199689592	
0.739	0.381869867242	
0.74	0.380538981881	
0.741	0.379207034098	
0.742	0.377874024482	
0.743	0.376539953616	
0.744	0.375204822088	
0.745	0.373868630481	
0.746	0.372531379378	
0.747	0.37119306936	
0.748	0.36985370101	
0.749	0.368513274905	
0.75	0.367171791625	
0.751	0.365829251747	
0.752	0.364485655847	
0.753	0.363141004502	
0.754	0.361795298284	
0.755	0.360448537767	
0.756	0.359100723524	
0.757	0.357751856125	
0.758	0.35640193614	
0.759	0.355050964138	
0.76	0.353698940687	
0.761	0.352345866354	
0.762	0.350991741704	
0.763	0.349636567302	
0.764	0.348280343711	
0.765	0.346923071495	
0.766	0.345564751214	
0.767	0.34420538343	
0.768	0.342844968702	
0.769	0.341483507588	
0.77	0.340121000645	
0.771	0.338757448431	
0.772	0.3373928515	
0.773	0.336027210407	
0.774	0.334660525705	
0.775	0.333292797947	
0.776	0.331924027684	
0.777	0.330554215466	
0.778	0.329183361843	
0.779	0.327811467363	
0.78	0.326438532573	
0.781	0.32506455802	
0.782	0.323689544249	
0.783	0.322313491805	
0.784	0.32093640123	
0.785	0.319558273068	
0.786	0.318179107861	
0.787	0.316798906147	
0.788	0.315417668468	
0.789	0.314035395361	
0.79	0.312652087364	
0.791	0.311267745014	
0.792	0.309882368846	
0.793	0.308495959396	
0.794	0.307108517197	
0.795	0.305720042782	
0.796	0.304330536682	
0.797	0.302939999429	
0.798	0.301548431553	
0.799	0.300155833583	
0.8	0.298762206047	
0.801	0.297367549471	
0.802	0.295971864384	
0.803	0.294575151309	
0.804	0.293177410771	
0.805	0.291778643294	
0.806	0.290378849401	
0.807	0.288978029612	
0.808	0.28757618445	
0.809	0.286173314433	
0.81	0.284769420081	
0.811	0.283364501911	
0.812	0.281958560441	
0.813	0.280551596188	
0.814	0.279143609666	
0.815	0.27773460139	
0.816	0.276324571873	
0.817	0.274913521629	
0.818	0.273501451169	
0.819	0.272088361003	
0.82	0.270674251643	
0.821	0.269259123597	
0.822	0.267842977373	
0.823	0.266425813479	
0.824	0.265007632422	
0.825	0.263588434707	
0.826	0.262168220839	
0.827	0.260746991321	
0.828	0.259324746658	
0.829	0.257901487351	
0.83	0.256477213902	
0.831	0.25505192681	
0.832	0.253625626577	
0.833	0.2521983137	
0.834	0.250769988678	
0.835	0.249340652008	
0.836	0.247910304186	
0.837	0.246478945708	
0.838	0.245046577068	
0.839	0.243613198761	
0.84	0.242178811278	
0.841	0.240743415113	
0.842	0.239307010756	
0.843	0.237869598698	
0.844	0.236431179429	
0.845	0.234991753438	
0.846	0.233551321212	
0.847	0.232109883239	
0.848	0.230667440006	
0.849	0.229223991998	
0.85	0.227779539699	
0.851	0.226334083595	
0.852	0.224887624167	
0.853	0.223440161899	
0.854	0.221991697271	
0.855	0.220542230766	
0.856	0.219091762862	
0.857	0.21764029404	
0.858	0.216187824777	
0.859	0.214734355551	
0.86	0.21327988684	
0.861	0.211824419118	
0.862	0.210367952862	
0.863	0.208910488546	
0.864	0.207452026644	
0.865	0.205992567628	
0.866	0.204532111972	
0.867	0.203070660145	
0.868	0.20160821262	
0.869	0.200144769866	
0.87	0.198680332352	
0.871	0.197214900547	
0.872	0.195748474917	
0.873	0.194281055931	
0.874	0.192812644054	
0.875	0.191343239751	
0.876	0.189872843488	
0.877	0.188401455727	
0.878	0.186929076933	
0.879	0.185455707567	
0.88	0.183981348092	
0.881	0.182505998967	
0.882	0.181029660654	
0.883	0.179552333612	
0.884	0.178074018298	
0.885	0.176594715172	
0.886	0.175114424691	
0.887	0.173633147311	
0.888	0.172150883487	
0.889	0.170667633676	
0.89	0.169183398331	
0.891	0.167698177905	
0.892	0.166211972852	
0.893	0.164724783625	
0.894	0.163236610673	
0.895	0.161747454449	
0.896	0.160257315402	
0.897	0.158766193981	
0.898	0.157274090636	
0.899	0.155781005814	
0.9	0.154286939962	
0.901	0.152791893527	
0.902	0.151295866954	
0.903	0.149798860689	
0.904	0.148300875177	
0.905	0.14680191086	
0.906	0.145301968183	
0.907	0.143801047587	
0.908	0.142299149514	
0.909	0.140796274405	
0.91	0.1392924227	
0.911	0.137787594839	
0.912	0.136281791261	
0.913	0.134775012404	
0.914	0.133267258706	
0.915	0.131758530603	
0.916	0.130248828533	
0.917	0.12873815293	
0.918	0.127226504229	
0.919	0.125713882864	
0.92	0.12420028927	
0.921	0.122685723879	
0.922	0.121170187123	
0.923	0.119653679434	
0.924	0.118136201242	
0.925	0.116617752978	
0.926	0.115098335072	
0.927	0.113577947953	
0.928	0.112056592048	
0.929	0.110534267786	
0.93	0.109010975593	
0.931	0.107486715896	
0.932	0.10596148912	
0.933	0.104435295691	
0.934	0.102908136033	
0.935	0.10138001057	
0.936	0.0998509197242	
0.937	0.0983208639189	
0.938	0.0967898435759	
0.939	0.0952578591163	
0.94	0.0937249109607	
0.941	0.0921909995291	
0.942	0.0906561252408	
0.943	0.0891202885145	
0.944	0.0875834897683	
0.945	0.0860457294197	
0.946	0.0845070078855	
0.947	0.0829673255818	
0.948	0.0814266829244	
0.949	0.0798850803281	
0.95	0.0783425182073	
0.951	0.0767989969758	
0.952	0.0752545170466	
0.953	0.0737090788324	
0.954	0.072162682745	
0.955	0.0706153291957	
0.956	0.0690670185951	
0.957	0.0675177513535	
0.958	0.0659675278802	
0.959	0.0644163485842	
0.96	0.0628642138736	
0.961	0.0613111241563	
0.962	0.0597570798392	
0.963	0.0582020813289	
0.964	0.0566461290312	
0.965	0.0550892233515	
0.966	0.0535313646943	
0.967	0.051972553464	
0.968	0.0504127900638	
0.969	0.0488520748969	
0.97	0.0472904083655	
0.971	0.0457277908715	
0.972	0.0441642228159	
0.973	0.0425997045994	
0.974	0.0410342366219	
0.975	0.039467819283	
0.976	0.0379004529816	
0.977	0.0363321381157	
0.978	0.0347628750833	
0.979	0.0331926642814	
0.98	0.0316215061066	
0.981	0.0300494009548	
0.982	0.0284763492216	
0.983	0.0269023513017	
0.984	0.0253274075895	
0.985	0.0237515184786	
0.986	0.0221746843622	
0.987	0.020596905633	
0.988	0.019018182683	
0.989	0.0174385159036	
0.99	0.0158579056858	
0.991	0.0142763524199	
0.992	0.0126938564957	
0.993	0.0111104183026	
0.994	0.00952603822914	
0.995	0.00794071666352	
0.996	0.00635445399336	
0.997	0.00476725060569	
0.998	0.00317910688703	
0.999	0.00159002322333	
1.0	0.0	
