0.0	2.0	
0.001	1.96836587714	
0.002	1.95524433597	
0.003	1.94516216834	
0.004	1.93665055577	
0.005	1.92914082987	
0.006	1.92234147696	
0.007	1.91607940429	
0.008	1.91024188463	
0.009	1.90475065388	
0.01	1.89954875517	
0.011	1.89459321098	
0.012	1.8898506479	
0.013	1.88529453846	
0.014	1.88090338463	
0.015	1.87665947745	
0.016	1.87254802423	
0.017	1.86855651826	
0.018	1.86467427346	
0.019	1.86089207419	
0.02	1.85720190708	
0.021	1.85359675262	
0.022	1.85007042103	
0.023	1.84661742136	
0.024	1.843232856	
0.025	1.83991233483	
0.026	1.83665190462	
0.027	1.83344799071	
0.028	1.83029734815	
0.029	1.82719702082	
0.03	1.82414430671	
0.031	1.82113672847	
0.032	1.81817200815	
0.033	1.8152480455	
0.034	1.81236289924	
0.035	1.80951477071	
0.036	1.80670198968	
0.037	1.80392300196	
0.038	1.80117635838	
0.039	1.7984607052	
0.04	1.79577477558	
0.041	1.79311738194	
0.042	1.79048740927	
0.043	1.78788380907	
0.044	1.78530559393	
0.045	1.78275183274	
0.046	1.78022164622	
0.047	1.77771420309	
0.048	1.77522871643	
0.049	1.77276444046	
0.05	1.77032066762	
0.051	1.76789672589	
0.052	1.76549197635	
0.053	1.76310581094	
0.054	1.76073765046	
0.055	1.75838694265	
0.056	1.75605316051	
0.057	1.75373580072	
0.058	1.75143438216	
0.059	1.74914844459	
0.06	1.74687754741	
0.061	1.74462126851	
0.062	1.7423792032	
0.063	1.74015096323	
0.064	1.73793617589	
0.065	1.73573448312	
0.066	1.73354554077	
0.067	1.73136901783	
0.068	1.72920459574	
0.069	1.72705196777	
0.07	1.72491083839	
0.071	1.72278092273	
0.072	1.72066194605	
0.073	1.71855364323	
0.074	1.71645575833	
0.075	1.71436804414	
0.076	1.71229026179	
0.077	1.71022218032	
0.078	1.70816357638	
0.079	1.70611423383	
0.08	1.70407394347	
0.081	1.70204250269	
0.082	1.70001971522	
0.083	1.69800539084	
0.084	1.69599934512	
0.085	1.69400139919	
0.086	1.6920113795	
0.087	1.69002911763	
0.088	1.68805445002	
0.089	1.68608721785	
0.09	1.6841272668	
0.091	1.6821744469	
0.092	1.68022861234	
0.093	1.67828962135	
0.094	1.676357336	
0.095	1.67443162209	
0.096	1.672512349	
0.097	1.67059938955	
0.098	1.66869261988	
0.099	1.66679191935	
0.1	1.66489717041	
0.101	1.66300825847	
0.102	1.66112507184	
0.103	1.65924750159	
0.104	1.65737544149	
0.105	1.65550878789	
0.106	1.65364743965	
0.107	1.65179129805	
0.108	1.6499402667	
0.109	1.6480942515	
0.11	1.64625316052	
0.111	1.64441690397	
0.112	1.64258539409	
0.113	1.64075854513	
0.114	1.63893627327	
0.115	1.63711849654	
0.116	1.63530513478	
0.117	1.63349610961	
0.118	1.63169134433	
0.119	1.6298907639	
0.12	1.62809429488	
0.121	1.62630186538	
0.122	1.62451340503	
0.123	1.62272884492	
0.124	1.62094811757	
0.125	1.61917115687	
0.126	1.61739789808	
0.127	1.61562827773	
0.128	1.61386223365	
0.129	1.61209970489	
0.13	1.61034063172	
0.131	1.60858495554	
0.132	1.60683261894	
0.133	1.60508356556	
0.134	1.60333774017	
0.135	1.60159508856	
0.136	1.59985555753	
0.137	1.5981190949	
0.138	1.59638564946	
0.139	1.59465517091	
0.14	1.59292760992	
0.141	1.59120291801	
0.142	1.5894810476	
0.143	1.58776195195	
0.144	1.58604558518	
0.145	1.58433190217	
0.146	1.58262085865	
0.147	1.58091241106	
0.148	1.57920651665	
0.149	1.57750313338	
0.15	1.57580221991	
0.151	1.57410373563	
0.152	1.57240764061	
0.153	1.57071389557	
0.154	1.56902246189	
0.155	1.56733330161	
0.156	1.56564637737	
0.157	1.56396165242	
0.158	1.56227909061	
0.159	1.56059865637	
0.16	1.55892031471	
0.161	1.55724403118	
0.162	1.55556977188	
0.163	1.55389750344	
0.164	1.55222719303	
0.165	1.5505588083	
0.166	1.54889231741	
0.167	1.54722768901	
0.168	1.54556489224	
0.169	1.54390389667	
0.17	1.54224467237	
0.171	1.54058718983	
0.172	1.53893141999	
0.173	1.53727733422	
0.174	1.5356249043	
0.175	1.53397410242	
0.176	1.5323249012	
0.177	1.53067727364	
0.178	1.52903119311	
0.179	1.52738663338	
0.18	1.52574356859	
0.181	1.52410197325	
0.182	1.5224618222	
0.183	1.52082309067	
0.184	1.51918575421	
0.185	1.5175497887	
0.186	1.51591517038	
0.187	1.51428187578	
0.188	1.51264988178	
0.189	1.51101916555	
0.19	1.50938970457	
0.191	1.50776147663	
0.192	1.50613445981	
0.193	1.50450863247	
0.194	1.50288397327	
0.195	1.50126046114	
0.196	1.49963807528	
0.197	1.49801679517	
0.198	1.49639660055	
0.199	1.49477747141	
0.2	1.493159388	
0.201	1.49154233083	
0.202	1.48992628064	
0.203	1.48831121843	
0.204	1.48669712541	
0.205	1.48508398304	
0.206	1.48347177302	
0.207	1.48186047724	
0.208	1.48025007786	
0.209	1.47864055721	
0.21	1.47703189785	
0.211	1.47542408257	
0.212	1.47381709434	
0.213	1.47221091634	
0.214	1.47060553195	
0.215	1.46900092475	
0.216	1.46739707851	
0.217	1.46579397719	
0.218	1.46419160493	
0.219	1.46258994606	
0.22	1.4609889851	
0.221	1.45938870673	
0.222	1.45778909582	
0.223	1.45619013738	
0.224	1.45459181663	
0.225	1.45299411894	
0.226	1.45139702984	
0.227	1.44980053502	
0.228	1.44820462033	
0.229	1.44660927177	
0.23	1.44501447552	
0.231	1.44342021789	
0.232	1.44182648533	
0.233	1.44023326445	
0.234	1.438640542	
0.235	1.43704830489	
0.236	1.43545654014	
0.237	1.43386523492	
0.238	1.43227437654	
0.239	1.43068395244	
0.24	1.4290939502	
0.241	1.42750435752	
0.242	1.42591516222	
0.243	1.42432635227	
0.244	1.42273791573	
0.245	1.42114984083	
0.246	1.41956211586	
0.247	1.41797472929	
0.248	1.41638766966	
0.249	1.41480092565	
0.25	1.41321448604	
0.251	1.41162833973	
0.252	1.41004247573	
0.253	1.40845688316	
0.254	1.40687155124	
0.255	1.40528646929	
0.256	1.40370162677	
0.257	1.40211701319	
0.258	1.4005326182	
0.259	1.39894843154	
0.26	1.39736444304	
0.261	1.39578064264	
0.262	1.39419702036	
0.263	1.39261356633	
0.264	1.39103027076	
0.265	1.38944712396	
0.266	1.38786411632	
0.267	1.38628123835	
0.268	1.38469848061	
0.269	1.38311583377	
0.27	1.38153328857	
0.271	1.37995083585	
0.272	1.37836846653	
0.273	1.3767861716	
0.274	1.37520394214	
0.275	1.37362176933	
0.276	1.37203964439	
0.277	1.37045755864	
0.278	1.36887550348	
0.279	1.36729347039	
0.28	1.3657114509	
0.281	1.36412943664	
0.282	1.3625474193	
0.283	1.36096539066	
0.284	1.35938334253	
0.285	1.35780126684	
0.286	1.35621915557	
0.287	1.35463700075	
0.288	1.3530547945	
0.289	1.351472529	
0.29	1.34989019651	
0.291	1.34830778932	
0.292	1.34672529982	
0.293	1.34514272045	
0.294	1.34356004371	
0.295	1.34197726217	
0.296	1.34039436845	
0.297	1.33881135524	
0.298	1.33722821528	
0.299	1.33564494139	
0.3	1.33406152643	
0.301	1.33247796331	
0.302	1.33089424503	
0.303	1.3293103646	
0.304	1.32772631514	
0.305	1.32614208977	
0.306	1.3245576817	
0.307	1.32297308419	
0.308	1.32138829053	
0.309	1.3198032941	
0.31	1.3182180883	
0.311	1.31663266659	
0.312	1.31504702248	
0.313	1.31346114955	
0.314	1.31187504139	
0.315	1.31028869168	
0.316	1.30870209411	
0.317	1.30711524245	
0.318	1.3055281305	
0.319	1.30394075212	
0.32	1.30235310119	
0.321	1.30076517165	
0.322	1.29917695751	
0.323	1.29758845278	
0.324	1.29599965155	
0.325	1.29441054792	
0.326	1.29282113608	
0.327	1.2912314102	
0.328	1.28964136456	
0.329	1.28805099343	
0.33	1.28646029114	
0.331	1.28486925206	
0.332	1.28327787061	
0.333	1.28168614122	
0.334	1.2800940584	
0.335	1.27850161667	
0.336	1.2769088106	
0.337	1.27531563478	
0.338	1.27372208387	
0.339	1.27212815255	
0.34	1.27053383552	
0.341	1.26893912754	
0.342	1.2673440234	
0.343	1.26574851793	
0.344	1.26415260598	
0.345	1.26255628246	
0.346	1.26095954228	
0.347	1.25936238041	
0.348	1.25776479185	
0.349	1.25616677162	
0.35	1.2545683148	
0.351	1.25296941648	
0.352	1.25137007179	
0.353	1.24977027588	
0.354	1.24817002395	
0.355	1.24656931123	
0.356	1.24496813296	
0.357	1.24336648444	
0.358	1.24176436098	
0.359	1.24016175792	
0.36	1.23855867064	
0.361	1.23695509455	
0.362	1.23535102508	
0.363	1.23374645769	
0.364	1.23214138788	
0.365	1.23053581116	
0.366	1.22892972309	
0.367	1.22732311924	
0.368	1.22571599521	
0.369	1.22410834663	
0.37	1.22250016916	
0.371	1.22089145849	
0.372	1.21928221032	
0.373	1.21767242039	
0.374	1.21606208446	
0.375	1.21445119833	
0.376	1.2128397578	
0.377	1.2112277587	
0.378	1.20961519692	
0.379	1.20800206832	
0.38	1.20638836883	
0.381	1.20477409438	
0.382	1.20315924092	
0.383	1.20154380445	
0.384	1.19992778097	
0.385	1.19831116651	
0.386	1.19669395712	
0.387	1.19507614887	
0.388	1.19345773788	
0.389	1.19183872024	
0.39	1.19021909212	
0.391	1.18859884967	
0.392	1.18697798907	
0.393	1.18535650655	
0.394	1.18373439831	
0.395	1.18211166062	
0.396	1.18048828974	
0.397	1.17886428197	
0.398	1.17723963362	
0.399	1.17561434101	
0.4	1.1739884005	
0.401	1.17236180847	
0.402	1.17073456129	
0.403	1.16910665539	
0.404	1.1674780872	
0.405	1.16584885316	
0.406	1.16421894973	
0.407	1.16258837342	
0.408	1.16095712072	
0.409	1.15932518816	
0.41	1.15769257227	
0.411	1.15605926963	
0.412	1.15442527681	
0.413	1.1527905904	
0.414	1.15115520701	
0.415	1.14951912329	
0.416	1.14788233587	
0.417	1.14624484143	
0.418	1.14460663664	
0.419	1.1429677182	
0.42	1.14132808284	
0.421	1.13968772728	
0.422	1.13804664827	
0.423	1.13640484257	
0.424	1.13476230697	
0.425	1.13311903827	
0.426	1.13147503327	
0.427	1.12983028881	
0.428	1.12818480172	
0.429	1.12653856888	
0.43	1.12489158714	
0.431	1.12324385341	
0.432	1.12159536458	
0.433	1.11994611758	
0.434	1.11829610934	
0.435	1.1166453368	
0.436	1.11499379694	
0.437	1.11334148672	
0.438	1.11168840314	
0.439	1.11003454321	
0.44	1.10837990394	
0.441	1.10672448237	
0.442	1.10506827554	
0.443	1.10341128051	
0.444	1.10175349437	
0.445	1.10009491418	
0.446	1.09843553707	
0.447	1.09677536013	
0.448	1.0951143805	
0.449	1.09345259531	
0.45	1.09179000172	
0.451	1.09012659689	
0.452	1.088462378	
0.453	1.08679734224	
0.454	1.08513148681	
0.455	1.08346480892	
0.456	1.08179730581	
0.457	1.0801289747	
0.458	1.07845981286	
0.459	1.07678981754	
0.46	1.07511898602	
0.461	1.07344731557	
0.462	1.07177480351	
0.463	1.07010144714	
0.464	1.06842724377	
0.465	1.06675219074	
0.466	1.06507628539	
0.467	1.06339952507	
0.468	1.06172190715	
0.469	1.06004342901	
0.47	1.05836408802	
0.471	1.05668388159	
0.472	1.05500280712	
0.473	1.05332086203	
0.474	1.05163804374	
0.475	1.0499543497	
0.476	1.04826977736	
0.477	1.04658432417	
0.478	1.0448979876	
0.479	1.04321076513	
0.48	1.04152265425	
0.481	1.03983365245	
0.482	1.03814375725	
0.483	1.03645296617	
0.484	1.03476127672	
0.485	1.03306868645	
0.486	1.03137519291	
0.487	1.02968079364	
0.488	1.02798548622	
0.489	1.02628926822	
0.49	1.02459213722	
0.491	1.02289409081	
0.492	1.0211951266	
0.493	1.01949524219	
0.494	1.01779443521	
0.495	1.01609270328	
0.496	1.01439004403	
0.497	1.01268645512	
0.498	1.0109819342	
0.499	1.00927647893	
0.5	1.00757008698	
0.501	1.00586275602	
0.502	1.00415448375	
0.503	1.00244526787	
0.504	1.00073510606	
0.505	0.999023996055	
0.506	0.997311935563	
0.507	0.995598922313	
0.508	0.993884954041	
0.509	0.992170028491	
0.51	0.990454143413	
0.511	0.988737296565	
0.512	0.987019485715	
0.513	0.985300708635	
0.514	0.983580963108	
0.515	0.981860246921	
0.516	0.980138557872	
0.517	0.978415893763	
0.518	0.976692252405	
0.519	0.974967631617	
0.52	0.973242029223	
0.521	0.971515443056	
0.522	0.969787870956	
0.523	0.968059310767	
0.524	0.966329760344	
0.525	0.964599217547	
0.526	0.962867680243	
0.527	0.961135146305	
0.528	0.959401613614	
0.529	0.957667080057	
0.53	0.955931543528	
0.531	0.954195001926	
0.532	0.95245745316	
0.533	0.950718895141	
0.534	0.94897932579	
0.535	0.947238743033	
0.536	0.945497144803	
0.537	0.943754529037	
0.538	0.94201089368	
0.539	0.940266236684	
0.54	0.938520556006	
0.541	0.936773849608	
0.542	0.935026115461	
0.543	0.933277351539	
0.544	0.931527555823	
0.545	0.9297767263	
0.546	0.928024860963	
0.547	0.926271957811	
0.548	0.924518014849	
0.549	0.922763030085	
0.55	0.921007001536	
0.551	0.919249927223	
0.552	0.917491805172	
0.553	0.915732633418	
0.554	0.913972409996	
0.555	0.912211132951	
0.556	0.910448800332	
0.557	0.908685410192	
0.558	0.90692096059	
0.559	0.905155449593	
0.56	0.903388875268	
0.561	0.901621235692	
0.562	0.899852528945	
0.563	0.898082753112	
0.564	0.896311906283	
0.565	0.894539986555	
0.566	0.892766992026	
0.567	0.890992920804	
0.568	0.889217770998	
0.569	0.887441540724	
0.57	0.885664228101	
0.571	0.883885831255	
0.572	0.882106348314	
0.573	0.880325777414	
0.574	0.878544116693	
0.575	0.876761364296	
0.576	0.87497751837	
0.577	0.873192577069	
0.578	0.87140653855	
0.579	0.869619400974	
0.58	0.867831162509	
0.581	0.866041821326	
0.582	0.864251375599	
0.583	0.862459823509	
0.584	0.860667163239	
0.585	0.858873392978	
0.586	0.857078510919	
0.587	0.855282515258	
0.588	0.853485404197	
0.589	0.85168717594	
0.59	0.849887828698	
0.591	0.848087360684	
0.592	0.846285770116	
0.593	0.844483055215	
0.594	0.842679214207	
0.595	0.840874245321	
0.596	0.839068146792	
0.597	0.837260916857	
0.598	0.835452553758	
0.599	0.833643055739	
0.6	0.83183242105	
0.601	0.830020647945	
0.602	0.82820773468	
0.603	0.826393679515	
0.604	0.824578480714	
0.605	0.822762136547	
0.606	0.820944645284	
0.607	0.8191260052	
0.608	0.817306214575	
0.609	0.815485271692	
0.61	0.813663174835	
0.611	0.811839922294	
0.612	0.810015512364	
0.613	0.808189943339	
0.614	0.80636321352	
0.615	0.804535321211	
0.616	0.802706264718	
0.617	0.800876042351	
0.618	0.799044652424	
0.619	0.797212093254	
0.62	0.79537836316	
0.621	0.793543460466	
0.622	0.791707383498	
0.623	0.789870130587	
0.624	0.788031700064	
0.625	0.786192090267	
0.626	0.784351299535	
0.627	0.782509326209	
0.628	0.780666168636	
0.629	0.778821825163	
0.63	0.776976294142	
0.631	0.775129573929	
0.632	0.77328166288	
0.633	0.771432559356	
0.634	0.76958226172	
0.635	0.767730768339	
0.636	0.765878077581	
0.637	0.76402418782	
0.638	0.76216909743	
0.639	0.760312804789	
0.64	0.758455308278	
0.641	0.75659660628	
0.642	0.75473669718	
0.643	0.752875579369	
0.644	0.751013251237	
0.645	0.74914971118	
0.646	0.747284957593	
0.647	0.745418988877	
0.648	0.743551803434	
0.649	0.741683399669	
0.65	0.73981377599	
0.651	0.737942930805	
0.652	0.736070862529	
0.653	0.734197569576	
0.654	0.732323050364	
0.655	0.730447303312	
0.656	0.728570326844	
0.657	0.726692119385	
0.658	0.724812679362	
0.659	0.722932005204	
0.66	0.721050095345	
0.661	0.719166948219	
0.662	0.717282562263	
0.663	0.715396935915	
0.664	0.713510067619	
0.665	0.711621955817	
0.666	0.709732598956	
0.667	0.707841995485	
0.668	0.705950143854	
0.669	0.704057042515	
0.67	0.702162689925	
0.671	0.70026708454	
0.672	0.69837022482	
0.673	0.696472109226	
0.674	0.694572736223	
0.675	0.692672104275	
0.676	0.690770211851	
0.677	0.688867057422	
0.678	0.686962639458	
0.679	0.685056956434	
0.68	0.683150006827	
0.681	0.681241789114	
0.682	0.679332301775	
0.683	0.677421543293	
0.684	0.675509512151	
0.685	0.673596206836	
0.686	0.671681625835	
0.687	0.669765767639	
0.688	0.667848630738	
0.689	0.665930213627	
0.69	0.664010514801	
0.691	0.662089532757	
0.692	0.660167265995	
0.693	0.658243713014	
0.694	0.656318872319	
0.695	0.654392742412	
0.696	0.652465321802	
0.697	0.650536608994	
0.698	0.6486066025	
0.699	0.646675300831	
0.7	0.644742702499	
0.701	0.64280880602	
0.702	0.64087360991	
0.703	0.638937112687	
0.704	0.636999312871	
0.705	0.635060208983	
0.706	0.633119799547	
0.707	0.631178083086	
0.708	0.629235058128	
0.709	0.627290723199	
0.71	0.62534507683	
0.711	0.62339811755	
0.712	0.621449843893	
0.713	0.619500254392	
0.714	0.617549347583	
0.715	0.615597122002	
0.716	0.613643576187	
0.717	0.61168870868	
0.718	0.609732518019	
0.719	0.60777500275	
0.72	0.605816161415	
0.721	0.603855992559	
0.722	0.601894494731	
0.723	0.599931666477	
0.724	0.597967506348	
0.725	0.596002012894	
0.726	0.594035184668	
0.727	0.592067020224	
0.728	0.590097518115	
0.729	0.588126676899	
0.73	0.586154495133	
0.731	0.584180971376	
0.732	0.582206104187	
0.733	0.580229892128	
0.734	0.578252333761	
0.735	0.576273427651	
0.736	0.574293172361	
0.737	0.572311566459	
0.738	0.57032860851	
0.739	0.568344297085	
0.74	0.566358630752	
0.741	0.564371608083	
0.742	0.562383227648	
0.743	0.560393488022	
0.744	0.558402387778	
0.745	0.556409925491	
0.746	0.554416099739	
0.747	0.552420909097	
0.748	0.550424352146	
0.749	0.548426427463	
0.75	0.546427133631	
0.751	0.54442646923	
0.752	0.542424432843	
0.753	0.540421023054	
0.754	0.538416238447	
0.755	0.536410077608	
0.756	0.534402539123	
0.757	0.532393621581	
0.758	0.530383323569	
0.759	0.528371643677	
0.76	0.526358580496	
0.761	0.524344132616	
0.762	0.522328298631	
0.763	0.520311077132	
0.764	0.518292466715	
0.765	0.516272465973	
0.766	0.514251073503	
0.767	0.512228287902	
0.768	0.510204107766	
0.769	0.508178531694	
0.77	0.506151558286	
0.771	0.50412318614	
0.772	0.502093413859	
0.773	0.500062240042	
0.774	0.498029663294	
0.775	0.495995682216	
0.776	0.493960295413	
0.777	0.491923501489	
0.778	0.489885299049	
0.779	0.487845686701	
0.78	0.48580466305	
0.781	0.483762226704	
0.782	0.481718376272	
0.783	0.479673110361	
0.784	0.477626427583	
0.785	0.475578326547	
0.786	0.473528805865	
0.787	0.471477864147	
0.788	0.469425500006	
0.789	0.467371712056	
0.79	0.465316498909	
0.791	0.46325985918	
0.792	0.461201791484	
0.793	0.459142294436	
0.794	0.457081366652	
0.795	0.455019006749	
0.796	0.452955213344	
0.797	0.450889985054	
0.798	0.448823320498	
0.799	0.446755218295	
0.8	0.444685677064	
0.801	0.442614695425	
0.802	0.440542271998	
0.803	0.438468405405	
0.804	0.436393094267	
0.805	0.434316337206	
0.806	0.432238132843	
0.807	0.430158479803	
0.808	0.428077376709	
0.809	0.425994822184	
0.81	0.423910814853	
0.811	0.42182535334	
0.812	0.419738436271	
0.813	0.417650062271	
0.814	0.415560229967	
0.815	0.413468937984	
0.816	0.41137618495	
0.817	0.409281969492	
0.818	0.407186290238	
0.819	0.405089145815	
0.82	0.402990534852	
0.821	0.400890455978	
0.822	0.398788907822	
0.823	0.396685889013	
0.824	0.394581398182	
0.825	0.392475433958	
0.826	0.390367994971	
0.827	0.388259079853	
0.828	0.386148687235	
0.829	0.384036815747	
0.83	0.381923464023	
0.831	0.379808630693	
0.832	0.377692314389	
0.833	0.375574513746	
0.834	0.373455227394	
0.835	0.371334453968	
0.836	0.3692121921	
0.837	0.367088440424	
0.838	0.364963197574	
0.839	0.362836462183	
0.84	0.360708232886	
0.841	0.358578508318	
0.842	0.356447287113	
0.843	0.354314567905	
0.844	0.35218034933	
0.845	0.350044630022	
0.846	0.347907408618	
0.847	0.345768683752	
0.848	0.343628454061	
0.849	0.34148671818	
0.85	0.339343474745	
0.851	0.337198722392	
0.852	0.335052459758	
0.853	0.332904685478	
0.854	0.33075539819	
0.855	0.328604596529	
0.856	0.326452279132	
0.857	0.324298444637	
0.858	0.32214309168	
0.859	0.319986218898	
0.86	0.317827824928	
0.861	0.315667908408	
0.862	0.313506467973	
0.863	0.311343502262	
0.864	0.309179009911	
0.865	0.307012989559	
0.866	0.304845439842	
0.867	0.302676359397	
0.868	0.300505746863	
0.869	0.298333600876	
0.87	0.296159920073	
0.871	0.293984703093	
0.872	0.291807948572	
0.873	0.289629655149	
0.874	0.287449821459	
0.875	0.285268446141	
0.876	0.283085527833	
0.877	0.28090106517	
0.878	0.27871505679	
0.879	0.276527501332	
0.88	0.27433839743	
0.881	0.272147743724	
0.882	0.269955538849	
0.883	0.267761781443	
0.884	0.265566470142	
0.885	0.263369603583	
0.886	0.261171180403	
0.887	0.258971199238	
0.888	0.256769658725	
0.889	0.2545665575	
0.89	0.252361894199	
0.891	0.250155667459	
0.892	0.247947875914	
0.893	0.245738518202	
0.894	0.243527592957	
0.895	0.241315098815	
0.896	0.239101034411	
0.897	0.236885398382	
0.898	0.234668189361	
0.899	0.232449405983	
0.9	0.230229046884	
0.901	0.228007110697	
0.902	0.225783596057	
0.903	0.223558501599	
0.904	0.221331825955	
0.905	0.219103567759	
0.906	0.216873725646	
0.907	0.214642298248	
0.908	0.212409284198	
0.909	0.21017468213	
0.91	0.207938490674	
0.911	0.205700708465	
0.912	0.203461334134	
0.913	0.201220366312	
0.914	0.198977803632	
0.915	0.196733644724	
0.916	0.194487888219	
0.917	0.192240532749	
0.918	0.189991576944	
0.919	0.187741019433	
0.92	0.185488858847	
0.921	0.183235093815	
0.922	0.180979722966	
0.923	0.17872274493	
0.924	0.176464158335	
0.925	0.174203961809	
0.926	0.17194215398	
0.927	0.169678733476	
0.928	0.167413698924	
0.929	0.165147048951	
0.93	0.162878782184	
0.931	0.160608897249	
0.932	0.158337392772	
0.933	0.156064267377	
0.934	0.153789519692	
0.935	0.151513148339	
0.936	0.149235151944	
0.937	0.146955529131	
0.938	0.144674278523	
0.939	0.142391398743	
0.94	0.140106888415	
0.941	0.13782074616	
0.942	0.1355329706	
0.943	0.133243560358	
0.944	0.130952514054	
0.945	0.128659830309	
0.946	0.126365507744	
0.947	0.124069544978	
0.948	0.12177194063	
0.949	0.119472693319	
0.95	0.117171801665	
0.951	0.114869264284	
0.952	0.112565079795	
0.953	0.110259246815	
0.954	0.10795176396	
0.955	0.105642629847	
0.956	0.10333184309	
0.957	0.101019402306	
0.958	0.0987053061091	
0.959	0.0963895531129	
0.96	0.0940721419316	
0.961	0.0917530711781	
0.962	0.0894323394652	
0.963	0.087109945405	
0.964	0.0847858876091	
0.965	0.0824601646885	
0.966	0.0801327752537	
0.967	0.0778037179149	
0.968	0.0754729912813	
0.969	0.073140593962	
0.97	0.0708065245652	
0.971	0.0684707816987	
0.972	0.0661333639698	
0.973	0.0637942699851	
0.974	0.0614534983507	
0.975	0.059111047672	
0.976	0.0567669165541	
0.977	0.0544211036011	
0.978	0.052073607417	
0.979	0.0497244266047	
0.98	0.0473735597668	
0.981	0.0450210055052	
0.982	0.0426667624213	
0.983	0.0403108291158	
0.984	0.0379532041887	
0.985	0.0355938862395	
0.986	0.0332328738669	
0.987	0.0308701656693	
0.988	0.028505760244	
0.989	0.0261396561881	
0.99	0.0237718520977	
0.991	0.0214023465685	
0.992	0.0190311381953	
0.993	0.0166582255725	
0.994	0.0142836072937	
0.995	0.0119072819518	
0.996	0.00952924813893	
0.997	0.0071495044468	
0.998	0.00476804946626	
0.999	0.0023848817875	
1.0	0.0	
