0.0	1.0	
0.001	0.998359950334	
0.002	0.996878734008	
0.003	0.995452050076	
0.004	0.994059631706	
0.005	0.992692117803	
0.006	0.991344095976	
0.007	0.990012038795	
0.008	0.988693465975	
0.009	0.98738653891	
0.01	0.986089840408	
0.011	0.984802244738	
0.012	0.983522836025	
0.013	0.982250854443	
0.014	0.980985659307	
0.015	0.979726702921	
0.016	0.978473511541	
0.017	0.977225671184	
0.018	0.97598281684	
0.019	0.974744624127	
0.02	0.97351080273	
0.021	0.972281091183	
0.022	0.971055252654	
0.023	0.96983307152	
0.024	0.968614350536	
0.025	0.967398908497	
0.026	0.966186578269	
0.027	0.964977205134	
0.028	0.963770645385	
0.029	0.962566765122	
0.03	0.961365439218	
0.031	0.960166550427	
0.032	0.958969988605	
0.033	0.957775650035	
0.034	0.956583436831	
0.035	0.955393256414	
0.036	0.954205021051	
0.037	0.953018647445	
0.038	0.951834056368	
0.039	0.950651172338	
0.04	0.949469923321	
0.041	0.948290240476	
0.042	0.947112057912	
0.043	0.945935312478	
0.044	0.94475994357	
0.045	0.943585892951	
0.046	0.942413104597	
0.047	0.941241524548	
0.048	0.940071100776	
0.049	0.93890178306	
0.05	0.937733522881	
0.051	0.936566273312	
0.052	0.935399988931	
0.053	0.934234625726	
0.054	0.93307014102	
0.055	0.931906493395	
0.056	0.930743642624	
0.057	0.929581549604	
0.058	0.928420176303	
0.059	0.927259485695	
0.06	0.92609944172	
0.061	0.924940009227	
0.062	0.923781153932	
0.063	0.922622842381	
0.064	0.921465041901	
0.065	0.920307720574	
0.066	0.919150847195	
0.067	0.917994391244	
0.068	0.916838322851	
0.069	0.915682612776	
0.07	0.914527232371	
0.071	0.913372153565	
0.072	0.912217348834	
0.073	0.911062791179	
0.074	0.90990845411	
0.075	0.908754311617	
0.076	0.90760033816	
0.077	0.906446508646	
0.078	0.905292798411	
0.079	0.904139183208	
0.08	0.90298563919	
0.081	0.901832142893	
0.082	0.900678671226	
0.083	0.899525201455	
0.084	0.898371711193	
0.085	0.897218178385	
0.086	0.8960645813	
0.087	0.894910898518	
0.088	0.89375710892	
0.089	0.892603191679	
0.09	0.891449126251	
0.091	0.890294892365	
0.092	0.889140470013	
0.093	0.887985839446	
0.094	0.886830981163	
0.095	0.885675875904	
0.096	0.884520504643	
0.097	0.883364848582	
0.098	0.882208889144	
0.099	0.881052607966	
0.1	0.879895986893	
0.101	0.878739007975	
0.102	0.877581653456	
0.103	0.876423905774	
0.104	0.875265747552	
0.105	0.874107161598	
0.106	0.872948130894	
0.107	0.871788638595	
0.108	0.870628668025	
0.109	0.869468202672	
0.11	0.868307226183	
0.111	0.867145722361	
0.112	0.865983675163	
0.113	0.864821068693	
0.114	0.863657887201	
0.115	0.862494115077	
0.116	0.861329736851	
0.117	0.860164737189	
0.118	0.858999100889	
0.119	0.857832812877	
0.12	0.856665858206	
0.121	0.855498222055	
0.122	0.854329889722	
0.123	0.853160846625	
0.124	0.851991078298	
0.125	0.850820570388	
0.126	0.849649308655	
0.127	0.848477278968	
0.128	0.847304467302	
0.129	0.846130859739	
0.13	0.844956442463	
0.131	0.843781201759	
0.132	0.842605124013	
0.133	0.841428195707	
0.134	0.840250403418	
0.135	0.839071733819	
0.136	0.837892173673	
0.137	0.836711709837	
0.138	0.835530329253	
0.139	0.834348018953	
0.14	0.833164766056	
0.141	0.831980557763	
0.142	0.830795381361	
0.143	0.829609224217	
0.144	0.828422073779	
0.145	0.827233917576	
0.146	0.826044743213	
0.147	0.824854538373	
0.148	0.823663290814	
0.149	0.82247098837	
0.15	0.821277618948	
0.151	0.820083170527	
0.152	0.818887631157	
0.153	0.817690988959	
0.154	0.816493232124	
0.155	0.815294348911	
0.156	0.814094327646	
0.157	0.812893156722	
0.158	0.811690824598	
0.159	0.810487319798	
0.16	0.80928263091	
0.161	0.808076746584	
0.162	0.806869655534	
0.163	0.805661346534	
0.164	0.804451808422	
0.165	0.803241030093	
0.166	0.802029000502	
0.167	0.800815708664	
0.168	0.799601143652	
0.169	0.798385294596	
0.17	0.797168150681	
0.171	0.795949701152	
0.172	0.794729935306	
0.173	0.793508842497	
0.174	0.792286412132	
0.175	0.791062633674	
0.176	0.789837496636	
0.177	0.788610990587	
0.178	0.787383105147	
0.179	0.786153829985	
0.18	0.784923154826	
0.181	0.783691069442	
0.182	0.782457563657	
0.183	0.781222627344	
0.184	0.779986250425	
0.185	0.778748422872	
0.186	0.777509134705	
0.187	0.77626837599	
0.188	0.775026136844	
0.189	0.773782407429	
0.19	0.772537177954	
0.191	0.771290438674	
0.192	0.770042179892	
0.193	0.768792391955	
0.194	0.767541065255	
0.195	0.76628819023	
0.196	0.765033757361	
0.197	0.763777757176	
0.198	0.762520180244	
0.199	0.76126101718	
0.2	0.760000258641	
0.201	0.758737895327	
0.202	0.757473917982	
0.203	0.756208317389	
0.204	0.754941084378	
0.205	0.753672209818	
0.206	0.752401684619	
0.207	0.751129499733	
0.208	0.749855646155	
0.209	0.748580114918	
0.21	0.747302897098	
0.211	0.746023983808	
0.212	0.744743366205	
0.213	0.743461035483	
0.214	0.742176982877	
0.215	0.74089119966	
0.216	0.739603677147	
0.217	0.738314406689	
0.218	0.737023379677	
0.219	0.73573058754	
0.22	0.734436021747	
0.221	0.733139673804	
0.222	0.731841535254	
0.223	0.730541597679	
0.224	0.729239852698	
0.225	0.727936291969	
0.226	0.726630907186	
0.227	0.725323690079	
0.228	0.724014632417	
0.229	0.722703726005	
0.23	0.721390962684	
0.231	0.720076334332	
0.232	0.718759832864	
0.233	0.717441450229	
0.234	0.716121178414	
0.235	0.714799009442	
0.236	0.713474935369	
0.237	0.712148948291	
0.238	0.710821040335	
0.239	0.709491203666	
0.24	0.708159430484	
0.241	0.706825713023	
0.242	0.705490043553	
0.243	0.704152414378	
0.244	0.702812817837	
0.245	0.701471246304	
0.246	0.700127692186	
0.247	0.698782147927	
0.248	0.697434606003	
0.249	0.696085058925	
0.25	0.694733499239	
0.251	0.693379919522	
0.252	0.692024312389	
0.253	0.690666670485	
0.254	0.689306986491	
0.255	0.68794525312	
0.256	0.686581463121	
0.257	0.685215609274	
0.258	0.683847684392	
0.259	0.682477681324	
0.26	0.681105592949	
0.261	0.679731412182	
0.262	0.678355131969	
0.263	0.676976745289	
0.264	0.675596245155	
0.265	0.674213624611	
0.266	0.672828876736	
0.267	0.67144199464	
0.268	0.670052971466	
0.269	0.66866180039	
0.27	0.667268474619	
0.271	0.665872987394	
0.272	0.664475331987	
0.273	0.663075501704	
0.274	0.66167348988	
0.275	0.660269289887	
0.276	0.658862895123	
0.277	0.657454299024	
0.278	0.656043495054	
0.279	0.654630476711	
0.28	0.653215237523	
0.281	0.65179777105	
0.282	0.650378070887	
0.283	0.648956130657	
0.284	0.647531944016	
0.285	0.646105504651	
0.286	0.644676806282	
0.287	0.643245842659	
0.288	0.641812607565	
0.289	0.640377094813	
0.29	0.638939298249	
0.291	0.637499211748	
0.292	0.636056829219	
0.293	0.6346121446	
0.294	0.633165151861	
0.295	0.631715845005	
0.296	0.630264218064	
0.297	0.628810265102	
0.298	0.627353980214	
0.299	0.625895357526	
0.3	0.624434391194	
0.301	0.622971075408	
0.302	0.621505404387	
0.303	0.62003737238	
0.304	0.618566973668	
0.305	0.617094202565	
0.306	0.615619053412	
0.307	0.614141520583	
0.308	0.612661598483	
0.309	0.611179281548	
0.31	0.609694564244	
0.311	0.608207441067	
0.312	0.606717906546	
0.313	0.605225955238	
0.314	0.603731581734	
0.315	0.602234780653	
0.316	0.600735546645	
0.317	0.599233874392	
0.318	0.597729758606	
0.319	0.596223194028	
0.32	0.594714175433	
0.321	0.593202697624	
0.322	0.591688755435	
0.323	0.59017234373	
0.324	0.588653457406	
0.325	0.587132091387	
0.326	0.585608240631	
0.327	0.584081900124	
0.328	0.582553064883	
0.329	0.581021729956	
0.33	0.579487890422	
0.331	0.577951541389	
0.332	0.576412677996	
0.333	0.574871295412	
0.334	0.573327388839	
0.335	0.571780953505	
0.336	0.570231984673	
0.337	0.568680477632	
0.338	0.567126427705	
0.339	0.565569830244	
0.34	0.564010680631	
0.341	0.562448974278	
0.342	0.560884706629	
0.343	0.559317873156	
0.344	0.557748469364	
0.345	0.556176490787	
0.346	0.554601932989	
0.347	0.553024791565	
0.348	0.551445062139	
0.349	0.549862740367	
0.35	0.548277821935	
0.351	0.546690302559	
0.352	0.545100177985	
0.353	0.543507443989	
0.354	0.541912096379	
0.355	0.540314130991	
0.356	0.538713543694	
0.357	0.537110330384	
0.358	0.53550448699	
0.359	0.533896009471	
0.36	0.532284893814	
0.361	0.530671136039	
0.362	0.529054732195	
0.363	0.527435678362	
0.364	0.525813970649	
0.365	0.524189605197	
0.366	0.522562578176	
0.367	0.520932885786	
0.368	0.519300524259	
0.369	0.517665489855	
0.37	0.516027778867	
0.371	0.514387387617	
0.372	0.512744312456	
0.373	0.511098549767	
0.374	0.509450095962	
0.375	0.507798947486	
0.376	0.50614510081	
0.377	0.50448855244	
0.378	0.502829298908	
0.379	0.50116733678	
0.38	0.499502662649	
0.381	0.497835273142	
0.382	0.496165164912	
0.383	0.494492334647	
0.384	0.492816779061	
0.385	0.491138494901	
0.386	0.489457478944	
0.387	0.487773727997	
0.388	0.486087238897	
0.389	0.484398008511	
0.39	0.482706033739	
0.391	0.481011311508	
0.392	0.479313838777	
0.393	0.477613612535	
0.394	0.475910629802	
0.395	0.474204887628	
0.396	0.472496383094	
0.397	0.470785113309	
0.398	0.469071075415	
0.399	0.467354266584	
0.4	0.465634684017	
0.401	0.463912324947	
0.402	0.462187186637	
0.403	0.460459266381	
0.404	0.4587285615	
0.405	0.456995069351	
0.406	0.455258787317	
0.407	0.453519712814	
0.408	0.451777843286	
0.409	0.450033176211	
0.41	0.448285709094	
0.411	0.446535439472	
0.412	0.444782364913	
0.413	0.443026483015	
0.414	0.441267791406	
0.415	0.439506287745	
0.416	0.437741969722	
0.417	0.435974835056	
0.418	0.434204881498	
0.419	0.432432106829	
0.42	0.430656508861	
0.421	0.428878085435	
0.422	0.427096834426	
0.423	0.425312753735	
0.424	0.423525841296	
0.425	0.421736095075	
0.426	0.419943513067	
0.427	0.418148093295	
0.428	0.416349833818	
0.429	0.414548732722	
0.43	0.412744788125	
0.431	0.410937998173	
0.432	0.409128361047	
0.433	0.407315874956	
0.434	0.405500538139	
0.435	0.403682348867	
0.436	0.401861305442	
0.437	0.400037406196	
0.438	0.398210649491	
0.439	0.39638103372	
0.44	0.394548557309	
0.441	0.392713218711	
0.442	0.390875016412	
0.443	0.389033948928	
0.444	0.387190014807	
0.445	0.385343212625	
0.446	0.383493540992	
0.447	0.381640998546	
0.448	0.379785583957	
0.449	0.377927295927	
0.45	0.376066133186	
0.451	0.374202094496	
0.452	0.372335178652	
0.453	0.370465384476	
0.454	0.368592710823	
0.455	0.366717156578	
0.456	0.364838720658	
0.457	0.36295740201	
0.458	0.361073199612	
0.459	0.359186112471	
0.46	0.357296139629	
0.461	0.355403280155	
0.462	0.353507533151	
0.463	0.351608897748	
0.464	0.34970737311	
0.465	0.347802958431	
0.466	0.345895652935	
0.467	0.343985455878	
0.468	0.342072366546	
0.469	0.340156384258	
0.47	0.338237508361	
0.471	0.336315738234	
0.472	0.334391073289	
0.473	0.332463512966	
0.474	0.330533056737	
0.475	0.328599704105	
0.476	0.326663454604	
0.477	0.3247243078	
0.478	0.322782263288	
0.479	0.320837320695	
0.48	0.31888947968	
0.481	0.31693873993	
0.482	0.314985101166	
0.483	0.313028563138	
0.484	0.311069125629	
0.485	0.309106788452	
0.486	0.30714155145	
0.487	0.305173414498	
0.488	0.303202377503	
0.489	0.3012284404	
0.49	0.299251603159	
0.491	0.297271865779	
0.492	0.295289228289	
0.493	0.293303690751	
0.494	0.291315253256	
0.495	0.28932391593	
0.496	0.287329678924	
0.497	0.285332542426	
0.498	0.283332506652	
0.499	0.28132957185	
0.5	0.279323738298	
0.501	0.277315006305	
0.502	0.275303376214	
0.503	0.273288848396	
0.504	0.271271423255	
0.505	0.269251101224	
0.506	0.267227882769	
0.507	0.265201768387	
0.508	0.263172758605	
0.509	0.261140853982	
0.51	0.259106055109	
0.511	0.257068362606	
0.512	0.255027777125	
0.513	0.252984299351	
0.514	0.250937929997	
0.515	0.248888669809	
0.516	0.246836519565	
0.517	0.244781480072	
0.518	0.24272355217	
0.519	0.240662736729	
0.52	0.238599034651	
0.521	0.236532446868	
0.522	0.234462974344	
0.523	0.232390618076	
0.524	0.230315379088	
0.525	0.228237258439	
0.526	0.226156257218	
0.527	0.224072376544	
0.528	0.221985617568	
0.529	0.219895981474	
0.53	0.217803469474	
0.531	0.215708082813	
0.532	0.213609822768	
0.533	0.211508690645	
0.534	0.209404687783	
0.535	0.207297815553	
0.536	0.205188075354	
0.537	0.203075468618	
0.538	0.20095999681	
0.539	0.198841661424	
0.54	0.196720463985	
0.541	0.194596406051	
0.542	0.19246948921	
0.543	0.190339715081	
0.544	0.188207085315	
0.545	0.186071601595	
0.546	0.183933265632	
0.547	0.181792079173	
0.548	0.179648043992	
0.549	0.177501161896	
0.55	0.175351434724	
0.551	0.173198864345	
0.552	0.17104345266	
0.553	0.1688852016	
0.554	0.166724113129	
0.555	0.164560189241	
0.556	0.162393431962	
0.557	0.160223843348	
0.558	0.158051425487	
0.559	0.1558761805	
0.56	0.153698110536	
0.561	0.151517217777	
0.562	0.149333504436	
0.563	0.147146972759	
0.564	0.144957625019	
0.565	0.142765463523	
0.566	0.140570490611	
0.567	0.138372708651	
0.568	0.136172120043	
0.569	0.133968727219	
0.57	0.131762532641	
0.571	0.129553538805	
0.572	0.127341748235	
0.573	0.125127163488	
0.574	0.122909787152	
0.575	0.120689621845	
0.576	0.118466670217	
0.577	0.116240934951	
0.578	0.114012418759	
0.579	0.111781124384	
0.58	0.109547054601	
0.581	0.107310212218	
0.582	0.10507060007	
0.583	0.102828221027	
0.584	0.100583077988	
0.585	0.0983351738844	
0.586	0.0960845116784	
0.587	0.0938310943631	
0.588	0.0915749249631	
0.589	0.0893160065338	
0.59	0.0870543421622	
0.591	0.0847899349662	
0.592	0.082522788095	
0.593	0.0802529047286	
0.594	0.0779802880787	
0.595	0.0757049413877	
0.596	0.0734268679292	
0.597	0.0711460710082	
0.598	0.0688625539605	
0.599	0.0665763201532	
0.6	0.0642873729845	
0.601	0.0619957158837	
0.602	0.059701352311	
0.603	0.057404285758	
0.604	0.0551045197473	
0.605	0.0528020578325	
0.606	0.0504969035983	
0.607	0.0481890606606	
0.608	0.0458785326662	
0.609	0.0435653232929	
0.61	0.0412494362499	
0.611	0.038930875277	
0.612	0.0366096441454	
0.613	0.0342857466571	
0.614	0.0319591866453	
0.615	0.0296299679741	
0.616	0.0272980945385	
0.617	0.0249635702648	
0.618	0.02262639911	
0.619	0.0202865850623	
0.62	0.0179441321408	
0.621	0.0155990443954	
0.622	0.0132513259072	
0.623	0.0109009807882	
0.624	0.0085480131813	
0.625	0.00619242726027	
0.626	0.0038342272299	
0.627	0.00147341732586	
0.628	-0.000889998185254	
0.629	-0.00325601500597	
0.63	-0.00562462880792	
0.631	-0.00799583523186	
0.632	-0.0103696298877	
0.633	-0.0127460083544	
0.634	-0.0151249661803	
0.635	-0.0175064988825	
0.636	-0.0198906019478	
0.637	-0.0222772708316	
0.638	-0.0246665009591	
0.639	-0.0270582877242	
0.64	-0.0294526264902	
0.641	-0.0318495125898	
0.642	-0.0342489413246	
0.643	-0.0366509079658	
0.644	-0.0390554077535	
0.645	-0.0414624358974	
0.646	-0.0438719875763	
0.647	-0.0462840579384	
0.648	-0.048698642101	
0.649	-0.0511157351509	
0.65	-0.0535353321443	
0.651	-0.0559574281065	
0.652	-0.0583820180324	
0.653	-0.0608090968861	
0.654	-0.0632386596013	
0.655	-0.0656707010807	
0.656	-0.0681052161967	
0.657	-0.0705421997913	
0.658	-0.0729816466754	
0.659	-0.0754235516298	
0.66	-0.0778679094047	
0.661	-0.0803147147195	
0.662	-0.0827639622634	
0.663	-0.085215646695	
0.664	-0.0876697626423	
0.665	-0.090126304703	
0.666	-0.0925852674443	
0.667	-0.0950466454028	
0.668	-0.0975104330851	
0.669	-0.0999766249668	
0.67	-0.102445215494	
0.671	-0.104916199081	
0.672	-0.107389570113	
0.673	-0.109865322944	
0.674	-0.112343451899	
0.675	-0.114823951271	
0.676	-0.117306815324	
0.677	-0.119792038291	
0.678	-0.122279614374	
0.679	-0.124769537748	
0.68	-0.127261802553	
0.681	-0.129756402902	
0.682	-0.132253332878	
0.683	-0.134752586532	
0.684	-0.137254157885	
0.685	-0.13975804093	
0.686	-0.142264229628	
0.687	-0.144772717909	
0.688	-0.147283499675	
0.689	-0.149796568798	
0.69	-0.152311919118	
0.691	-0.154829544446	
0.692	-0.157349438563	
0.693	-0.159871595221	
0.694	-0.162396008139	
0.695	-0.16492267101	
0.696	-0.167451577494	
0.697	-0.169982721222	
0.698	-0.172516095796	
0.699	-0.175051694787	
0.7	-0.177589511735	
0.701	-0.180129540154	
0.702	-0.182671773524	
0.703	-0.185216205298	
0.704	-0.187762828898	
0.705	-0.190311637716	
0.706	-0.192862625114	
0.707	-0.195415784426	
0.708	-0.197971108955	
0.709	-0.200528591974	
0.71	-0.203088226727	
0.711	-0.205650006428	
0.712	-0.208213924262	
0.713	-0.210779973383	
0.714	-0.213348146918	
0.715	-0.215918437961	
0.716	-0.21849083958	
0.717	-0.22106534481	
0.718	-0.223641946659	
0.719	-0.226220638104	
0.72	-0.228801412095	
0.721	-0.23138426155	
0.722	-0.233969179357	
0.723	-0.236556158378	
0.724	-0.239145191443	
0.725	-0.241736271354	
0.726	-0.244329390882	
0.727	-0.24692454277	
0.728	-0.249521719731	
0.729	-0.252120914451	
0.73	-0.254722119583	
0.731	-0.257325327754	
0.732	-0.259930531561	
0.733	-0.26253772357	
0.734	-0.265146896321	
0.735	-0.267758042322	
0.736	-0.270371154053	
0.737	-0.272986223967	
0.738	-0.275603244484	
0.739	-0.278222207999	
0.74	-0.280843106874	
0.741	-0.283465933446	
0.742	-0.286090680021	
0.743	-0.288717338876	
0.744	-0.291345902259	
0.745	-0.293976362391	
0.746	-0.296608711461	
0.747	-0.299242941633	
0.748	-0.301879045039	
0.749	-0.304517013784	
0.75	-0.307156839943	
0.751	-0.309798515565	
0.752	-0.312442032667	
0.753	-0.315087383239	
0.754	-0.317734559242	
0.755	-0.32038355261	
0.756	-0.323034355246	
0.757	-0.325686959026	
0.758	-0.328341355797	
0.759	-0.330997537377	
0.76	-0.333655495557	
0.761	-0.336315222099	
0.762	-0.338976708736	
0.763	-0.341639947173	
0.764	-0.344304929087	
0.765	-0.346971646126	
0.766	-0.349640089911	
0.767	-0.352310252033	
0.768	-0.354982124057	
0.769	-0.357655697517	
0.77	-0.360330963922	
0.771	-0.36300791475	
0.772	-0.365686541453	
0.773	-0.368366835455	
0.774	-0.371048788149	
0.775	-0.373732390904	
0.776	-0.376417635059	
0.777	-0.379104511924	
0.778	-0.381793012784	
0.779	-0.384483128893	
0.78	-0.38717485148	
0.781	-0.389868171744	
0.782	-0.392563080858	
0.783	-0.395259569966	
0.784	-0.397957630183	
0.785	-0.400657252601	
0.786	-0.403358428279	
0.787	-0.406061148251	
0.788	-0.408765403524	
0.789	-0.411471185075	
0.79	-0.414178483857	
0.791	-0.416887290793	
0.792	-0.419597596778	
0.793	-0.422309392682	
0.794	-0.425022669346	
0.795	-0.427737417583	
0.796	-0.430453628181	
0.797	-0.433171291898	
0.798	-0.435890399468	
0.799	-0.438610941594	
0.8	-0.441332908955	
0.801	-0.444056292201	
0.802	-0.446781081955	
0.803	-0.449507268815	
0.804	-0.452234843349	
0.805	-0.454963796099	
0.806	-0.457694117581	
0.807	-0.460425798284	
0.808	-0.463158828669	
0.809	-0.46589319917	
0.81	-0.468628900196	
0.811	-0.471365922127	
0.812	-0.474104255319	
0.813	-0.476843890097	
0.814	-0.479584816764	
0.815	-0.482327025593	
0.816	-0.485070506833	
0.817	-0.487815250703	
0.818	-0.4905612474	
0.819	-0.493308487089	
0.82	-0.496056959915	
0.821	-0.49880665599	
0.822	-0.501557565405	
0.823	-0.50430967822	
0.824	-0.507062984474	
0.825	-0.509817474175	
0.826	-0.512573137306	
0.827	-0.515329963826	
0.828	-0.518087943665	
0.829	-0.520847066729	
0.83	-0.523607322896	
0.831	-0.526368702019	
0.832	-0.529131193926	
0.833	-0.531894788417	
0.834	-0.534659475268	
0.835	-0.537425244227	
0.836	-0.540192085018	
0.837	-0.542959987338	
0.838	-0.545728940859	
0.839	-0.548498935228	
0.84	-0.551269960064	
0.841	-0.554042004961	
0.842	-0.55681505949	
0.843	-0.559589113194	
0.844	-0.56236415559	
0.845	-0.565140176171	
0.846	-0.567917164405	
0.847	-0.570695109732	
0.848	-0.573474001569	
0.849	-0.576253829307	
0.85	-0.579034582312	
0.851	-0.581816249924	
0.852	-0.584598821458	
0.853	-0.587382286205	
0.854	-0.590166633429	
0.855	-0.59295185237	
0.856	-0.595737932244	
0.857	-0.59852486224	
0.858	-0.601312631523	
0.859	-0.604101229233	
0.86	-0.606890644485	
0.861	-0.609680866371	
0.862	-0.612471883954	
0.863	-0.615263686277	
0.864	-0.618056262356	
0.865	-0.620849601182	
0.866	-0.623643691722	
0.867	-0.626438522918	
0.868	-0.629234083689	
0.869	-0.632030362928	
0.87	-0.634827349504	
0.871	-0.637625032262	
0.872	-0.640423400022	
0.873	-0.64322244158	
0.874	-0.646022145709	
0.875	-0.648822501155	
0.876	-0.651623496642	
0.877	-0.65442512087	
0.878	-0.657227362514	
0.879	-0.660030210225	
0.88	-0.662833652631	
0.881	-0.665637678335	
0.882	-0.668442275917	
0.883	-0.671247433933	
0.884	-0.674053140914	
0.885	-0.676859385369	
0.886	-0.679666155782	
0.887	-0.682473440615	
0.888	-0.685281228304	
0.889	-0.688089507263	
0.89	-0.690898265884	
0.891	-0.693707492532	
0.892	-0.696517175551	
0.893	-0.699327303261	
0.894	-0.702137863959	
0.895	-0.704948845918	
0.896	-0.70776023739	
0.897	-0.7105720266	
0.898	-0.713384201753	
0.899	-0.71619675103	
0.9	-0.719009662589	
0.901	-0.721822924565	
0.902	-0.72463652507	
0.903	-0.727450452193	
0.904	-0.730264694	
0.905	-0.733079238536	
0.906	-0.735894073821	
0.907	-0.738709187853	
0.908	-0.741524568608	
0.909	-0.744340204039	
0.91	-0.747156082077	
0.911	-0.749972190628	
0.912	-0.75278851758	
0.913	-0.755605050796	
0.914	-0.758421778115	
0.915	-0.761238687358	
0.916	-0.764055766319	
0.917	-0.766873002775	
0.918	-0.769690384476	
0.919	-0.772507899153	
0.92	-0.775325534514	
0.921	-0.778143278245	
0.922	-0.78096111801	
0.923	-0.783779041451	
0.924	-0.78659703619	
0.925	-0.789415089825	
0.926	-0.792233189933	
0.927	-0.795051324069	
0.928	-0.797869479767	
0.929	-0.80068764454	
0.93	-0.803505805878	
0.931	-0.806323951251	
0.932	-0.809142068106	
0.933	-0.811960143871	
0.934	-0.81477816595	
0.935	-0.817596121728	
0.936	-0.820413998568	
0.937	-0.823231783811	
0.938	-0.826049464779	
0.939	-0.828867028771	
0.94	-0.831684463065	
0.941	-0.834501754921	
0.942	-0.837318891574	
0.943	-0.840135860242	
0.944	-0.842952648119	
0.945	-0.845769242381	
0.946	-0.848585630182	
0.947	-0.851401798654	
0.948	-0.854217734913	
0.949	-0.857033426049	
0.95	-0.859848859136	
0.951	-0.862664021226	
0.952	-0.865478899349	
0.953	-0.868293480517	
0.954	-0.871107751722	
0.955	-0.873921699935	
0.956	-0.876735312105	
0.957	-0.879548575166	
0.958	-0.882361476026	
0.959	-0.885174001579	
0.96	-0.887986138693	
0.961	-0.890797874222	
0.962	-0.893609194997	
0.963	-0.89642008783	
0.964	-0.899230539514	
0.965	-0.90204053682	
0.966	-0.904850066504	
0.967	-0.907659115297	
0.968	-0.910467669916	
0.969	-0.913275717055	
0.97	-0.916083243391	
0.971	-0.918890235579	
0.972	-0.921696680257	
0.973	-0.924502564045	
0.974	-0.927307873541	
0.975	-0.930112595326	
0.976	-0.932916715961	
0.977	-0.935720221989	
0.978	-0.938523099933	
0.979	-0.9413253363	
0.98	-0.944126917575	
0.981	-0.946927830226	
0.982	-0.949728060703	
0.983	-0.952527595435	
0.984	-0.955326420836	
0.985	-0.9581245233	
0.986	-0.960921889201	
0.987	-0.963718504897	
0.988	-0.966514356727	
0.989	-0.969309431013	
0.99	-0.972103714056	
0.991	-0.974897192142	
0.992	-0.977689851538	
0.993	-0.980481678493	
0.994	-0.983272659238	
0.995	-0.986062779985	
0.996	-0.988852026932	
0.997	-0.991640386255	
0.998	-0.994427844115	
0.999	-0.997214386655	
1.0	-1.0	
