0.0	1.0	
0.001	0.998925801424	
0.002	0.997866966435	
0.003	0.996813836721	
0.004	0.995764377211	
0.005	0.99471762004	
0.006	0.993672992611	
0.007	0.992630113987	
0.008	0.991588711007	
0.009	0.990548577216	
0.01	0.98950955035	
0.011	0.98847149893	
0.012	0.987434313798	
0.013	0.986397902489	
0.014	0.985362185351	
0.015	0.984327092789	
0.016	0.983292563237	
0.017	0.982258541648	
0.018	0.981224978341	
0.019	0.980191828099	
0.02	0.979159049466	
0.021	0.978126604177	
0.022	0.977094456708	
0.023	0.976062573893	
0.024	0.975030924626	
0.025	0.973999479594	
0.026	0.972968211068	
0.027	0.971937092719	
0.028	0.97090609946	
0.029	0.969875207317	
0.03	0.968844393313	
0.031	0.967813635367	
0.032	0.96678291221	
0.033	0.965752203308	
0.034	0.964721488795	
0.035	0.963690749417	
0.036	0.962659966477	
0.037	0.96162912179	
0.038	0.960598197645	
0.039	0.959567176762	
0.04	0.958536042265	
0.041	0.95750477765	
0.042	0.956473366755	
0.043	0.955441793743	
0.044	0.954410043073	
0.045	0.953378099485	
0.046	0.95234594798	
0.047	0.951313573801	
0.048	0.950280962422	
0.049	0.949248099532	
0.05	0.948214971023	
0.051	0.947181562977	
0.052	0.946147861656	
0.053	0.945113853493	
0.054	0.944079525081	
0.055	0.943044863165	
0.056	0.942009854636	
0.057	0.94097448652	
0.058	0.939938745976	
0.059	0.938902620284	
0.06	0.937866096844	
0.061	0.936829163168	
0.062	0.935791806876	
0.063	0.934754015689	
0.064	0.933715777429	
0.065	0.932677080008	
0.066	0.931637911433	
0.067	0.930598259792	
0.068	0.92955811326	
0.069	0.928517460089	
0.07	0.927476288608	
0.071	0.926434587221	
0.072	0.925392344401	
0.073	0.92434954869	
0.074	0.923306188696	
0.075	0.922262253091	
0.076	0.921217730607	
0.077	0.920172610036	
0.078	0.919126880228	
0.079	0.918080530088	
0.08	0.917033548574	
0.081	0.915985924697	
0.082	0.914937647519	
0.083	0.913888706151	
0.084	0.912839089751	
0.085	0.911788787523	
0.086	0.910737788716	
0.087	0.909686082626	
0.088	0.908633658586	
0.089	0.907580505977	
0.09	0.906526614214	
0.091	0.905471972758	
0.092	0.904416571102	
0.093	0.903360398783	
0.094	0.902303445371	
0.095	0.901245700472	
0.096	0.900187153729	
0.097	0.899127794818	
0.098	0.898067613449	
0.099	0.897006599367	
0.1	0.895944742345	
0.101	0.894882032192	
0.102	0.893818458747	
0.103	0.892754011878	
0.104	0.891688681485	
0.105	0.890622457496	
0.106	0.889555329869	
0.107	0.88848728859	
0.108	0.887418323674	
0.109	0.886348425162	
0.11	0.885277583123	
0.111	0.884205787654	
0.112	0.883133028876	
0.113	0.882059296938	
0.114	0.880984582014	
0.115	0.879908874302	
0.116	0.878832164028	
0.117	0.877754441441	
0.118	0.876675696813	
0.119	0.875595920442	
0.12	0.87451510265	
0.121	0.873433233781	
0.122	0.872350304204	
0.123	0.871266304309	
0.124	0.870181224511	
0.125	0.869095055246	
0.126	0.868007786974	
0.127	0.866919410175	
0.128	0.865829915353	
0.129	0.864739293033	
0.13	0.863647533762	
0.131	0.862554628107	
0.132	0.861460566658	
0.133	0.860365340025	
0.134	0.85926893884	
0.135	0.858171353755	
0.136	0.857072575443	
0.137	0.855972594598	
0.138	0.854871401932	
0.139	0.853768988182	
0.14	0.8526653441	
0.141	0.851560460461	
0.142	0.85045432806	
0.143	0.849346937711	
0.144	0.848238280248	
0.145	0.847128346525	
0.146	0.846017127414	
0.147	0.84490461381	
0.148	0.843790796623	
0.149	0.842675666786	
0.15	0.84155921525	
0.151	0.840441432984	
0.152	0.839322310978	
0.153	0.838201840239	
0.154	0.837080011796	
0.155	0.835956816694	
0.156	0.834832245999	
0.157	0.833706290795	
0.158	0.832578942184	
0.159	0.831450191289	
0.16	0.830320029249	
0.161	0.829188447224	
0.162	0.828055436391	
0.163	0.826920987947	
0.164	0.825785093107	
0.165	0.824647743105	
0.166	0.823508929192	
0.167	0.82236864264	
0.168	0.821226874737	
0.169	0.820083616791	
0.17	0.818938860128	
0.171	0.817792596093	
0.172	0.816644816048	
0.173	0.815495511376	
0.174	0.814344673477	
0.175	0.813192293767	
0.176	0.812038363685	
0.177	0.810882874684	
0.178	0.80972581824	
0.179	0.808567185843	
0.18	0.807406969004	
0.181	0.806245159251	
0.182	0.805081748132	
0.183	0.803916727212	
0.184	0.802750088075	
0.185	0.801581822323	
0.186	0.800411921577	
0.187	0.799240377476	
0.188	0.798067181678	
0.189	0.796892325859	
0.19	0.795715801713	
0.191	0.794537600953	
0.192	0.793357715311	
0.193	0.792176136537	
0.194	0.790992856398	
0.195	0.789807866683	
0.196	0.788621159197	
0.197	0.787432725764	
0.198	0.786242558227	
0.199	0.785050648447	
0.2	0.783856988304	
0.201	0.782661569697	
0.202	0.781464384543	
0.203	0.780265424779	
0.204	0.779064682359	
0.205	0.777862149256	
0.206	0.776657817464	
0.207	0.775451678994	
0.208	0.774243725874	
0.209	0.773033950155	
0.21	0.771822343904	
0.211	0.770608899208	
0.212	0.769393608172	
0.213	0.768176462922	
0.214	0.7669574556	
0.215	0.765736578369	
0.216	0.764513823412	
0.217	0.76328918293	
0.218	0.762062649141	
0.219	0.760834214286	
0.22	0.759603870623	
0.221	0.75837161043	
0.222	0.757137426004	
0.223	0.755901309661	
0.224	0.754663253736	
0.225	0.753423250585	
0.226	0.752181292583	
0.227	0.750937372123	
0.228	0.749691481619	
0.229	0.748443613503	
0.23	0.747193760229	
0.231	0.745941914269	
0.232	0.744688068114	
0.233	0.743432214276	
0.234	0.742174345287	
0.235	0.740914453697	
0.236	0.739652532077	
0.237	0.738388573019	
0.238	0.737122569133	
0.239	0.735854513049	
0.24	0.734584397418	
0.241	0.733312214911	
0.242	0.732037958218	
0.243	0.730761620051	
0.244	0.729483193139	
0.245	0.728202670235	
0.246	0.72692004411	
0.247	0.725635307555	
0.248	0.724348453382	
0.249	0.723059474424	
0.25	0.721768363533	
0.251	0.720475113583	
0.252	0.719179717468	
0.253	0.717882168101	
0.254	0.716582458417	
0.255	0.715280581373	
0.256	0.713976529943	
0.257	0.712670297125	
0.258	0.711361875938	
0.259	0.710051259418	
0.26	0.708738440625	
0.261	0.70742341264	
0.262	0.706106168564	
0.263	0.704786701519	
0.264	0.703465004648	
0.265	0.702141071115	
0.266	0.700814894107	
0.267	0.699486466828	
0.268	0.698155782508	
0.269	0.696822834396	
0.27	0.695487615761	
0.271	0.694150119896	
0.272	0.692810340114	
0.273	0.69146826975	
0.274	0.690123902159	
0.275	0.68877723072	
0.276	0.687428248831	
0.277	0.686076949914	
0.278	0.684723327412	
0.279	0.683367374789	
0.28	0.682009085531	
0.281	0.680648453146	
0.282	0.679285471164	
0.283	0.677920133137	
0.284	0.67655243264	
0.285	0.675182363267	
0.286	0.673809918637	
0.287	0.67243509239	
0.288	0.671057878188	
0.289	0.669678269715	
0.29	0.66829626068	
0.291	0.666911844809	
0.292	0.665525015856	
0.293	0.664135767594	
0.294	0.662744093819	
0.295	0.66134998835	
0.296	0.659953445029	
0.297	0.658554457719	
0.298	0.657153020307	
0.299	0.655749126703	
0.3	0.654342770838	
0.301	0.652933946669	
0.302	0.651522648171	
0.303	0.650108869347	
0.304	0.648692604219	
0.305	0.647273846835	
0.306	0.645852591263	
0.307	0.644428831597	
0.308	0.643002561953	
0.309	0.641573776469	
0.31	0.640142469308	
0.311	0.638708634656	
0.312	0.637272266721	
0.313	0.635833359735	
0.314	0.634391907955	
0.315	0.63294790566	
0.316	0.631501347152	
0.317	0.630052226757	
0.318	0.628600538826	
0.319	0.627146277732	
0.32	0.625689437872	
0.321	0.624230013667	
0.322	0.622767999562	
0.323	0.621303390027	
0.324	0.619836179552	
0.325	0.618366362656	
0.326	0.616893933879	
0.327	0.615418887784	
0.328	0.613941218962	
0.329	0.612460922024	
0.33	0.610977991608	
0.331	0.609492422376	
0.332	0.608004209011	
0.333	0.606513346226	
0.334	0.605019828754	
0.335	0.603523651353	
0.336	0.602024808807	
0.337	0.600523295923	
0.338	0.599019107534	
0.339	0.597512238497	
0.34	0.596002683693	
0.341	0.594490438029	
0.342	0.592975496436	
0.343	0.591457853869	
0.344	0.589937505309	
0.345	0.588414445761	
0.346	0.586888670258	
0.347	0.585360173852	
0.348	0.583828951627	
0.349	0.582294998686	
0.35	0.580758310161	
0.351	0.579218881208	
0.352	0.577676707009	
0.353	0.576131782768	
0.354	0.574584103719	
0.355	0.573033665118	
0.356	0.571480462248	
0.357	0.569924490417	
0.358	0.568365744958	
0.359	0.566804221231	
0.36	0.56523991462	
0.361	0.563672820535	
0.362	0.562102934413	
0.363	0.560530251714	
0.364	0.558954767927	
0.365	0.557376478565	
0.366	0.555795379166	
0.367	0.554211465297	
0.368	0.552624732547	
0.369	0.551035176534	
0.37	0.549442792901	
0.371	0.547847577317	
0.372	0.546249525477	
0.373	0.544648633103	
0.374	0.543044895942	
0.375	0.541438309769	
0.376	0.539828870383	
0.377	0.538216573611	
0.378	0.536601415306	
0.379	0.534983391347	
0.38	0.533362497641	
0.381	0.531738730119	
0.382	0.530112084742	
0.383	0.528482557493	
0.384	0.526850144386	
0.385	0.52521484146	
0.386	0.523576644779	
0.387	0.521935550438	
0.388	0.520291554555	
0.389	0.518644653276	
0.39	0.516994842774	
0.391	0.51534211925	
0.392	0.51368647893	
0.393	0.51202791807	
0.394	0.510366432949	
0.395	0.508702019876	
0.396	0.507034675187	
0.397	0.505364395245	
0.398	0.50369117644	
0.399	0.502015015188	
0.4	0.500335907934	
0.401	0.498653851151	
0.402	0.496968841338	
0.403	0.495280875021	
0.404	0.493589948756	
0.405	0.491896059124	
0.406	0.490199202734	
0.407	0.488499376224	
0.408	0.486796576258	
0.409	0.48509079953	
0.41	0.483382042759	
0.411	0.481670302693	
0.412	0.479955576108	
0.413	0.478237859809	
0.414	0.476517150626	
0.415	0.47479344542	
0.416	0.473066741078	
0.417	0.471337034515	
0.418	0.469604322675	
0.419	0.467868602531	
0.42	0.466129871082	
0.421	0.464388125356	
0.422	0.46264336241	
0.423	0.460895579328	
0.424	0.459144773223	
0.425	0.457390941237	
0.426	0.455634080539	
0.427	0.453874188327	
0.428	0.452111261828	
0.429	0.450345298297	
0.43	0.448576295017	
0.431	0.446804249301	
0.432	0.44502915849	
0.433	0.443251019952	
0.434	0.441469831087	
0.435	0.439685589319	
0.436	0.437898292107	
0.437	0.436107936933	
0.438	0.43431452131	
0.439	0.432518042782	
0.44	0.430718498919	
0.441	0.428915887321	
0.442	0.427110205616	
0.443	0.425301451463	
0.444	0.423489622549	
0.445	0.42167471659	
0.446	0.419856731331	
0.447	0.418035664546	
0.448	0.416211514039	
0.449	0.414384277642	
0.45	0.412553953219	
0.451	0.410720538659	
0.452	0.408884031884	
0.453	0.407044430845	
0.454	0.405201733519	
0.455	0.403355937917	
0.456	0.401507042076	
0.457	0.399655044065	
0.458	0.397799941981	
0.459	0.395941733952	
0.46	0.394080418132	
0.461	0.39221599271	
0.462	0.390348455901	
0.463	0.388477805951	
0.464	0.386604041135	
0.465	0.384727159758	
0.466	0.382847160155	
0.467	0.380964040692	
0.468	0.379077799763	
0.469	0.377188435793	
0.47	0.375295947236	
0.471	0.373400332577	
0.472	0.37150159033	
0.473	0.369599719041	
0.474	0.367694717284	
0.475	0.365786583663	
0.476	0.363875316815	
0.477	0.361960915403	
0.478	0.360043378124	
0.479	0.358122703703	
0.48	0.356198890895	
0.481	0.354271938488	
0.482	0.352341845297	
0.483	0.350408610169	
0.484	0.348472231981	
0.485	0.346532709642	
0.486	0.344590042088	
0.487	0.342644228289	
0.488	0.340695267245	
0.489	0.338743157983	
0.49	0.336787899565	
0.491	0.334829491081	
0.492	0.332867931653	
0.493	0.330903220433	
0.494	0.328935356603	
0.495	0.326964339377	
0.496	0.324990167999	
0.497	0.323012841744	
0.498	0.321032359918	
0.499	0.319048721857	
0.5	0.31706192693	
0.501	0.315071974533	
0.502	0.313078864096	
0.503	0.31108259508	
0.504	0.309083166976	
0.505	0.307080579305	
0.506	0.305074831621	
0.507	0.303065923508	
0.508	0.301053854581	
0.509	0.299038624487	
0.51	0.297020232904	
0.511	0.294998679539	
0.512	0.292973964132	
0.513	0.290946086455	
0.514	0.28891504631	
0.515	0.286880843531	
0.516	0.284843477981	
0.517	0.282802949558	
0.518	0.280759258188	
0.519	0.278712403831	
0.52	0.276662386477	
0.521	0.274609206146	
0.522	0.272552862893	
0.523	0.270493356802	
0.524	0.268430687988	
0.525	0.266364856599	
0.526	0.264295862815	
0.527	0.262223706845	
0.528	0.260148388931	
0.529	0.258069909349	
0.53	0.255988268402	
0.531	0.253903466427	
0.532	0.251815503794	
0.533	0.249724380903	
0.534	0.247630098186	
0.535	0.245532656106	
0.536	0.243432055159	
0.537	0.241328295873	
0.538	0.239221378806	
0.539	0.237111304551	
0.54	0.234998073728	
0.541	0.232881686993	
0.542	0.230762145034	
0.543	0.228639448567	
0.544	0.226513598344	
0.545	0.224384595146	
0.546	0.222252439789	
0.547	0.220117133119	
0.548	0.217978676014	
0.549	0.215837069383	
0.55	0.213692314171	
0.551	0.211544411351	
0.552	0.20939336193	
0.553	0.207239166946	
0.554	0.205081827471	
0.555	0.202921344608	
0.556	0.200757719491	
0.557	0.198590953288	
0.558	0.196421047199	
0.559	0.194248002455	
0.56	0.192071820321	
0.561	0.189892502092	
0.562	0.187710049098	
0.563	0.185524462699	
0.564	0.183335744289	
0.565	0.181143895293	
0.566	0.178948917168	
0.567	0.176750811406	
0.568	0.174549579529	
0.569	0.172345223092	
0.57	0.170137743682	
0.571	0.16792714292	
0.572	0.165713422457	
0.573	0.163496583979	
0.574	0.161276629203	
0.575	0.159053559878	
0.576	0.156827377788	
0.577	0.154598084746	
0.578	0.152365682601	
0.579	0.150130173232	
0.58	0.147891558552	
0.581	0.145649840506	
0.582	0.143405021071	
0.583	0.141157102259	
0.584	0.138906086112	
0.585	0.136651974706	
0.586	0.134394770148	
0.587	0.132134474581	
0.588	0.129871090178	
0.589	0.127604619144	
0.59	0.12533506372	
0.591	0.123062426178	
0.592	0.12078670882	
0.593	0.118507913986	
0.594	0.116226044045	
0.595	0.113941101399	
0.596	0.111653088486	
0.597	0.109362007772	
0.598	0.107067861759	
0.599	0.104770652982	
0.6	0.102470384008	
0.601	0.100167057435	
0.602	0.0978606758979	
0.603	0.0955512420607	
0.604	0.0932387586222	
0.605	0.0909232283137	
0.606	0.0886046538995	
0.607	0.0862830381767	
0.608	0.0839583839752	
0.609	0.0816306941581	
0.61	0.0792999716213	
0.611	0.0769662192937	
0.612	0.074629440137	
0.613	0.072289637146	
0.614	0.0699468133486	
0.615	0.0676009718054	
0.616	0.0652521156103	
0.617	0.06290024789	
0.618	0.0605453718043	
0.619	0.058187490546	
0.62	0.0558266073408	
0.621	0.0534627254477	
0.622	0.0510958481586	
0.623	0.0487259787984	
0.624	0.0463531207251	
0.625	0.0439772773299	
0.626	0.0415984520368	
0.627	0.0392166483031	
0.628	0.0368318696192	
0.629	0.0344441195083	
0.63	0.0320534015271	
0.631	0.0296597192652	
0.632	0.0272630763451	
0.633	0.0248634764229	
0.634	0.0224609231875	
0.635	0.0200554203608	
0.636	0.0176469716982	
0.637	0.0152355809879	
0.638	0.0128212520516	
0.639	0.0104039887437	
0.64	0.00798379495201	
0.641	0.00556067459755	
0.642	0.00313463163437	
0.643	0.000705670049692	
0.644	-0.00172620613606	
0.645	-0.00416099286932	
0.646	-0.00659868606334	
0.647	-0.0090392815982	
0.648	-0.0114827753208	
0.649	-0.0139291630449	
0.65	-0.0163784405511	
0.651	-0.0188306035866	
0.652	-0.0212856478657	
0.653	-0.0237435690694	
0.654	-0.0262043628454	
0.655	-0.0286680248085	
0.656	-0.0311345505399	
0.657	-0.033603935588	
0.658	-0.0360761754678	
0.659	-0.0385512656611	
0.66	-0.0410292016166	
0.661	-0.0435099787497	
0.662	-0.0459935924427	
0.663	-0.0484800380446	
0.664	-0.0509693108713	
0.665	-0.0534614062056	
0.666	-0.0559563192967	
0.667	-0.0584540453611	
0.668	-0.0609545795818	
0.669	-0.0634579171087	
0.67	-0.0659640530586	
0.671	-0.0684729825148	
0.672	-0.0709847005279	
0.673	-0.0734992021148	
0.674	-0.0760164822596	
0.675	-0.078536535913	
0.676	-0.0810593579927	
0.677	-0.083584943383	
0.678	-0.0861132869352	
0.679	-0.0886443834673	
0.68	-0.0911782277644	
0.681	-0.093714814578	
0.682	-0.0962541386268	
0.683	-0.0987961945962	
0.684	-0.101340977138	
0.685	-0.103888480873	
0.686	-0.106438700385	
0.687	-0.108991630228	
0.688	-0.111547264921	
0.689	-0.114105598952	
0.69	-0.116666626773	
0.691	-0.119230342804	
0.692	-0.121796741434	
0.693	-0.124365817015	
0.694	-0.12693756387	
0.695	-0.129511976285	
0.696	-0.132089048516	
0.697	-0.134668774785	
0.698	-0.137251149279	
0.699	-0.139836166155	
0.7	-0.142423819535	
0.701	-0.145014103508	
0.702	-0.147607012131	
0.703	-0.150202539426	
0.704	-0.152800679386	
0.705	-0.155401425965	
0.706	-0.15800477309	
0.707	-0.16061071465	
0.708	-0.163219244504	
0.709	-0.165830356478	
0.71	-0.168444044363	
0.711	-0.171060301919	
0.712	-0.173679122872	
0.713	-0.176300500915	
0.714	-0.178924429709	
0.715	-0.18155090288	
0.716	-0.184179914024	
0.717	-0.186811456703	
0.718	-0.189445524443	
0.719	-0.192082110742	
0.72	-0.194721209063	
0.721	-0.197362812834	
0.722	-0.200006915453	
0.723	-0.202653510285	
0.724	-0.20530259066	
0.725	-0.207954149878	
0.726	-0.210608181204	
0.727	-0.21326467787	
0.728	-0.215923633077	
0.729	-0.218585039993	
0.73	-0.221248891751	
0.731	-0.223915181454	
0.732	-0.22658390217	
0.733	-0.229255046936	
0.734	-0.231928608755	
0.735	-0.234604580598	
0.736	-0.237282955403	
0.737	-0.239963726076	
0.738	-0.242646885489	
0.739	-0.245332426483	
0.74	-0.248020341864	
0.741	-0.250710624409	
0.742	-0.253403266858	
0.743	-0.256098261922	
0.744	-0.258795602278	
0.745	-0.26149528057	
0.746	-0.26419728941	
0.747	-0.266901621377	
0.748	-0.269608269019	
0.749	-0.272317224849	
0.75	-0.27502848135	
0.751	-0.27774203097	
0.752	-0.280457866128	
0.753	-0.283175979206	
0.754	-0.285896362558	
0.755	-0.288619008503	
0.756	-0.291343909328	
0.757	-0.294071057289	
0.758	-0.296800444607	
0.759	-0.299532063473	
0.76	-0.302265906045	
0.761	-0.305001964448	
0.762	-0.307740230776	
0.763	-0.310480697089	
0.764	-0.313223355418	
0.765	-0.315968197757	
0.766	-0.318715216072	
0.767	-0.321464402294	
0.768	-0.324215748324	
0.769	-0.32696924603	
0.77	-0.329724887247	
0.771	-0.332482663778	
0.772	-0.335242567397	
0.773	-0.338004589841	
0.774	-0.340768722818	
0.775	-0.343534958004	
0.776	-0.346303287043	
0.777	-0.349073701544	
0.778	-0.351846193089	
0.779	-0.354620753225	
0.78	-0.357397373466	
0.781	-0.360176045297	
0.782	-0.36295676017	
0.783	-0.365739509505	
0.784	-0.368524284689	
0.785	-0.371311077079	
0.786	-0.374099878	
0.787	-0.376890678745	
0.788	-0.379683470573	
0.789	-0.382478244716	
0.79	-0.38527499237	
0.791	-0.388073704701	
0.792	-0.390874372845	
0.793	-0.393676987902	
0.794	-0.396481540946	
0.795	-0.399288023014	
0.796	-0.402096425116	
0.797	-0.404906738227	
0.798	-0.407718953293	
0.799	-0.410533061227	
0.8	-0.413349052911	
0.801	-0.416166919197	
0.802	-0.418986650902	
0.803	-0.421808238815	
0.804	-0.424631673694	
0.805	-0.427456946262	
0.806	-0.430284047214	
0.807	-0.433112967212	
0.808	-0.435943696889	
0.809	-0.438776226844	
0.81	-0.441610547646	
0.811	-0.444446649833	
0.812	-0.447284523913	
0.813	-0.450124160361	
0.814	-0.452965549621	
0.815	-0.455808682107	
0.816	-0.458653548201	
0.817	-0.461500138257	
0.818	-0.464348442593	
0.819	-0.467198451499	
0.82	-0.470050155236	
0.821	-0.47290354403	
0.822	-0.475758608078	
0.823	-0.478615337548	
0.824	-0.481473722574	
0.825	-0.484333753262	
0.826	-0.487195419685	
0.827	-0.490058711887	
0.828	-0.49292361988	
0.829	-0.495790133648	
0.83	-0.498658243141	
0.831	-0.50152793828	
0.832	-0.504399208956	
0.833	-0.507272045028	
0.834	-0.510146436327	
0.835	-0.513022372651	
0.836	-0.515899843769	
0.837	-0.518778839419	
0.838	-0.52165934931	
0.839	-0.524541363118	
0.84	-0.527424870491	
0.841	-0.530309861047	
0.842	-0.533196324372	
0.843	-0.536084250023	
0.844	-0.538973627527	
0.845	-0.541864446379	
0.846	-0.544756696047	
0.847	-0.547650365968	
0.848	-0.550545445546	
0.849	-0.553441924159	
0.85	-0.556339791154	
0.851	-0.559239035847	
0.852	-0.562139647524	
0.853	-0.565041615443	
0.854	-0.567944928831	
0.855	-0.570849576884	
0.856	-0.573755548772	
0.857	-0.576662833631	
0.858	-0.57957142057	
0.859	-0.582481298668	
0.86	-0.585392456974	
0.861	-0.588304884508	
0.862	-0.591218570259	
0.863	-0.594133503188	
0.864	-0.597049672227	
0.865	-0.599967066277	
0.866	-0.60288567421	
0.867	-0.605805484871	
0.868	-0.608726487073	
0.869	-0.611648669599	
0.87	-0.614572021207	
0.871	-0.617496530622	
0.872	-0.620422186541	
0.873	-0.623348977633	
0.874	-0.626276892536	
0.875	-0.629205919861	
0.876	-0.632136048188	
0.877	-0.63506726607	
0.878	-0.637999562029	
0.879	-0.640932924562	
0.88	-0.643867342132	
0.881	-0.646802803177	
0.882	-0.649739296105	
0.883	-0.652676809295	
0.884	-0.655615331099	
0.885	-0.658554849838	
0.886	-0.661495353806	
0.887	-0.664436831269	
0.888	-0.667379270462	
0.889	-0.670322659594	
0.89	-0.673266986845	
0.891	-0.676212240366	
0.892	-0.679158408281	
0.893	-0.682105478685	
0.894	-0.685053439643	
0.895	-0.688002279195	
0.896	-0.690951985351	
0.897	-0.693902546093	
0.898	-0.696853949375	
0.899	-0.699806183124	
0.9	-0.702759235238	
0.901	-0.705713093587	
0.902	-0.708667746014	
0.903	-0.711623180333	
0.904	-0.714579384331	
0.905	-0.717536345768	
0.906	-0.720494052374	
0.907	-0.723452491853	
0.908	-0.726411651882	
0.909	-0.729371520109	
0.91	-0.732332084155	
0.911	-0.735293331613	
0.912	-0.738255250051	
0.913	-0.741217827007	
0.914	-0.744181049991	
0.915	-0.74714490649	
0.916	-0.750109383958	
0.917	-0.753074469827	
0.918	-0.756040151498	
0.919	-0.759006416348	
0.92	-0.761973251724	
0.921	-0.764940644948	
0.922	-0.767908583315	
0.923	-0.770877054093	
0.924	-0.773846044522	
0.925	-0.776815541815	
0.926	-0.779785533161	
0.927	-0.782756005719	
0.928	-0.785726946624	
0.929	-0.788698342982	
0.93	-0.791670181875	
0.931	-0.794642450356	
0.932	-0.797615135453	
0.933	-0.800588224168	
0.934	-0.803561703474	
0.935	-0.806535560321	
0.936	-0.809509781631	
0.937	-0.812484354299	
0.938	-0.815459265197	
0.939	-0.818434501167	
0.94	-0.821410049027	
0.941	-0.824385895569	
0.942	-0.827362027559	
0.943	-0.830338431736	
0.944	-0.833315094815	
0.945	-0.836292003483	
0.946	-0.839269144403	
0.947	-0.842246504212	
0.948	-0.84522406952	
0.949	-0.848201826913	
0.95	-0.851179762952	
0.951	-0.854157864169	
0.952	-0.857136117075	
0.953	-0.860114508152	
0.954	-0.863093023859	
0.955	-0.866071650629	
0.956	-0.86905037487	
0.957	-0.872029182963	
0.958	-0.875008061267	
0.959	-0.877986996114	
0.96	-0.880965973811	
0.961	-0.883944980641	
0.962	-0.88692400286	
0.963	-0.889903026702	
0.964	-0.892882038374	
0.965	-0.895861024059	
0.966	-0.898839969916	
0.967	-0.901818862079	
0.968	-0.904797686656	
0.969	-0.907776429732	
0.97	-0.910755077369	
0.971	-0.9137336156	
0.972	-0.916712030438	
0.973	-0.91969030787	
0.974	-0.922668433858	
0.975	-0.925646394343	
0.976	-0.928624175237	
0.977	-0.931601762432	
0.978	-0.934579141794	
0.979	-0.937556299166	
0.98	-0.940533220366	
0.981	-0.94350989119	
0.982	-0.946486297407	
0.983	-0.949462424767	
0.984	-0.952438258992	
0.985	-0.955413785782	
0.986	-0.958388990814	
0.987	-0.961363859742	
0.988	-0.964338378194	
0.989	-0.967312531776	
0.99	-0.970286306073	
0.991	-0.973259686643	
0.992	-0.976232659023	
0.993	-0.979205208727	
0.994	-0.982177321244	
0.995	-0.985148982042	
0.996	-0.988120176566	
0.997	-0.991090890236	
0.998	-0.994061108452	
0.999	-0.997030816589	
1.0	-1.0	
