0.0	1.0	
0.001	0.998991981072	
0.002	0.997985567345	
0.003	0.996979743114	
0.004	0.995974285292	
0.005	0.994969082986	
0.006	0.993964066997	
0.007	0.992959188394	
0.008	0.99195440966	
0.009	0.990949700357	
0.01	0.989945034741	
0.011	0.988940390342	
0.012	0.987935747067	
0.013	0.986931086603	
0.014	0.985926392004	
0.015	0.984921647396	
0.016	0.983916837766	
0.017	0.982911948798	
0.018	0.981906966748	
0.019	0.980901878356	
0.02	0.979896670761	
0.021	0.978891331448	
0.022	0.977885848195	
0.023	0.976880209036	
0.024	0.975874402226	
0.025	0.974868416215	
0.026	0.973862239624	
0.027	0.972855861225	
0.028	0.971849269929	
0.029	0.970842454764	
0.03	0.96983540487	
0.031	0.968828109483	
0.032	0.967820557931	
0.033	0.966812739621	
0.034	0.965804644035	
0.035	0.964796260724	
0.036	0.9637875793	
0.037	0.962778589434	
0.038	0.961769280847	
0.039	0.960759643315	
0.04	0.959749666654	
0.041	0.958739340727	
0.042	0.957728655435	
0.043	0.956717600717	
0.044	0.955706166547	
0.045	0.954694342932	
0.046	0.953682119911	
0.047	0.952669487552	
0.048	0.951656435949	
0.049	0.950642955226	
0.05	0.94962903553	
0.051	0.948614667032	
0.052	0.947599839927	
0.053	0.946584544431	
0.054	0.945568770782	
0.055	0.944552509236	
0.056	0.94353575007	
0.057	0.94251848358	
0.058	0.94150070008	
0.059	0.940482389898	
0.06	0.939463543384	
0.061	0.938444150901	
0.062	0.937424202828	
0.063	0.93640368956	
0.064	0.935382601507	
0.065	0.934360929093	
0.066	0.933338662756	
0.067	0.932315792948	
0.068	0.931292310136	
0.069	0.930268204797	
0.07	0.929243467424	
0.071	0.928218088523	
0.072	0.927192058608	
0.073	0.926165368211	
0.074	0.925138007872	
0.075	0.924109968146	
0.076	0.923081239597	
0.077	0.922051812802	
0.078	0.921021678349	
0.079	0.919990826837	
0.08	0.918959248879	
0.081	0.917926935095	
0.082	0.916893876118	
0.083	0.915860062592	
0.084	0.914825485171	
0.085	0.913790134522	
0.086	0.912754001319	
0.087	0.911717076249	
0.088	0.91067935001	
0.089	0.909640813309	
0.09	0.908601456864	
0.091	0.907561271403	
0.092	0.906520247666	
0.093	0.905478376401	
0.094	0.904435648367	
0.095	0.903392054336	
0.096	0.902347585086	
0.097	0.901302231408	
0.098	0.900255984103	
0.099	0.899208833981	
0.1	0.898160771863	
0.101	0.897111788581	
0.102	0.896061874975	
0.103	0.895011021899	
0.104	0.893959220214	
0.105	0.892906460791	
0.106	0.891852734514	
0.107	0.890798032276	
0.108	0.889742344979	
0.109	0.888685663538	
0.11	0.887627978875	
0.111	0.886569281925	
0.112	0.885509563633	
0.113	0.884448814954	
0.114	0.883387026853	
0.115	0.882324190306	
0.116	0.881260296299	
0.117	0.88019533583	
0.118	0.879129299907	
0.119	0.878062179546	
0.12	0.876993965778	
0.121	0.875924649641	
0.122	0.874854222187	
0.123	0.873782674475	
0.124	0.872709997579	
0.125	0.87163618258	
0.126	0.870561220572	
0.127	0.86948510266	
0.128	0.868407819959	
0.129	0.867329363595	
0.13	0.866249724708	
0.131	0.865168894444	
0.132	0.864086863964	
0.133	0.863003624439	
0.134	0.861919167052	
0.135	0.860833482996	
0.136	0.859746563476	
0.137	0.85865839971	
0.138	0.857568982924	
0.139	0.856478304358	
0.14	0.855386355264	
0.141	0.854293126904	
0.142	0.853198610552	
0.143	0.852102797495	
0.144	0.851005679031	
0.145	0.849907246469	
0.146	0.848807491131	
0.147	0.847706404351	
0.148	0.846603977475	
0.149	0.84550020186	
0.15	0.844395068876	
0.151	0.843288569905	
0.152	0.842180696342	
0.153	0.841071439593	
0.154	0.839960791077	
0.155	0.838848742226	
0.156	0.837735284484	
0.157	0.836620409306	
0.158	0.835504108163	
0.159	0.834386372536	
0.16	0.833267193919	
0.161	0.83214656382	
0.162	0.831024473759	
0.163	0.829900915269	
0.164	0.828775879895	
0.165	0.827649359197	
0.166	0.826521344747	
0.167	0.82539182813	
0.168	0.824260800945	
0.169	0.823128254803	
0.17	0.82199418133	
0.171	0.820858572164	
0.172	0.819721418957	
0.173	0.818582713374	
0.174	0.817442447094	
0.175	0.816300611811	
0.176	0.815157199231	
0.177	0.814012201074	
0.178	0.812865609073	
0.179	0.811717414978	
0.18	0.810567610549	
0.181	0.809416187564	
0.182	0.808263137811	
0.183	0.807108453096	
0.184	0.805952125236	
0.185	0.804794146065	
0.186	0.80363450743	
0.187	0.802473201191	
0.188	0.801310219226	
0.189	0.800145553424	
0.19	0.798979195691	
0.191	0.797811137946	
0.192	0.796641372125	
0.193	0.795469890176	
0.194	0.794296684064	
0.195	0.793121745768	
0.196	0.791945067281	
0.197	0.790766640614	
0.198	0.789586457791	
0.199	0.78840451085	
0.2	0.787220791848	
0.201	0.786035292853	
0.202	0.784848005952	
0.203	0.783658923245	
0.204	0.782468036849	
0.205	0.781275338896	
0.206	0.780080821533	
0.207	0.778884476924	
0.208	0.777686297248	
0.209	0.776486274699	
0.21	0.77528440149	
0.211	0.774080669845	
0.212	0.772875072009	
0.213	0.77166760024	
0.214	0.770458246814	
0.215	0.769247004021	
0.216	0.768033864169	
0.217	0.766818819583	
0.218	0.765601862602	
0.219	0.764382985583	
0.22	0.7631621809	
0.221	0.761939440943	
0.222	0.760714758118	
0.223	0.759488124849	
0.224	0.758259533576	
0.225	0.757028976756	
0.226	0.755796446863	
0.227	0.754561936387	
0.228	0.753325437838	
0.229	0.752086943741	
0.23	0.750846446636	
0.231	0.749603939085	
0.232	0.748359413664	
0.233	0.747112862967	
0.234	0.745864279607	
0.235	0.744613656211	
0.236	0.743360985428	
0.237	0.742106259922	
0.238	0.740849472374	
0.239	0.739590615485	
0.24	0.738329681973	
0.241	0.737066664572	
0.242	0.735801556037	
0.243	0.73453434914	
0.244	0.733265036669	
0.245	0.731993611433	
0.246	0.730720066258	
0.247	0.729444393987	
0.248	0.728166587485	
0.249	0.726886639631	
0.25	0.725604543325	
0.251	0.724320291485	
0.252	0.723033877048	
0.253	0.721745292969	
0.254	0.720454532222	
0.255	0.7191615878	
0.256	0.717866452714	
0.257	0.716569119994	
0.258	0.715269582691	
0.259	0.713967833872	
0.26	0.712663866625	
0.261	0.711357674057	
0.262	0.710049249293	
0.263	0.708738585479	
0.264	0.70742567578	
0.265	0.706110513379	
0.266	0.704793091479	
0.267	0.703473403303	
0.268	0.702151442095	
0.269	0.700827201115	
0.27	0.699500673646	
0.271	0.698171852989	
0.272	0.696840732467	
0.273	0.695507305419	
0.274	0.694171565207	
0.275	0.692833505213	
0.276	0.691493118838	
0.277	0.690150399504	
0.278	0.688805340651	
0.279	0.687457935742	
0.28	0.68610817826	
0.281	0.684756061706	
0.282	0.683401579605	
0.283	0.682044725499	
0.284	0.680685492952	
0.285	0.67932387555	
0.286	0.677959866898	
0.287	0.676593460621	
0.288	0.675224650368	
0.289	0.673853429806	
0.29	0.672479792623	
0.291	0.671103732529	
0.292	0.669725243255	
0.293	0.668344318554	
0.294	0.666960952197	
0.295	0.66557513798	
0.296	0.664186869718	
0.297	0.662796141247	
0.298	0.661402946426	
0.299	0.660007279135	
0.3	0.658609133276	
0.301	0.65720850277	
0.302	0.655805381562	
0.303	0.654399763619	
0.304	0.652991642928	
0.305	0.651581013499	
0.306	0.650167869364	
0.307	0.648752204576	
0.308	0.647334013211	
0.309	0.645913289366	
0.31	0.644490027161	
0.311	0.643064220737	
0.312	0.64163586426	
0.313	0.640204951914	
0.314	0.638771477909	
0.315	0.637335436475	
0.316	0.635896821866	
0.317	0.634455628359	
0.318	0.633011850251	
0.319	0.631565481863	
0.32	0.63011651754	
0.321	0.628664951648	
0.322	0.627210778576	
0.323	0.625753992736	
0.324	0.624294588564	
0.325	0.622832560518	
0.326	0.621367903078	
0.327	0.619900610749	
0.328	0.618430678057	
0.329	0.616958099554	
0.33	0.615482869813	
0.331	0.61400498343	
0.332	0.612524435027	
0.333	0.611041219247	
0.334	0.609555330756	
0.335	0.608066764246	
0.336	0.606575514431	
0.337	0.605081576049	
0.338	0.603584943861	
0.339	0.602085612652	
0.34	0.600583577232	
0.341	0.599078832433	
0.342	0.597571373113	
0.343	0.596061194151	
0.344	0.594548290453	
0.345	0.593032656948	
0.346	0.591514288588	
0.347	0.58999318035	
0.348	0.588469327236	
0.349	0.586942724271	
0.35	0.585413366506	
0.351	0.583881249014	
0.352	0.582346366895	
0.353	0.580808715271	
0.354	0.579268289289	
0.355	0.577725084124	
0.356	0.576179094971	
0.357	0.574630317052	
0.358	0.573078745614	
0.359	0.571524375927	
0.36	0.569967203288	
0.361	0.568407223019	
0.362	0.566844430464	
0.363	0.565278820994	
0.364	0.563710390007	
0.365	0.562139132922	
0.366	0.560565045187	
0.367	0.558988122272	
0.368	0.557408359675	
0.369	0.555825752918	
0.37	0.554240297547	
0.371	0.552651989137	
0.372	0.551060823285	
0.373	0.549466795614	
0.374	0.547869901776	
0.375	0.546270137444	
0.376	0.54466749832	
0.377	0.54306198013	
0.378	0.541453578626	
0.379	0.539842289586	
0.38	0.538228108814	
0.381	0.53661103214	
0.382	0.53499105542	
0.383	0.533368174535	
0.384	0.531742385394	
0.385	0.530113683931	
0.386	0.528482066105	
0.387	0.526847527904	
0.388	0.525210065339	
0.389	0.52356967445	
0.39	0.521926351303	
0.391	0.520280091988	
0.392	0.518630892624	
0.393	0.516978749356	
0.394	0.515323658355	
0.395	0.513665615819	
0.396	0.512004617972	
0.397	0.510340661066	
0.398	0.508673741378	
0.399	0.507003855214	
0.4	0.505330998904	
0.401	0.503655168807	
0.402	0.501976361309	
0.403	0.500294572822	
0.404	0.498609799785	
0.405	0.496922038665	
0.406	0.495231285955	
0.407	0.493537538176	
0.408	0.491840791876	
0.409	0.490141043629	
0.41	0.488438290039	
0.411	0.486732527736	
0.412	0.485023753375	
0.413	0.483311963643	
0.414	0.48159715525	
0.415	0.479879324937	
0.416	0.478158469471	
0.417	0.476434585647	
0.418	0.474707670286	
0.419	0.47297772024	
0.42	0.471244732385	
0.421	0.469508703628	
0.422	0.467769630902	
0.423	0.466027511169	
0.424	0.464282341417	
0.425	0.462534118665	
0.426	0.460782839956	
0.427	0.459028502365	
0.428	0.457271102993	
0.429	0.455510638969	
0.43	0.453747107451	
0.431	0.451980505626	
0.432	0.450210830706	
0.433	0.448438079934	
0.434	0.446662250582	
0.435	0.444883339949	
0.436	0.443101345361	
0.437	0.441316264176	
0.438	0.439528093777	
0.439	0.437736831579	
0.44	0.435942475022	
0.441	0.434145021577	
0.442	0.432344468743	
0.443	0.430540814047	
0.444	0.428734055047	
0.445	0.426924189328	
0.446	0.425111214503	
0.447	0.423295128216	
0.448	0.421475928138	
0.449	0.419653611971	
0.45	0.417828177445	
0.451	0.415999622317	
0.452	0.414167944377	
0.453	0.412333141441	
0.454	0.410495211356	
0.455	0.408654151997	
0.456	0.406809961268	
0.457	0.404962637104	
0.458	0.403112177468	
0.459	0.401258580352	
0.46	0.399401843778	
0.461	0.397541965798	
0.462	0.395678944493	
0.463	0.393812777972	
0.464	0.391943464376	
0.465	0.390071001875	
0.466	0.388195388666	
0.467	0.386316622979	
0.468	0.384434703073	
0.469	0.382549627234	
0.47	0.380661393782	
0.471	0.378770001063	
0.472	0.376875447455	
0.473	0.374977731366	
0.474	0.373076851232	
0.475	0.371172805521	
0.476	0.36926559273	
0.477	0.367355211386	
0.478	0.365441660045	
0.479	0.363524937296	
0.48	0.361605041755	
0.481	0.359681972071	
0.482	0.35775572692	
0.483	0.35582630501	
0.484	0.35389370508	
0.485	0.351957925897	
0.486	0.350018966262	
0.487	0.348076825001	
0.488	0.346131500976	
0.489	0.344182993076	
0.49	0.342231300221	
0.491	0.340276421361	
0.492	0.338318355479	
0.493	0.336357101586	
0.494	0.334392658724	
0.495	0.332425025966	
0.496	0.330454202417	
0.497	0.328480187209	
0.498	0.326502979509	
0.499	0.324522578512	
0.5	0.322538983445	
0.501	0.320552193564	
0.502	0.318562208159	
0.503	0.316569026548	
0.504	0.314572648081	
0.505	0.312573072139	
0.506	0.310570298133	
0.507	0.308564325508	
0.508	0.306555153735	
0.509	0.304542782321	
0.51	0.302527210801	
0.511	0.300508438742	
0.512	0.298486465743	
0.513	0.296461291433	
0.514	0.294432915472	
0.515	0.292401337552	
0.516	0.290366557396	
0.517	0.288328574758	
0.518	0.286287389425	
0.519	0.284243001212	
0.52	0.282195409969	
0.521	0.280144615575	
0.522	0.278090617941	
0.523	0.27603341701	
0.524	0.273973012755	
0.525	0.271909405183	
0.526	0.269842594331	
0.527	0.267772580267	
0.528	0.265699363091	
0.529	0.263622942936	
0.53	0.261543319964	
0.531	0.259460494371	
0.532	0.257374466385	
0.533	0.255285236262	
0.534	0.253192804295	
0.535	0.251097170804	
0.536	0.248998336144	
0.537	0.246896300701	
0.538	0.244791064891	
0.539	0.242682629166	
0.54	0.240570994004	
0.541	0.238456159921	
0.542	0.236338127462	
0.543	0.234216897202	
0.544	0.232092469753	
0.545	0.229964845753	
0.546	0.227834025878	
0.547	0.225700010833	
0.548	0.223562801353	
0.549	0.22142239821	
0.55	0.219278802205	
0.551	0.21713201417	
0.552	0.214982034974	
0.553	0.212828865513	
0.554	0.210672506717	
0.555	0.208512959551	
0.556	0.206350225008	
0.557	0.204184304115	
0.558	0.202015197933	
0.559	0.199842907552	
0.56	0.197667434098	
0.561	0.195488778726	
0.562	0.193306942626	
0.563	0.191121927019	
0.564	0.188933733158	
0.565	0.186742362331	
0.566	0.184547815856	
0.567	0.182350095084	
0.568	0.180149201398	
0.569	0.177945136216	
0.57	0.175737900986	
0.571	0.173527497189	
0.572	0.17131392634	
0.573	0.169097189984	
0.574	0.166877289703	
0.575	0.164654227106	
0.576	0.16242800384	
0.577	0.160198621581	
0.578	0.15796608204	
0.579	0.155730386958	
0.58	0.153491538112	
0.581	0.15124953731	
0.582	0.149004386392	
0.583	0.146756087234	
0.584	0.14450464174	
0.585	0.142250051851	
0.586	0.139992319539	
0.587	0.13773144681	
0.588	0.135467435701	
0.589	0.133200288282	
0.59	0.130930006659	
0.591	0.128656592968	
0.592	0.126380049378	
0.593	0.124100378093	
0.594	0.121817581347	
0.595	0.11953166141	
0.596	0.117242620583	
0.597	0.114950461201	
0.598	0.112655185631	
0.599	0.110356796275	
0.6	0.108055295565	
0.601	0.10575068597	
0.602	0.103442969989	
0.603	0.101132150154	
0.604	0.0988182290329	
0.605	0.0965012092241	
0.606	0.0941810933601	
0.607	0.0918578841067	
0.608	0.0895315841625	
0.609	0.0872021962596	
0.61	0.0848697231631	
0.611	0.0825341676712	
0.612	0.0801955326156	
0.613	0.0778538208611	
0.614	0.0755090353056	
0.615	0.0731611788806	
0.616	0.0708102545504	
0.617	0.0684562653128	
0.618	0.0660992141991	
0.619	0.0637391042736	
0.62	0.0613759386339	
0.621	0.059009720411	
0.622	0.0566404527694	
0.623	0.0542681389065	
0.624	0.0518927820536	
0.625	0.0495143854748	
0.626	0.0471329524679	
0.627	0.0447484863641	
0.628	0.0423609905278	
0.629	0.0399704683567	
0.63	0.0375769232823	
0.631	0.0351803587692	
0.632	0.0327807783154	
0.633	0.0303781854524	
0.634	0.0279725837453	
0.635	0.0255639767922	
0.636	0.0231523682252	
0.637	0.0207377617094	
0.638	0.0183201609435	
0.639	0.0158995696598	
0.64	0.0134759916239	
0.641	0.011049430635	
0.642	0.00861989052569	
0.643	0.00618737516212	
0.644	0.00375188844389	
0.645	0.00131343430415	
0.646	-0.00112798329047	
0.647	-0.00357236033982	
0.648	-0.00601969281023	
0.649	-0.00846997663448	
0.65	-0.0109232077119	
0.651	-0.0133793819081	
0.652	-0.0158384950554	
0.653	-0.0183005429525	
0.654	-0.0207655213643	
0.655	-0.0232334260226	
0.656	-0.0257042526252	
0.657	-0.0281779968367	
0.658	-0.0306546542879	
0.659	-0.0331342205761	
0.66	-0.035616691265	
0.661	-0.038102061885	
0.662	-0.0405903279324	
0.663	-0.0430814848705	
0.664	-0.0455755281286	
0.665	-0.0480724531026	
0.666	-0.0505722551549	
0.667	-0.053074929614	
0.668	-0.0555804717752	
0.669	-0.0580888768999	
0.67	-0.0606001402162	
0.671	-0.0631142569184	
0.672	-0.0656312221672	
0.673	-0.0681510310899	
0.674	-0.07067367878	
0.675	-0.0731991602976	
0.676	-0.0757274706691	
0.677	-0.0782586048873	
0.678	-0.0807925579114	
0.679	-0.0833293246671	
0.68	-0.0858689000465	
0.681	-0.0884112789081	
0.682	-0.0909564560768	
0.683	-0.0935044263438	
0.684	-0.0960551844669	
0.685	-0.0986087251703	
0.686	-0.101165043145	
0.687	-0.103724133047	
0.688	-0.1062859895	
0.689	-0.108850607095	
0.69	-0.111417980387	
0.691	-0.113988103899	
0.692	-0.11656097212	
0.693	-0.119136579507	
0.694	-0.12171492048	
0.695	-0.124295989429	
0.696	-0.126879780708	
0.697	-0.12946628864	
0.698	-0.132055507511	
0.699	-0.134647431576	
0.7	-0.137242055056	
0.701	-0.139839372138	
0.702	-0.142439376976	
0.703	-0.14504206369	
0.704	-0.147647426368	
0.705	-0.150255459061	
0.706	-0.152866155791	
0.707	-0.155479510543	
0.708	-0.15809551727	
0.709	-0.160714169891	
0.71	-0.163335462292	
0.711	-0.165959388326	
0.712	-0.168585941811	
0.713	-0.171215116533	
0.714	-0.173846906243	
0.715	-0.176481304662	
0.716	-0.179118305472	
0.717	-0.181757902327	
0.718	-0.184400088845	
0.719	-0.18704485861	
0.72	-0.189692205174	
0.721	-0.192342122055	
0.722	-0.194994602739	
0.723	-0.197649640675	
0.724	-0.200307229283	
0.725	-0.202967361946	
0.726	-0.205630032017	
0.727	-0.208295232813	
0.728	-0.21096295762	
0.729	-0.213633199687	
0.73	-0.216305952234	
0.731	-0.218981208446	
0.732	-0.221658961473	
0.733	-0.224339204434	
0.734	-0.227021930414	
0.735	-0.229707132465	
0.736	-0.232394803605	
0.737	-0.235084936819	
0.738	-0.23777752506	
0.739	-0.240472561247	
0.74	-0.243170038265	
0.741	-0.245869948966	
0.742	-0.248572286171	
0.743	-0.251277042665	
0.744	-0.253984211202	
0.745	-0.256693784501	
0.746	-0.259405755249	
0.747	-0.2621201161	
0.748	-0.264836859676	
0.749	-0.267555978562	
0.75	-0.270277465315	
0.751	-0.273001312455	
0.752	-0.275727512472	
0.753	-0.27845605782	
0.754	-0.281186940922	
0.755	-0.283920154168	
0.756	-0.286655689915	
0.757	-0.289393540485	
0.758	-0.292133698171	
0.759	-0.294876155229	
0.76	-0.297620903884	
0.761	-0.300367936329	
0.762	-0.303117244723	
0.763	-0.305868821192	
0.764	-0.30862265783	
0.765	-0.311378746698	
0.766	-0.314137079822	
0.767	-0.316897649199	
0.768	-0.319660446791	
0.769	-0.322425464527	
0.77	-0.325192694305	
0.771	-0.327962127988	
0.772	-0.330733757409	
0.773	-0.333507574365	
0.774	-0.336283570624	
0.775	-0.339061737918	
0.776	-0.341842067949	
0.777	-0.344624552386	
0.778	-0.347409182863	
0.779	-0.350195950985	
0.78	-0.352984848322	
0.781	-0.355775866412	
0.782	-0.358568996761	
0.783	-0.361364230842	
0.784	-0.364161560096	
0.785	-0.366960975932	
0.786	-0.369762469725	
0.787	-0.372566032819	
0.788	-0.375371656526	
0.789	-0.378179332124	
0.79	-0.38098905086	
0.791	-0.383800803948	
0.792	-0.386614582571	
0.793	-0.389430377877	
0.794	-0.392248180985	
0.795	-0.395067982979	
0.796	-0.397889774914	
0.797	-0.40071354781	
0.798	-0.403539292656	
0.799	-0.406367000408	
0.8	-0.409196661992	
0.801	-0.4120282683	
0.802	-0.414861810192	
0.803	-0.417697278498	
0.804	-0.420534664013	
0.805	-0.423373957502	
0.806	-0.426215149699	
0.807	-0.429058231303	
0.808	-0.431903192984	
0.809	-0.434750025378	
0.81	-0.437598719091	
0.811	-0.440449264696	
0.812	-0.443301652735	
0.813	-0.446155873718	
0.814	-0.449011918122	
0.815	-0.451869776394	
0.816	-0.454729438949	
0.817	-0.457590896169	
0.818	-0.460454138407	
0.819	-0.463319155982	
0.82	-0.466185939182	
0.821	-0.469054478264	
0.822	-0.471924763454	
0.823	-0.474796784944	
0.824	-0.477670532898	
0.825	-0.480545997446	
0.826	-0.483423168687	
0.827	-0.486302036691	
0.828	-0.489182591493	
0.829	-0.492064823098	
0.83	-0.494948721482	
0.831	-0.497834276587	
0.832	-0.500721478325	
0.833	-0.503610316576	
0.834	-0.50650078119	
0.835	-0.509392861985	
0.836	-0.512286548747	
0.837	-0.515181831234	
0.838	-0.51807869917	
0.839	-0.520977142249	
0.84	-0.523877150135	
0.841	-0.526778712459	
0.842	-0.529681818822	
0.843	-0.532586458796	
0.844	-0.535492621919	
0.845	-0.5384002977	
0.846	-0.541309475617	
0.847	-0.544220145118	
0.848	-0.547132295619	
0.849	-0.550045916505	
0.85	-0.552960997132	
0.851	-0.555877526824	
0.852	-0.558795494875	
0.853	-0.561714890549	
0.854	-0.564635703078	
0.855	-0.567557921666	
0.856	-0.570481535483	
0.857	-0.573406533672	
0.858	-0.576332905344	
0.859	-0.57926063958	
0.86	-0.58218972543	
0.861	-0.585120151914	
0.862	-0.588051908023	
0.863	-0.590984982717	
0.864	-0.593919364925	
0.865	-0.596855043548	
0.866	-0.599792007454	
0.867	-0.602730245483	
0.868	-0.605669746445	
0.869	-0.608610499119	
0.87	-0.611552492254	
0.871	-0.614495714571	
0.872	-0.61744015476	
0.873	-0.62038580148	
0.874	-0.623332643361	
0.875	-0.626280669005	
0.876	-0.629229866981	
0.877	-0.632180225831	
0.878	-0.635131734067	
0.879	-0.63808438017	
0.88	-0.641038152594	
0.881	-0.643993039759	
0.882	-0.646949030061	
0.883	-0.649906111862	
0.884	-0.652864273498	
0.885	-0.655823503274	
0.886	-0.658783789465	
0.887	-0.661745120319	
0.888	-0.664707484052	
0.889	-0.667670868852	
0.89	-0.67063526288	
0.891	-0.673600654264	
0.892	-0.676567031106	
0.893	-0.679534381477	
0.894	-0.682502693421	
0.895	-0.68547195495	
0.896	-0.688442154051	
0.897	-0.69141327868	
0.898	-0.694385316763	
0.899	-0.697358256199	
0.9	-0.700332084859	
0.901	-0.703306790583	
0.902	-0.706282361184	
0.903	-0.709258784446	
0.904	-0.712236048123	
0.905	-0.715214139944	
0.906	-0.718193047607	
0.907	-0.72117275878	
0.908	-0.724153261107	
0.909	-0.7271345422	
0.91	-0.730116589644	
0.911	-0.733099390997	
0.912	-0.736082933785	
0.913	-0.73906720551	
0.914	-0.742052193645	
0.915	-0.745037885633	
0.916	-0.74802426889	
0.917	-0.751011330805	
0.918	-0.753999058738	
0.919	-0.756987440021	
0.92	-0.759976461959	
0.921	-0.762966111828	
0.922	-0.765956376879	
0.923	-0.768947244331	
0.924	-0.771938701379	
0.925	-0.774930735189	
0.926	-0.7779233329	
0.927	-0.780916481622	
0.928	-0.783910168439	
0.929	-0.786904380408	
0.93	-0.789899104556	
0.931	-0.792894327886	
0.932	-0.795890037372	
0.933	-0.798886219962	
0.934	-0.801882862574	
0.935	-0.804879952101	
0.936	-0.80787747541	
0.937	-0.810875419339	
0.938	-0.8138737707	
0.939	-0.816872516278	
0.94	-0.81987164283	
0.941	-0.822871137088	
0.942	-0.825870985756	
0.943	-0.828871175511	
0.944	-0.831871693006	
0.945	-0.834872524864	
0.946	-0.837873657682	
0.947	-0.840875078034	
0.948	-0.843876772462	
0.949	-0.846878727486	
0.95	-0.849880929598	
0.951	-0.852883365263	
0.952	-0.855886020922	
0.953	-0.858888882987	
0.954	-0.861891937846	
0.955	-0.86489517186	
0.956	-0.867898571363	
0.957	-0.870902122666	
0.958	-0.873905812051	
0.959	-0.876909625776	
0.96	-0.879913550071	
0.961	-0.882917571144	
0.962	-0.885921675173	
0.963	-0.888925848313	
0.964	-0.891930076692	
0.965	-0.894934346415	
0.966	-0.897938643558	
0.967	-0.900942954173	
0.968	-0.903947264289	
0.969	-0.906951559905	
0.97	-0.909955826998	
0.971	-0.91296005152	
0.972	-0.915964219396	
0.973	-0.918968316527	
0.974	-0.921972328787	
0.975	-0.924976242029	
0.976	-0.927980042078	
0.977	-0.930983714735	
0.978	-0.933987245774	
0.979	-0.936990620949	
0.98	-0.939993825985	
0.981	-0.942996846584	
0.982	-0.945999668424	
0.983	-0.949002277156	
0.984	-0.95200465841	
0.985	-0.95500679779	
0.986	-0.958008680873	
0.987	-0.961010293216	
0.988	-0.96401162035	
0.989	-0.967012647781	
0.99	-0.970013360992	
0.991	-0.97301374544	
0.992	-0.976013786562	
0.993	-0.979013469766	
0.994	-0.98201278044	
0.995	-0.985011703947	
0.996	-0.988010225625	
0.997	-0.991008330789	
0.998	-0.994006004732	
0.999	-0.99700323272	
1.0	-1.0	
