0.0	1.0	
0.001	0.998999998429	
0.002	0.997999987434	
0.003	0.996999957589	
0.004	0.99599989947	
0.005	0.994999803652	
0.006	0.993999660713	
0.007	0.992999461228	
0.008	0.991999195773	
0.009	0.990998854928	
0.01	0.989998429268	
0.011	0.988997909374	
0.012	0.987997285825	
0.013	0.9869965492	
0.014	0.985995690082	
0.015	0.984994699053	
0.016	0.983993566696	
0.017	0.982992283595	
0.018	0.981990840336	
0.019	0.980989227507	
0.02	0.979987435696	
0.021	0.978985455493	
0.022	0.97798327749	
0.023	0.976980892278	
0.024	0.975978290455	
0.025	0.974975462615	
0.026	0.973972399358	
0.027	0.972969091284	
0.028	0.971965528995	
0.029	0.970961703096	
0.03	0.969957604194	
0.031	0.968953222898	
0.032	0.967948549818	
0.033	0.966943575569	
0.034	0.965938290767	
0.035	0.96493268603	
0.036	0.963926751979	
0.037	0.96292047924	
0.038	0.961913858438	
0.039	0.960906880203	
0.04	0.959899535169	
0.041	0.95889181397	
0.042	0.957883707245	
0.043	0.956875205637	
0.044	0.95586629979	
0.045	0.954856980353	
0.046	0.953847237979	
0.047	0.952837063321	
0.048	0.95182644704	
0.049	0.950815379798	
0.05	0.949803852261	
0.051	0.948791855099	
0.052	0.947779378986	
0.053	0.946766414601	
0.054	0.945752952625	
0.055	0.944738983743	
0.056	0.943724498648	
0.057	0.942709488032	
0.058	0.941693942594	
0.059	0.940677853038	
0.06	0.939661210072	
0.061	0.938644004407	
0.062	0.937626226761	
0.063	0.936607867855	
0.064	0.935588918416	
0.065	0.934569369174	
0.066	0.933549210866	
0.067	0.932528434234	
0.068	0.931507030023	
0.069	0.930484988984	
0.07	0.929462301876	
0.071	0.928438959459	
0.072	0.927414952501	
0.073	0.926390271775	
0.074	0.92536490806	
0.075	0.924338852139	
0.076	0.923312094803	
0.077	0.922284626847	
0.078	0.921256439073	
0.079	0.920227522288	
0.08	0.919197867305	
0.081	0.918167464944	
0.082	0.917136306031	
0.083	0.916104381398	
0.084	0.915071681882	
0.085	0.914038198329	
0.086	0.91300392159	
0.087	0.911968842522	
0.088	0.910932951989	
0.089	0.909896240863	
0.09	0.908858700021	
0.091	0.907820320349	
0.092	0.906781092736	
0.093	0.905741008083	
0.094	0.904700057295	
0.095	0.903658231284	
0.096	0.902615520971	
0.097	0.901571917282	
0.098	0.900527411153	
0.099	0.899481993526	
0.1	0.89843565535	
0.101	0.897388387582	
0.102	0.896340181189	
0.103	0.895291027141	
0.104	0.894240916421	
0.105	0.893189840017	
0.106	0.892137788924	
0.107	0.891084754148	
0.108	0.890030726701	
0.109	0.888975697604	
0.11	0.887919657887	
0.111	0.886862598586	
0.112	0.885804510748	
0.113	0.884745385428	
0.114	0.883685213688	
0.115	0.8826239866	
0.116	0.881561695245	
0.117	0.880498330711	
0.118	0.879433884098	
0.119	0.878368346512	
0.12	0.87730170907	
0.121	0.876233962896	
0.122	0.875165099126	
0.123	0.874095108903	
0.124	0.873023983379	
0.125	0.871951713718	
0.126	0.870878291092	
0.127	0.869803706682	
0.128	0.868727951679	
0.129	0.867651017284	
0.13	0.866572894708	
0.131	0.865493575172	
0.132	0.864413049905	
0.133	0.863331310148	
0.134	0.862248347152	
0.135	0.861164152177	
0.136	0.860078716495	
0.137	0.858992031386	
0.138	0.857904088142	
0.139	0.856814878066	
0.14	0.855724392469	
0.141	0.854632622674	
0.142	0.853539560017	
0.143	0.852445195841	
0.144	0.851349521501	
0.145	0.850252528364	
0.146	0.849154207807	
0.147	0.848054551219	
0.148	0.846953549998	
0.149	0.845851195556	
0.15	0.844747479313	
0.151	0.843642392704	
0.152	0.842535927173	
0.153	0.841428074175	
0.154	0.840318825179	
0.155	0.839208171663	
0.156	0.838096105119	
0.157	0.836982617049	
0.158	0.835867698968	
0.159	0.834751342402	
0.16	0.833633538889	
0.161	0.832514279979	
0.162	0.831393557237	
0.163	0.830271362235	
0.164	0.829147686562	
0.165	0.828022521816	
0.166	0.82689585961	
0.167	0.825767691568	
0.168	0.824638009326	
0.169	0.823506804535	
0.17	0.822374068856	
0.171	0.821239793964	
0.172	0.820103971548	
0.173	0.818966593308	
0.174	0.817827650957	
0.175	0.816687136223	
0.176	0.815545040845	
0.177	0.814401356578	
0.178	0.813256075186	
0.179	0.812109188451	
0.18	0.810960688164	
0.181	0.809810566134	
0.182	0.80865881418	
0.183	0.807505424136	
0.184	0.80635038785	
0.185	0.805193697183	
0.186	0.80403534401	
0.187	0.802875320222	
0.188	0.80171361772	
0.189	0.800550228422	
0.19	0.799385144259	
0.191	0.798218357178	
0.192	0.797049859137	
0.193	0.795879642111	
0.194	0.794707698089	
0.195	0.793534019073	
0.196	0.792358597082	
0.197	0.791181424147	
0.198	0.790002492316	
0.199	0.788821793649	
0.2	0.787639320225	
0.201	0.786455064134	
0.202	0.785269017482	
0.203	0.784081172391	
0.204	0.782891520998	
0.205	0.781700055454	
0.206	0.780506767927	
0.207	0.779311650598	
0.208	0.778114695665	
0.209	0.776915895342	
0.21	0.775715241857	
0.211	0.774512727455	
0.212	0.773308344395	
0.213	0.772102084953	
0.214	0.770893941421	
0.215	0.769683906106	
0.216	0.768471971331	
0.217	0.767258129435	
0.218	0.766042372775	
0.219	0.76482469372	
0.22	0.76360508466	
0.221	0.762383537998	
0.222	0.761160046155	
0.223	0.759934601566	
0.224	0.758707196687	
0.225	0.757477823985	
0.226	0.756246475949	
0.227	0.75501314508	
0.228	0.753777823899	
0.229	0.752540504943	
0.23	0.751301180764	
0.231	0.750059843934	
0.232	0.74881648704	
0.233	0.747571102687	
0.234	0.746323683496	
0.235	0.745074222107	
0.236	0.743822711176	
0.237	0.742569143376	
0.238	0.741313511399	
0.239	0.740055807954	
0.24	0.738796025765	
0.241	0.737534157578	
0.242	0.736270196154	
0.243	0.735004134271	
0.244	0.733735964727	
0.245	0.732465680337	
0.246	0.731193273934	
0.247	0.729918738368	
0.248	0.728642066509	
0.249	0.727363251244	
0.25	0.726082285477	
0.251	0.724799162133	
0.252	0.723513874154	
0.253	0.7222264145	
0.254	0.72093677615	
0.255	0.719644952102	
0.256	0.71835093537	
0.257	0.717054718991	
0.258	0.715756296017	
0.259	0.714455659521	
0.26	0.713152802593	
0.261	0.711847718344	
0.262	0.710540399903	
0.263	0.709230840418	
0.264	0.707919033057	
0.265	0.706604971004	
0.266	0.705288647467	
0.267	0.703970055669	
0.268	0.702649188856	
0.269	0.701326040291	
0.27	0.700000603258	
0.271	0.698672871058	
0.272	0.697342837016	
0.273	0.696010494472	
0.274	0.694675836789	
0.275	0.693338857349	
0.276	0.691999549553	
0.277	0.690657906822	
0.278	0.689313922599	
0.279	0.687967590345	
0.28	0.686618903541	
0.281	0.685267855691	
0.282	0.683914440315	
0.283	0.682558650957	
0.284	0.68120048118	
0.285	0.679839924566	
0.286	0.67847697472	
0.287	0.677111625267	
0.288	0.675743869851	
0.289	0.674373702138	
0.29	0.673001115815	
0.291	0.671626104589	
0.292	0.670248662189	
0.293	0.668868782363	
0.294	0.667486458881	
0.295	0.666101685536	
0.296	0.664714456139	
0.297	0.663324764524	
0.298	0.661932604545	
0.299	0.660537970079	
0.3	0.659140855023	
0.301	0.657741253297	
0.302	0.656339158839	
0.303	0.654934565613	
0.304	0.653527467601	
0.305	0.652117858809	
0.306	0.650705733264	
0.307	0.649291085014	
0.308	0.647873908129	
0.309	0.646454196703	
0.31	0.64503194485	
0.311	0.643607146705	
0.312	0.642179796427	
0.313	0.640749888198	
0.314	0.639317416219	
0.315	0.637882374715	
0.316	0.636444757935	
0.317	0.635004560147	
0.318	0.633561775643	
0.319	0.632116398739	
0.32	0.630668423772	
0.321	0.629217845101	
0.322	0.627764657108	
0.323	0.626308854199	
0.324	0.624850430802	
0.325	0.623389381367	
0.326	0.621925700368	
0.327	0.620459382301	
0.328	0.618990421687	
0.329	0.617518813067	
0.33	0.616044551008	
0.331	0.614567630098	
0.332	0.613088044949	
0.333	0.611605790197	
0.334	0.610120860501	
0.335	0.608633250543	
0.336	0.607142955028	
0.337	0.605649968686	
0.338	0.604154286269	
0.339	0.602655902553	
0.34	0.601154812339	
0.341	0.599651010451	
0.342	0.598144491735	
0.343	0.596635251063	
0.344	0.59512328333	
0.345	0.593608583457	
0.346	0.592091146385	
0.347	0.590570967082	
0.348	0.589048040539	
0.349	0.587522361773	
0.35	0.585993925822	
0.351	0.584462727752	
0.352	0.582928762649	
0.353	0.581392025628	
0.354	0.579852511825	
0.355	0.578310216402	
0.356	0.576765134546	
0.357	0.575217261466	
0.358	0.5736665924	
0.359	0.572113122606	
0.36	0.570556847371	
0.361	0.568997762003	
0.362	0.567435861838	
0.363	0.565871142235	
0.364	0.564303598578	
0.365	0.562733226278	
0.366	0.561160020769	
0.367	0.55958397751	
0.368	0.558005091988	
0.369	0.556423359711	
0.37	0.554838776216	
0.371	0.553251337063	
0.372	0.551661037839	
0.373	0.550067874155	
0.374	0.548471841648	
0.375	0.546872935982	
0.376	0.545271152843	
0.377	0.543666487947	
0.378	0.542058937033	
0.379	0.540448495867	
0.38	0.538835160238	
0.381	0.537218925965	
0.382	0.535599788891	
0.383	0.533977744883	
0.384	0.532352789838	
0.385	0.530724919675	
0.386	0.529094130342	
0.387	0.527460417812	
0.388	0.525823778084	
0.389	0.524184207185	
0.39	0.522541701164	
0.391	0.520896256102	
0.392	0.519247868101	
0.393	0.517596533294	
0.394	0.515942247838	
0.395	0.514285007916	
0.396	0.51262480974	
0.397	0.510961649547	
0.398	0.509295523599	
0.399	0.507626428189	
0.4	0.505954359633	
0.401	0.504279314276	
0.402	0.502601288488	
0.403	0.500920278668	
0.404	0.499236281241	
0.405	0.497549292657	
0.406	0.495859309398	
0.407	0.494166327968	
0.408	0.4924703449	
0.409	0.490771356756	
0.41	0.489069360123	
0.411	0.487364351615	
0.412	0.485656327876	
0.413	0.483945285574	
0.414	0.482231221407	
0.415	0.480514132099	
0.416	0.478794014402	
0.417	0.477070865097	
0.418	0.475344680989	
0.419	0.473615458915	
0.42	0.471883195736	
0.421	0.470147888342	
0.422	0.468409533653	
0.423	0.466668128613	
0.424	0.464923670197	
0.425	0.463176155406	
0.426	0.461425581269	
0.427	0.459671944845	
0.428	0.457915243219	
0.429	0.456155473505	
0.43	0.454392632844	
0.431	0.452626718406	
0.432	0.45085772739	
0.433	0.449085657023	
0.434	0.447310504559	
0.435	0.445532267281	
0.436	0.443750942501	
0.437	0.441966527559	
0.438	0.440179019822	
0.439	0.438388416689	
0.44	0.436594715585	
0.441	0.434797913963	
0.442	0.432998009306	
0.443	0.431194999126	
0.444	0.429388880963	
0.445	0.427579652386	
0.446	0.425767310992	
0.447	0.423951854408	
0.448	0.422133280289	
0.449	0.42031158632	
0.45	0.418486770213	
0.451	0.416658829711	
0.452	0.414827762586	
0.453	0.412993566637	
0.454	0.411156239695	
0.455	0.409315779617	
0.456	0.407472184292	
0.457	0.405625451636	
0.458	0.403775579597	
0.459	0.401922566149	
0.46	0.400066409298	
0.461	0.398207107077	
0.462	0.396344657552	
0.463	0.394479058815	
0.464	0.392610308989	
0.465	0.390738406226	
0.466	0.388863348708	
0.467	0.386985134648	
0.468	0.385103762285	
0.469	0.38321922989	
0.47	0.381331535766	
0.471	0.379440678241	
0.472	0.377546655676	
0.473	0.37564946646	
0.474	0.373749109015	
0.475	0.371845581789	
0.476	0.369938883263	
0.477	0.368029011945	
0.478	0.366115966376	
0.479	0.364199745126	
0.48	0.362280346794	
0.481	0.36035777001	
0.482	0.358432013435	
0.483	0.356503075759	
0.484	0.354570955702	
0.485	0.352635652016	
0.486	0.350697163481	
0.487	0.348755488908	
0.488	0.346810627141	
0.489	0.34486257705	
0.49	0.342911337538	
0.491	0.340956907539	
0.492	0.338999286017	
0.493	0.337038471965	
0.494	0.335074464407	
0.495	0.3331072624	
0.496	0.33113686503	
0.497	0.329163271412	
0.498	0.327186480695	
0.499	0.325206492056	
0.5	0.323223304703	
0.501	0.321236917878	
0.502	0.319247330849	
0.503	0.317254542918	
0.504	0.315258553418	
0.505	0.313259361711	
0.506	0.311256967192	
0.507	0.309251369284	
0.508	0.307242567445	
0.509	0.305230561162	
0.51	0.303215349952	
0.511	0.301196933364	
0.512	0.29917531098	
0.513	0.29715048241	
0.514	0.295122447297	
0.515	0.293091205315	
0.516	0.291056756169	
0.517	0.289019099596	
0.518	0.286978235363	
0.519	0.284934163269	
0.52	0.282886883145	
0.521	0.280836394853	
0.522	0.278782698286	
0.523	0.276725793368	
0.524	0.274665680056	
0.525	0.272602358337	
0.526	0.270535828231	
0.527	0.268466089788	
0.528	0.26639314309	
0.529	0.264316988253	
0.53	0.262237625421	
0.531	0.260155054771	
0.532	0.258069276512	
0.533	0.255980290886	
0.534	0.253888098165	
0.535	0.251792698652	
0.536	0.249694092684	
0.537	0.247592280629	
0.538	0.245487262886	
0.539	0.243379039887	
0.54	0.241267612096	
0.541	0.239152980007	
0.542	0.237035144148	
0.543	0.234914105079	
0.544	0.23278986339	
0.545	0.230662419706	
0.546	0.228531774681	
0.547	0.226397929003	
0.548	0.224260883391	
0.549	0.222120638598	
0.55	0.219977195406	
0.551	0.217830554632	
0.552	0.215680717125	
0.553	0.213527683764	
0.554	0.211371455462	
0.555	0.209212033164	
0.556	0.207049417847	
0.557	0.204883610521	
0.558	0.202714612227	
0.559	0.20054242404	
0.56	0.198367047066	
0.561	0.196188482443	
0.562	0.194006731344	
0.563	0.191821794972	
0.564	0.189633674563	
0.565	0.187442371386	
0.566	0.185247886742	
0.567	0.183050221964	
0.568	0.180849378419	
0.569	0.178645357506	
0.57	0.176438160656	
0.571	0.174227789332	
0.572	0.172014245032	
0.573	0.169797529285	
0.574	0.167577643652	
0.575	0.165354589728	
0.576	0.163128369139	
0.577	0.160898983547	
0.578	0.158666434644	
0.579	0.156430724154	
0.58	0.154191853837	
0.581	0.151949825482	
0.582	0.149704640915	
0.583	0.14745630199	
0.584	0.145204810599	
0.585	0.142950168662	
0.586	0.140692378135	
0.587	0.138431441006	
0.588	0.136167359296	
0.589	0.133900135059	
0.59	0.131629770381	
0.591	0.129356267382	
0.592	0.127079628214	
0.593	0.124799855064	
0.594	0.12251695015	
0.595	0.120230915724	
0.596	0.117941754069	
0.597	0.115649467505	
0.598	0.113354058381	
0.599	0.111055529082	
0.6	0.108753882025	
0.601	0.106449119659	
0.602	0.104141244468	
0.603	0.101830258968	
0.604	0.0995161657082	
0.605	0.0971989672715	
0.606	0.0948786662735	
0.607	0.0925552653633	
0.608	0.0902287672229	
0.609	0.0878991745676	
0.61	0.0855664901461	
0.611	0.0832307167402	
0.612	0.0808918571648	
0.613	0.0785499142683	
0.614	0.0762048909323	
0.615	0.0738567900716	
0.616	0.0715056146343	
0.617	0.069151367602	
0.618	0.0667940519893	
0.619	0.0644336708445	
0.62	0.0620702272489	
0.621	0.0597037243172	
0.622	0.0573341651978	
0.623	0.054961553072	
0.624	0.0525858911547	
0.625	0.0502071826943	
0.626	0.0478254309724	
0.627	0.0454406393041	
0.628	0.0430528110379	
0.629	0.0406619495557	
0.63	0.0382680582729	
0.631	0.0358711406383	
0.632	0.0334712001342	
0.633	0.0310682402763	
0.634	0.0286622646137	
0.635	0.0262532767291	
0.636	0.0238412802387	
0.637	0.0214262787922	
0.638	0.0190082760726	
0.639	0.0165872757966	
0.64	0.0141632817144	
0.641	0.0117362976096	
0.642	0.00930632729952	
0.643	0.00687337463483	
0.644	0.00443744349982	
0.645	0.00199853781232	
0.646	-0.000443338476286	
0.647	-0.00288818138107	
0.648	-0.00533598688352	
0.649	-0.00778675093158	
0.65	-0.0102404694396	
0.651	-0.0126971382884	
0.652	-0.0151567533251	
0.653	-0.0176193103634	
0.654	-0.0200848051832	
0.655	-0.0225532335311	
0.656	-0.0250245911198	
0.657	-0.0274988736285	
0.658	-0.0299760767028	
0.659	-0.0324561959549	
0.66	-0.0349392269629	
0.661	-0.0374251652718	
0.662	-0.0399140063926	
0.663	-0.0424057458029	
0.664	-0.0449003789467	
0.665	-0.047397901234	
0.666	-0.0498983080417	
0.667	-0.0524015947127	
0.668	-0.0549077565564	
0.669	-0.0574167888486	
0.67	-0.0599286868313	
0.671	-0.0624434457131	
0.672	-0.0649610606687	
0.673	-0.0674815268394	
0.674	-0.0700048393327	
0.675	-0.0725309932225	
0.676	-0.0750599835492	
0.677	-0.0775918053194	
0.678	-0.0801264535059	
0.679	-0.0826639230483	
0.68	-0.0852042088523	
0.681	-0.0877473057898	
0.682	-0.0902932086995	
0.683	-0.092841912386	
0.684	-0.0953934116205	
0.685	-0.0979477011407	
0.686	-0.10050477565	
0.687	-0.10306462982	
0.688	-0.105627258286	
0.689	-0.108192655651	
0.69	-0.110760816485	
0.691	-0.113331735324	
0.692	-0.11590540667	
0.693	-0.118481824991	
0.694	-0.121060984723	
0.695	-0.123642880266	
0.696	-0.126227505988	
0.697	-0.128814856225	
0.698	-0.131404925275	
0.699	-0.133997707406	
0.7	-0.136593196852	
0.701	-0.139191387812	
0.702	-0.141792274453	
0.703	-0.144395850906	
0.704	-0.147002111272	
0.705	-0.149611049615	
0.706	-0.152222659968	
0.707	-0.154836936329	
0.708	-0.157453872663	
0.709	-0.160073462901	
0.71	-0.162695700941	
0.711	-0.165320580647	
0.712	-0.16794809585	
0.713	-0.170578240347	
0.714	-0.173211007902	
0.715	-0.175846392246	
0.716	-0.178484387074	
0.717	-0.18112498605	
0.718	-0.183768182804	
0.719	-0.186413970933	
0.72	-0.189062343998	
0.721	-0.19171329553	
0.722	-0.194366819025	
0.723	-0.197022907945	
0.724	-0.199681555718	
0.725	-0.202342755742	
0.726	-0.205006501377	
0.727	-0.207672785954	
0.728	-0.210341602768	
0.729	-0.21301294508	
0.73	-0.215686806119	
0.731	-0.218363179081	
0.732	-0.221042057129	
0.733	-0.22372343339	
0.734	-0.22640730096	
0.735	-0.229093652902	
0.736	-0.231782482244	
0.737	-0.234473781982	
0.738	-0.237167545077	
0.739	-0.239863764459	
0.74	-0.242562433025	
0.741	-0.245263543635	
0.742	-0.24796708912	
0.743	-0.250673062275	
0.744	-0.253381455864	
0.745	-0.256092262615	
0.746	-0.258805475227	
0.747	-0.261521086361	
0.748	-0.264239088648	
0.749	-0.266959474686	
0.75	-0.269682237038	
0.751	-0.272407368234	
0.752	-0.275134860774	
0.753	-0.277864707121	
0.754	-0.280596899706	
0.755	-0.28333143093	
0.756	-0.286068293156	
0.757	-0.288807478718	
0.758	-0.291548979916	
0.759	-0.294292789015	
0.76	-0.297038898249	
0.761	-0.299787299819	
0.762	-0.302537985893	
0.763	-0.305290948605	
0.764	-0.308046180057	
0.765	-0.310803672319	
0.766	-0.313563417426	
0.767	-0.316325407381	
0.768	-0.319089634156	
0.769	-0.321856089687	
0.77	-0.324624765879	
0.771	-0.327395654605	
0.772	-0.330168747704	
0.773	-0.332944036982	
0.774	-0.335721514213	
0.775	-0.338501171138	
0.776	-0.341282999467	
0.777	-0.344066990873	
0.778	-0.346853137001	
0.779	-0.349641429462	
0.78	-0.352431859832	
0.781	-0.355224419657	
0.782	-0.358019100451	
0.783	-0.360815893692	
0.784	-0.36361479083	
0.785	-0.366415783278	
0.786	-0.36921886242	
0.787	-0.372024019607	
0.788	-0.374831246154	
0.789	-0.377640533349	
0.79	-0.380451872444	
0.791	-0.38326525466	
0.792	-0.386080671184	
0.793	-0.388898113173	
0.794	-0.391717571751	
0.795	-0.394539038008	
0.796	-0.397362503004	
0.797	-0.400187957766	
0.798	-0.403015393287	
0.799	-0.405844800532	
0.8	-0.408676170429	
0.801	-0.411509493877	
0.802	-0.414344761742	
0.803	-0.417181964858	
0.804	-0.420021094026	
0.805	-0.422862140017	
0.806	-0.425705093568	
0.807	-0.428549945385	
0.808	-0.431396686141	
0.809	-0.43424530648	
0.81	-0.437095797009	
0.811	-0.439948148308	
0.812	-0.442802350923	
0.813	-0.445658395368	
0.814	-0.448516272125	
0.815	-0.451375971645	
0.816	-0.454237484348	
0.817	-0.45710080062	
0.818	-0.459965910817	
0.819	-0.462832805263	
0.82	-0.465701474249	
0.821	-0.468571908037	
0.822	-0.471444096856	
0.823	-0.474318030903	
0.824	-0.477193700343	
0.825	-0.480071095311	
0.826	-0.482950205911	
0.827	-0.485831022213	
0.828	-0.488713534257	
0.829	-0.491597732052	
0.83	-0.494483605576	
0.831	-0.497371144773	
0.832	-0.50026033956	
0.833	-0.503151179818	
0.834	-0.506043655401	
0.835	-0.508937756129	
0.836	-0.511833471791	
0.837	-0.514730792147	
0.838	-0.517629706923	
0.839	-0.520530205817	
0.84	-0.523432278492	
0.841	-0.526335914584	
0.842	-0.529241103696	
0.843	-0.5321478354	
0.844	-0.535056099237	
0.845	-0.537965884718	
0.846	-0.540877181323	
0.847	-0.543789978499	
0.848	-0.546704265666	
0.849	-0.54962003221	
0.85	-0.552537267487	
0.851	-0.555455960824	
0.852	-0.558376101516	
0.853	-0.561297678827	
0.854	-0.56422068199	
0.855	-0.56714510021	
0.856	-0.570070922658	
0.857	-0.572998138478	
0.858	-0.57592673678	
0.859	-0.578856706648	
0.86	-0.58178803713	
0.861	-0.584720717248	
0.862	-0.587654735993	
0.863	-0.590590082324	
0.864	-0.593526745171	
0.865	-0.596464713434	
0.866	-0.599403975982	
0.867	-0.602344521655	
0.868	-0.605286339261	
0.869	-0.608229417579	
0.87	-0.61117374536	
0.871	-0.614119311321	
0.872	-0.617066104152	
0.873	-0.620014112513	
0.874	-0.622963325032	
0.875	-0.625913730309	
0.876	-0.628865316914	
0.877	-0.631818073386	
0.878	-0.634771988237	
0.879	-0.637727049946	
0.88	-0.640683246964	
0.881	-0.643640567713	
0.882	-0.646599000585	
0.883	-0.649558533941	
0.884	-0.652519156115	
0.885	-0.655480855409	
0.886	-0.658443620098	
0.887	-0.661407438425	
0.888	-0.664372298607	
0.889	-0.667338188829	
0.89	-0.670305097247	
0.891	-0.67327301199	
0.892	-0.676241921155	
0.893	-0.679211812811	
0.894	-0.682182674999	
0.895	-0.68515449573	
0.896	-0.688127262985	
0.897	-0.691100964718	
0.898	-0.694075588853	
0.899	-0.697051123286	
0.9	-0.700027555882	
0.901	-0.70300487448	
0.902	-0.705983066888	
0.903	-0.708962120887	
0.904	-0.711942024228	
0.905	-0.714922764634	
0.906	-0.7179043298	
0.907	-0.720886707392	
0.908	-0.723869885048	
0.909	-0.726853850375	
0.91	-0.729838590955	
0.911	-0.73282409434	
0.912	-0.735810348055	
0.913	-0.738797339594	
0.914	-0.741785056425	
0.915	-0.744773485988	
0.916	-0.747762615695	
0.917	-0.750752432927	
0.918	-0.753742925041	
0.919	-0.756734079363	
0.92	-0.759725883193	
0.921	-0.762718323802	
0.922	-0.765711388433	
0.923	-0.768705064303	
0.924	-0.771699338599	
0.925	-0.774694198482	
0.926	-0.777689631084	
0.927	-0.780685623511	
0.928	-0.783682162839	
0.929	-0.786679236119	
0.93	-0.789676830373	
0.931	-0.792674932597	
0.932	-0.795673529758	
0.933	-0.798672608796	
0.934	-0.801672156626	
0.935	-0.804672160132	
0.936	-0.807672606173	
0.937	-0.810673481582	
0.938	-0.813674773163	
0.939	-0.816676467693	
0.94	-0.819678551923	
0.941	-0.822681012577	
0.942	-0.825683836352	
0.943	-0.828687009918	
0.944	-0.831690519917	
0.945	-0.834694352968	
0.946	-0.837698495658	
0.947	-0.840702934553	
0.948	-0.843707656188	
0.949	-0.846712647074	
0.95	-0.849717893694	
0.951	-0.852723382506	
0.952	-0.855729099942	
0.953	-0.858735032405	
0.954	-0.861741166274	
0.955	-0.864747487902	
0.956	-0.867753983614	
0.957	-0.870760639711	
0.958	-0.873767442466	
0.959	-0.876774378128	
0.96	-0.879781432919	
0.961	-0.882788593036	
0.962	-0.885795844647	
0.963	-0.888803173899	
0.964	-0.89181056691	
0.965	-0.894818009773	
0.966	-0.897825488557	
0.967	-0.900832989302	
0.968	-0.903840498027	
0.969	-0.906848000721	
0.97	-0.909855483352	
0.971	-0.912862931859	
0.972	-0.915870332157	
0.973	-0.918877670137	
0.974	-0.921884931664	
0.975	-0.924892102576	
0.976	-0.92789916869	
0.977	-0.930906115794	
0.978	-0.933912929654	
0.979	-0.93691959601	
0.98	-0.939926100575	
0.981	-0.942932429042	
0.982	-0.945938567075	
0.983	-0.948944500315	
0.984	-0.951950214379	
0.985	-0.954955694858	
0.986	-0.957960927321	
0.987	-0.960965897309	
0.988	-0.963970590342	
0.989	-0.966974991914	
0.99	-0.969979087495	
0.991	-0.972982862531	
0.992	-0.975986302443	
0.993	-0.97898939263	
0.994	-0.981992118465	
0.995	-0.984994465297	
0.996	-0.987996418453	
0.997	-0.990997963235	
0.998	-0.993999084921	
0.999	-0.996999768766	
1.0	-1.0	
