0.0	2.0	
0.001	1.96835134	
0.002	1.95520611786	
0.003	1.94509516454	
0.004	1.93655096761	
0.005	1.92900557855	
0.006	1.92216795279	
0.007	1.91586533242	
0.008	1.90998524351	
0.009	1.90444962158	
0.01	1.89920167191	
0.011	1.89419855175	
0.012	1.88940700183	
0.013	1.88480059282	
0.014	1.88035791213	
0.015	1.87606132599	
0.016	1.87189610848	
0.017	1.86784981261	
0.018	1.8639118062	
0.019	1.86007292241	
0.02	1.85632519239	
0.021	1.85266163741	
0.022	1.84907610521	
0.023	1.84556313949	
0.024	1.84211787477	
0.025	1.8387359508	
0.026	1.83541344226	
0.027	1.83214680052	
0.028	1.82893280512	
0.029	1.8257685229	
0.03	1.82265127354	
0.031	1.81957860012	
0.032	1.81654824403	
0.033	1.81355812337	
0.034	1.81060631423	
0.035	1.80769103451	
0.036	1.80481062973	
0.037	1.8019635607	
0.038	1.79914839259	
0.039	1.79636378537	
0.04	1.79360848531	
0.041	1.7908813174	
0.042	1.78818117869	
0.043	1.78550703223	
0.044	1.78285790177	
0.045	1.78023286686	
0.046	1.77763105856	
0.047	1.77505165549	
0.048	1.77249388033	
0.049	1.76995699652	
0.05	1.76744030546	
0.051	1.76494314373	
0.052	1.76246488078	
0.053	1.76000491663	
0.054	1.75756267989	
0.055	1.75513762591	
0.056	1.75272923503	
0.057	1.75033701108	
0.058	1.74796047987	
0.059	1.74559918788	
0.06	1.74325270107	
0.061	1.74092060368	
0.062	1.73860249721	
0.063	1.73629799944	
0.064	1.73400674351	
0.065	1.73172837709	
0.066	1.7294625616	
0.067	1.72720897145	
0.068	1.72496729338	
0.069	1.72273722582	
0.07	1.72051847829	
0.071	1.71831077085	
0.072	1.71611383356	
0.073	1.713927406	
0.074	1.71175123684	
0.075	1.70958508335	
0.076	1.70742871105	
0.077	1.70528189329	
0.078	1.70314441092	
0.079	1.70101605193	
0.08	1.69889661115	
0.081	1.69678588993	
0.082	1.69468369586	
0.083	1.69258984252	
0.084	1.6905041492	
0.085	1.68842644069	
0.086	1.68635654701	
0.087	1.68429430324	
0.088	1.68223954929	
0.089	1.68019212971	
0.09	1.67815189349	
0.091	1.67611869394	
0.092	1.67409238846	
0.093	1.6720728384	
0.094	1.67005990894	
0.095	1.66805346892	
0.096	1.6660533907	
0.097	1.66405955004	
0.098	1.66207182598	
0.099	1.66009010071	
0.1	1.65811425948	
0.101	1.65614419045	
0.102	1.65417978464	
0.103	1.65222093579	
0.104	1.65026754028	
0.105	1.64831949706	
0.106	1.64637670753	
0.107	1.64443907546	
0.108	1.64250650696	
0.109	1.64057891034	
0.11	1.63865619607	
0.111	1.63673827673	
0.112	1.63482506689	
0.113	1.6329164831	
0.114	1.63101244379	
0.115	1.62911286923	
0.116	1.62721768148	
0.117	1.62532680431	
0.118	1.62344016318	
0.119	1.62155768515	
0.12	1.61967929888	
0.121	1.61780493454	
0.122	1.6159345238	
0.123	1.61406799975	
0.124	1.61220529689	
0.125	1.61034635107	
0.126	1.60849109948	
0.127	1.60663948058	
0.128	1.60479143407	
0.129	1.60294690086	
0.13	1.60110582307	
0.131	1.59926814393	
0.132	1.5974338078	
0.133	1.59560276014	
0.134	1.59377494744	
0.135	1.59195031723	
0.136	1.59012881805	
0.137	1.58831039942	
0.138	1.58649501177	
0.139	1.58468260651	
0.14	1.58287313591	
0.141	1.58106655315	
0.142	1.57926281224	
0.143	1.57746186805	
0.144	1.57566367623	
0.145	1.57386819327	
0.146	1.5720753764	
0.147	1.57028518362	
0.148	1.56849757366	
0.149	1.56671250599	
0.15	1.56492994075	
0.151	1.5631498388	
0.152	1.56137216164	
0.153	1.55959687144	
0.154	1.55782393102	
0.155	1.5560533038	
0.156	1.55428495382	
0.157	1.55251884573	
0.158	1.55075494473	
0.159	1.54899321663	
0.16	1.54723362776	
0.161	1.54547614501	
0.162	1.54372073581	
0.163	1.54196736809	
0.164	1.54021601031	
0.165	1.53846663141	
0.166	1.53671920083	
0.167	1.53497368848	
0.168	1.53323006474	
0.169	1.53148830043	
0.17	1.52974836686	
0.171	1.52801023572	
0.172	1.52627387917	
0.173	1.52453926978	
0.174	1.52280638051	
0.175	1.52107518476	
0.176	1.51934565628	
0.177	1.51761776925	
0.178	1.5158914982	
0.179	1.51416681803	
0.18	1.51244370403	
0.181	1.5107221318	
0.182	1.50900207734	
0.183	1.50728351695	
0.184	1.5055664273	
0.185	1.50385078536	
0.186	1.50213656844	
0.187	1.50042375416	
0.188	1.49871232046	
0.189	1.49700224556	
0.19	1.495293508	
0.191	1.49358608661	
0.192	1.49187996051	
0.193	1.49017510908	
0.194	1.48847151201	
0.195	1.48676914924	
0.196	1.48506800097	
0.197	1.4833680477	
0.198	1.48166927013	
0.199	1.47997164927	
0.2	1.47827516633	
0.201	1.4765798028	
0.202	1.47488554038	
0.203	1.47319236103	
0.204	1.47150024692	
0.205	1.46980918046	
0.206	1.46811914428	
0.207	1.46643012122	
0.208	1.46474209435	
0.209	1.46305504694	
0.21	1.46136896246	
0.211	1.45968382461	
0.212	1.45799961726	
0.213	1.45631632451	
0.214	1.45463393062	
0.215	1.45295242007	
0.216	1.4512717775	
0.217	1.44959198775	
0.218	1.44791303585	
0.219	1.44623490699	
0.22	1.44455758654	
0.221	1.44288106006	
0.222	1.44120531325	
0.223	1.43953033199	
0.224	1.43785610233	
0.225	1.43618261049	
0.226	1.43450984281	
0.227	1.43283778584	
0.228	1.43116642624	
0.229	1.42949575083	
0.23	1.42782574661	
0.231	1.42615640069	
0.232	1.42448770033	
0.233	1.42281963296	
0.234	1.42115218612	
0.235	1.41948534749	
0.236	1.41781910491	
0.237	1.41615344633	
0.238	1.41448835983	
0.239	1.41282383364	
0.24	1.41115985611	
0.241	1.40949641569	
0.242	1.407833501	
0.243	1.40617110075	
0.244	1.40450920377	
0.245	1.40284779903	
0.246	1.40118687559	
0.247	1.39952642264	
0.248	1.39786642949	
0.249	1.39620688555	
0.25	1.39454778033	
0.251	1.39288910348	
0.252	1.39123084472	
0.253	1.3895729939	
0.254	1.38791554098	
0.255	1.38625847598	
0.256	1.38460178908	
0.257	1.38294547051	
0.258	1.38128951063	
0.259	1.37963389987	
0.26	1.37797862878	
0.261	1.37632368799	
0.262	1.37466906822	
0.263	1.3730147603	
0.264	1.37136075513	
0.265	1.3697070437	
0.266	1.3680536171	
0.267	1.3664004665	
0.268	1.36474758316	
0.269	1.36309495841	
0.27	1.36144258368	
0.271	1.35979045046	
0.272	1.35813855036	
0.273	1.35648687502	
0.274	1.3548354162	
0.275	1.35318416571	
0.276	1.35153311546	
0.277	1.3498822574	
0.278	1.34823158361	
0.279	1.34658108618	
0.28	1.34493075732	
0.281	1.3432805893	
0.282	1.34163057444	
0.283	1.33998070515	
0.284	1.33833097392	
0.285	1.33668137327	
0.286	1.33503189583	
0.287	1.33338253426	
0.288	1.33173328131	
0.289	1.33008412979	
0.29	1.32843507257	
0.291	1.32678610257	
0.292	1.32513721279	
0.293	1.3234883963	
0.294	1.3218396462	
0.295	1.32019095568	
0.296	1.31854231797	
0.297	1.31689372637	
0.298	1.31524517423	
0.299	1.31359665496	
0.3	1.31194816202	
0.301	1.31029968894	
0.302	1.30865122929	
0.303	1.30700277671	
0.304	1.30535432487	
0.305	1.30370586752	
0.306	1.30205739845	
0.307	1.3004089115	
0.308	1.29876040056	
0.309	1.29711185957	
0.31	1.29546328253	
0.311	1.29381466348	
0.312	1.29216599651	
0.313	1.29051727576	
0.314	1.28886849542	
0.315	1.28721964971	
0.316	1.28557073294	
0.317	1.2839217394	
0.318	1.28227266349	
0.319	1.28062349962	
0.32	1.27897424224	
0.321	1.27732488586	
0.322	1.27567542504	
0.323	1.27402585436	
0.324	1.27237616845	
0.325	1.270726362	
0.326	1.26907642971	
0.327	1.26742636635	
0.328	1.26577616672	
0.329	1.26412582564	
0.33	1.26247533801	
0.331	1.26082469873	
0.332	1.25917390277	
0.333	1.25752294512	
0.334	1.2558718208	
0.335	1.25422052489	
0.336	1.2525690525	
0.337	1.25091739877	
0.338	1.24926555888	
0.339	1.24761352803	
0.34	1.2459613015	
0.341	1.24430887455	
0.342	1.2426562425	
0.343	1.24100340073	
0.344	1.2393503446	
0.345	1.23769706955	
0.346	1.23604357103	
0.347	1.23438984452	
0.348	1.23273588556	
0.349	1.23108168968	
0.35	1.22942725248	
0.351	1.22777256957	
0.352	1.22611763659	
0.353	1.22446244924	
0.354	1.2228070032	
0.355	1.22115129423	
0.356	1.2194953181	
0.357	1.21783907059	
0.358	1.21618254753	
0.359	1.21452574479	
0.36	1.21286865825	
0.361	1.21121128382	
0.362	1.20955361744	
0.363	1.20789565507	
0.364	1.20623739273	
0.365	1.20457882643	
0.366	1.20291995221	
0.367	1.20126076617	
0.368	1.19960126439	
0.369	1.19794144302	
0.37	1.1962812982	
0.371	1.19462082612	
0.372	1.19296002298	
0.373	1.19129888501	
0.374	1.18963740848	
0.375	1.18797558966	
0.376	1.18631342485	
0.377	1.18465091039	
0.378	1.18298804263	
0.379	1.18132481794	
0.38	1.17966123273	
0.381	1.17799728342	
0.382	1.17633296645	
0.383	1.17466827829	
0.384	1.17300321544	
0.385	1.1713377744	
0.386	1.16967195172	
0.387	1.16800574394	
0.388	1.16633914766	
0.389	1.16467215946	
0.39	1.16300477597	
0.391	1.16133699384	
0.392	1.15966880972	
0.393	1.15800022031	
0.394	1.15633122229	
0.395	1.15466181241	
0.396	1.1529919874	
0.397	1.15132174402	
0.398	1.14965107907	
0.399	1.14797998933	
0.4	1.14630847165	
0.401	1.14463652286	
0.402	1.14296413981	
0.403	1.14129131939	
0.404	1.1396180585	
0.405	1.13794435405	
0.406	1.13627020297	
0.407	1.13459560222	
0.408	1.13292054878	
0.409	1.13124503961	
0.41	1.12956907174	
0.411	1.12789264219	
0.412	1.12621574799	
0.413	1.1245383862	
0.414	1.1228605539	
0.415	1.12118224818	
0.416	1.11950346614	
0.417	1.11782420491	
0.418	1.11614446162	
0.419	1.11446423344	
0.42	1.11278351754	
0.421	1.1111023111	
0.422	1.10942061132	
0.423	1.10773841544	
0.424	1.10605572068	
0.425	1.10437252429	
0.426	1.10268882353	
0.427	1.1010046157	
0.428	1.09931989807	
0.429	1.09763466797	
0.43	1.09594892272	
0.431	1.09426265965	
0.432	1.09257587612	
0.433	1.0908885695	
0.434	1.08920073716	
0.435	1.08751237651	
0.436	1.08582348495	
0.437	1.08413405991	
0.438	1.08244409882	
0.439	1.08075359913	
0.44	1.07906255831	
0.441	1.07737097384	
0.442	1.07567884319	
0.443	1.07398616389	
0.444	1.07229293344	
0.445	1.07059914937	
0.446	1.06890480922	
0.447	1.06720991056	
0.448	1.06551445093	
0.449	1.06381842794	
0.45	1.06212183915	
0.451	1.06042468218	
0.452	1.05872695465	
0.453	1.05702865418	
0.454	1.05532977841	
0.455	1.05363032499	
0.456	1.05193029158	
0.457	1.05022967587	
0.458	1.04852847552	
0.459	1.04682668825	
0.46	1.04512431176	
0.461	1.04342134377	
0.462	1.04171778201	
0.463	1.04001362421	
0.464	1.03830886815	
0.465	1.03660351157	
0.466	1.03489755225	
0.467	1.03319098797	
0.468	1.03148381654	
0.469	1.02977603576	
0.47	1.02806764343	
0.471	1.0263586374	
0.472	1.02464901549	
0.473	1.02293877555	
0.474	1.02122791544	
0.475	1.01951643302	
0.476	1.01780432618	
0.477	1.01609159279	
0.478	1.01437823075	
0.479	1.01266423798	
0.48	1.01094961237	
0.481	1.00923435187	
0.482	1.00751845439	
0.483	1.00580191789	
0.484	1.00408474032	
0.485	1.00236691963	
0.486	1.0006484538	
0.487	0.998929340814	
0.488	0.997209578651	
0.489	0.995489165313	
0.49	0.993768098805	
0.491	0.992046377142	
0.492	0.990323998348	
0.493	0.988600960455	
0.494	0.986877261502	
0.495	0.985152899541	
0.496	0.983427872627	
0.497	0.981702178826	
0.498	0.979975816214	
0.499	0.978248782871	
0.5	0.976521076888	
0.501	0.974792696363	
0.502	0.973063639403	
0.503	0.971333904122	
0.504	0.969603488642	
0.505	0.967872391093	
0.506	0.966140609612	
0.507	0.964408142345	
0.508	0.962674987445	
0.509	0.960941143072	
0.51	0.959206607394	
0.511	0.957471378587	
0.512	0.955735454833	
0.513	0.953998834322	
0.514	0.952261515252	
0.515	0.950523495827	
0.516	0.94878477426	
0.517	0.947045348768	
0.518	0.945305217578	
0.519	0.943564378923	
0.52	0.941822831042	
0.521	0.940080572181	
0.522	0.938337600596	
0.523	0.936593914545	
0.524	0.934849512295	
0.525	0.933104392121	
0.526	0.931358552302	
0.527	0.929611991126	
0.528	0.927864706885	
0.529	0.92611669788	
0.53	0.924367962416	
0.531	0.922618498806	
0.532	0.920868305369	
0.533	0.919117380431	
0.534	0.917365722322	
0.535	0.915613329381	
0.536	0.91386019995	
0.537	0.912106332379	
0.538	0.910351725025	
0.539	0.908596376249	
0.54	0.906840284419	
0.541	0.905083447908	
0.542	0.903325865097	
0.543	0.901567534369	
0.544	0.899808454116	
0.545	0.898048622736	
0.546	0.89628803863	
0.547	0.894526700206	
0.548	0.892764605878	
0.549	0.891001754066	
0.55	0.889238143194	
0.551	0.887473771692	
0.552	0.885708637996	
0.553	0.883942740546	
0.554	0.88217607779	
0.555	0.880408648179	
0.556	0.878640450169	
0.557	0.876871482223	
0.558	0.875101742809	
0.559	0.873331230398	
0.56	0.871559943468	
0.561	0.869787880502	
0.562	0.868015039988	
0.563	0.866241420418	
0.564	0.86446702029	
0.565	0.862691838106	
0.566	0.860915872375	
0.567	0.859139121607	
0.568	0.857361584321	
0.569	0.855583259038	
0.57	0.853804144285	
0.571	0.852024238593	
0.572	0.850243540498	
0.573	0.848462048541	
0.574	0.846679761267	
0.575	0.844896677225	
0.576	0.843112794971	
0.577	0.841328113064	
0.578	0.839542630065	
0.579	0.837756344544	
0.58	0.835969255072	
0.581	0.834181360226	
0.582	0.832392658587	
0.583	0.830603148739	
0.584	0.828812829273	
0.585	0.827021698783	
0.586	0.825229755865	
0.587	0.823436999122	
0.588	0.821643427161	
0.589	0.819849038591	
0.59	0.818053832028	
0.591	0.816257806089	
0.592	0.814460959398	
0.593	0.812663290581	
0.594	0.810864798267	
0.595	0.809065481093	
0.596	0.807265337696	
0.597	0.805464366719	
0.598	0.803662566807	
0.599	0.80185993661	
0.6	0.800056474783	
0.601	0.798252179983	
0.602	0.796447050871	
0.603	0.794641086112	
0.604	0.792834284375	
0.605	0.791026644333	
0.606	0.78921816466	
0.607	0.787408844038	
0.608	0.785598681148	
0.609	0.783787674678	
0.61	0.781975823319	
0.611	0.780163125763	
0.612	0.778349580708	
0.613	0.776535186855	
0.614	0.774719942908	
0.615	0.772903847575	
0.616	0.771086899567	
0.617	0.769269097597	
0.618	0.767450440384	
0.619	0.765630926648	
0.62	0.763810555115	
0.621	0.76198932451	
0.622	0.760167233566	
0.623	0.758344281015	
0.624	0.756520465596	
0.625	0.754695786048	
0.626	0.752870241115	
0.627	0.751043829544	
0.628	0.749216550083	
0.629	0.747388401487	
0.63	0.745559382511	
0.631	0.743729491913	
0.632	0.741898728455	
0.633	0.740067090903	
0.634	0.738234578024	
0.635	0.736401188589	
0.636	0.734566921372	
0.637	0.732731775149	
0.638	0.730895748699	
0.639	0.729058840806	
0.64	0.727221050253	
0.641	0.72538237583	
0.642	0.723542816327	
0.643	0.721702370537	
0.644	0.719861037257	
0.645	0.718018815286	
0.646	0.716175703426	
0.647	0.714331700481	
0.648	0.712486805258	
0.649	0.710641016568	
0.65	0.708794333222	
0.651	0.706946754036	
0.652	0.705098277827	
0.653	0.703248903416	
0.654	0.701398629625	
0.655	0.699547455281	
0.656	0.69769537921	
0.657	0.695842400243	
0.658	0.693988517214	
0.659	0.692133728957	
0.66	0.69027803431	
0.661	0.688421432114	
0.662	0.686563921211	
0.663	0.684705500447	
0.664	0.682846168668	
0.665	0.680985924725	
0.666	0.67912476747	
0.667	0.677262695758	
0.668	0.675399708444	
0.669	0.673535804389	
0.67	0.671670982454	
0.671	0.669805241502	
0.672	0.6679385804	
0.673	0.666070998015	
0.674	0.664202493217	
0.675	0.662333064881	
0.676	0.660462711879	
0.677	0.658591433089	
0.678	0.656719227391	
0.679	0.654846093664	
0.68	0.652972030794	
0.681	0.651097037664	
0.682	0.649221113163	
0.683	0.64734425618	
0.684	0.645466465606	
0.685	0.643587740336	
0.686	0.641708079265	
0.687	0.63982748129	
0.688	0.637945945312	
0.689	0.636063470232	
0.69	0.634180054954	
0.691	0.632295698383	
0.692	0.630410399427	
0.693	0.628524156995	
0.694	0.626636969998	
0.695	0.624748837351	
0.696	0.622859757967	
0.697	0.620969730765	
0.698	0.619078754662	
0.699	0.61718682858	
0.7	0.61529395144	
0.701	0.613400122168	
0.702	0.611505339689	
0.703	0.609609602932	
0.704	0.607712910825	
0.705	0.6058152623	
0.706	0.603916656292	
0.707	0.602017091733	
0.708	0.600116567561	
0.709	0.598215082715	
0.71	0.596312636133	
0.711	0.594409226759	
0.712	0.592504853534	
0.713	0.590599515405	
0.714	0.588693211318	
0.715	0.58678594022	
0.716	0.584877701062	
0.717	0.582968492796	
0.718	0.581058314374	
0.719	0.579147164751	
0.72	0.577235042882	
0.721	0.575321947727	
0.722	0.573407878244	
0.723	0.571492833393	
0.724	0.569576812138	
0.725	0.567659813441	
0.726	0.565741836269	
0.727	0.563822879588	
0.728	0.561902942366	
0.729	0.559982023573	
0.73	0.55806012218	
0.731	0.55613723716	
0.732	0.554213367487	
0.733	0.552288512136	
0.734	0.550362670084	
0.735	0.548435840308	
0.736	0.54650802179	
0.737	0.544579213509	
0.738	0.542649414449	
0.739	0.540718623592	
0.74	0.538786839923	
0.741	0.536854062429	
0.742	0.534920290098	
0.743	0.532985521919	
0.744	0.531049756881	
0.745	0.529112993976	
0.746	0.527175232197	
0.747	0.525236470538	
0.748	0.523296707994	
0.749	0.521355943562	
0.75	0.519414176239	
0.751	0.517471405025	
0.752	0.515527628919	
0.753	0.513582846923	
0.754	0.511637058039	
0.755	0.509690261272	
0.756	0.507742455625	
0.757	0.505793640106	
0.758	0.503843813721	
0.759	0.501892975479	
0.76	0.499941124389	
0.761	0.497988259462	
0.762	0.496034379709	
0.763	0.494079484143	
0.764	0.492123571779	
0.765	0.49016664163	
0.766	0.488208692714	
0.767	0.486249724047	
0.768	0.484289734647	
0.769	0.482328723534	
0.77	0.480366689728	
0.771	0.47840363225	
0.772	0.476439550123	
0.773	0.47447444237	
0.774	0.472508308014	
0.775	0.470541146082	
0.776	0.468572955599	
0.777	0.466603735594	
0.778	0.464633485094	
0.779	0.462662203127	
0.78	0.460689888726	
0.781	0.458716540919	
0.782	0.456742158741	
0.783	0.454766741222	
0.784	0.452790287398	
0.785	0.450812796303	
0.786	0.448834266972	
0.787	0.446854698442	
0.788	0.444874089751	
0.789	0.442892439936	
0.79	0.440909748038	
0.791	0.438926013095	
0.792	0.436941234148	
0.793	0.434955410241	
0.794	0.432968540414	
0.795	0.430980623711	
0.796	0.428991659176	
0.797	0.427001645855	
0.798	0.425010582792	
0.799	0.423018469035	
0.8	0.421025303631	
0.801	0.419031085628	
0.802	0.417035814075	
0.803	0.415039488021	
0.804	0.413042106517	
0.805	0.411043668614	
0.806	0.409044173364	
0.807	0.407043619819	
0.808	0.405042007033	
0.809	0.40303933406	
0.81	0.401035599954	
0.811	0.399030803771	
0.812	0.397024944568	
0.813	0.3950180214	
0.814	0.393010033326	
0.815	0.391000979403	
0.816	0.388990858691	
0.817	0.386979670248	
0.818	0.384967413136	
0.819	0.382954086415	
0.82	0.380939689146	
0.821	0.378924220391	
0.822	0.376907679213	
0.823	0.374890064676	
0.824	0.372871375843	
0.825	0.370851611779	
0.826	0.368830771549	
0.827	0.366808854218	
0.828	0.364785858853	
0.829	0.362761784521	
0.83	0.360736630289	
0.831	0.358710395225	
0.832	0.356683078398	
0.833	0.354654678876	
0.834	0.35262519573	
0.835	0.350594628029	
0.836	0.348562974845	
0.837	0.346530235248	
0.838	0.34449640831	
0.839	0.342461493103	
0.84	0.3404254887	
0.841	0.338388394175	
0.842	0.336350208601	
0.843	0.334310931052	
0.844	0.332270560603	
0.845	0.330229096329	
0.846	0.328186537306	
0.847	0.32614288261	
0.848	0.324098131317	
0.849	0.322052282505	
0.85	0.32000533525	
0.851	0.317957288631	
0.852	0.315908141726	
0.853	0.313857893614	
0.854	0.311806543373	
0.855	0.309754090083	
0.856	0.307700532825	
0.857	0.305645870679	
0.858	0.303590102725	
0.859	0.301533228044	
0.86	0.299475245718	
0.861	0.297416154829	
0.862	0.29535595446	
0.863	0.293294643692	
0.864	0.291232221608	
0.865	0.289168687293	
0.866	0.28710403983	
0.867	0.285038278302	
0.868	0.282971401794	
0.869	0.280903409391	
0.87	0.278834300178	
0.871	0.27676407324	
0.872	0.274692727663	
0.873	0.272620262532	
0.874	0.270546676934	
0.875	0.268471969956	
0.876	0.266396140684	
0.877	0.264319188206	
0.878	0.262241111608	
0.879	0.260161909979	
0.88	0.258081582407	
0.881	0.256000127979	
0.882	0.253917545785	
0.883	0.251833834912	
0.884	0.249748994451	
0.885	0.247663023489	
0.886	0.245575921118	
0.887	0.243487686425	
0.888	0.241398318502	
0.889	0.239307816438	
0.89	0.237216179324	
0.891	0.235123406251	
0.892	0.233029496308	
0.893	0.230934448588	
0.894	0.228838262181	
0.895	0.226740936179	
0.896	0.224642469673	
0.897	0.222542861756	
0.898	0.220442111518	
0.899	0.218340218052	
0.9	0.216237180451	
0.901	0.214132997807	
0.902	0.212027669212	
0.903	0.209921193759	
0.904	0.207813570542	
0.905	0.205704798652	
0.906	0.203594877184	
0.907	0.201483805231	
0.908	0.199371581885	
0.909	0.197258206242	
0.91	0.195143677393	
0.911	0.193027994434	
0.912	0.190911156458	
0.913	0.188793162559	
0.914	0.186674011832	
0.915	0.184553703369	
0.916	0.182432236267	
0.917	0.180309609619	
0.918	0.178185822519	
0.919	0.176060874063	
0.92	0.173934763345	
0.921	0.171807489459	
0.922	0.169679051501	
0.923	0.167549448564	
0.924	0.165418679745	
0.925	0.163286744138	
0.926	0.161153640838	
0.927	0.15901936894	
0.928	0.15688392754	
0.929	0.154747315731	
0.93	0.15260953261	
0.931	0.150470577271	
0.932	0.14833044881	
0.933	0.146189146322	
0.934	0.144046668902	
0.935	0.141903015645	
0.936	0.139758185647	
0.937	0.137612178003	
0.938	0.135464991807	
0.939	0.133316626156	
0.94	0.131167080144	
0.941	0.129016352866	
0.942	0.126864443419	
0.943	0.124711350896	
0.944	0.122557074392	
0.945	0.120401613004	
0.946	0.118244965826	
0.947	0.116087131952	
0.948	0.113928110479	
0.949	0.1117679005	
0.95	0.109606501111	
0.951	0.107443911405	
0.952	0.105280130479	
0.953	0.103115157427	
0.954	0.100948991342	
0.955	0.0987816313208	
0.956	0.0966130764562	
0.957	0.0944433258429	
0.958	0.0922723785752	
0.959	0.0901002337473	
0.96	0.0879268904531	
0.961	0.0857523477867	
0.962	0.0835766048418	
0.963	0.0813996607122	
0.964	0.0792215144916	
0.965	0.0770421652733	
0.966	0.0748616121509	
0.967	0.0726798542175	
0.968	0.0704968905664	
0.969	0.0683127202904	
0.97	0.0661273424826	
0.971	0.0639407562356	
0.972	0.061752960642	
0.973	0.0595639547942	
0.974	0.0573737377847	
0.975	0.0551823087054	
0.976	0.0529896666484	
0.977	0.0507958107055	
0.978	0.0486007399684	
0.979	0.0464044535285	
0.98	0.0442069504772	
0.981	0.0420082299056	
0.982	0.0398082909047	
0.983	0.0376071325653	
0.984	0.0354047539779	
0.985	0.033201154233	
0.986	0.0309963324207	
0.987	0.0287902876311	
0.988	0.026583018954	
0.989	0.024374525479	
0.99	0.0221648062954	
0.991	0.0199538604924	
0.992	0.0177416871591	
0.993	0.0155282853841	
0.994	0.0133136542561	
0.995	0.0110977928631	
0.996	0.00888070029344	
0.997	0.00666237563482	
0.998	0.00444281797484	
0.999	0.00222202640087	
1.0	0.0	
