0.0	2.0	
0.001	1.96837523809	
0.002	1.95527159071	
0.003	1.94521293446	
0.004	1.93672935507	
0.005	1.92925153752	
0.006	1.92248752571	
0.007	1.91626389865	
0.008	1.91046767255	
0.009	1.90502037542	
0.01	1.89986487733	
0.011	1.89495805364	
0.012	1.89026640383	
0.013	1.88576328912	
0.014	1.88142711287	
0.015	1.87724007797	
0.016	1.87318731226	
0.017	1.8692562369	
0.018	1.86543609995	
0.019	1.86171762528	
0.02	1.85809274369	
0.021	1.85455438396	
0.022	1.85109630821	
0.023	1.84771298057	
0.024	1.84439946137	
0.025	1.84115132098	
0.026	1.837964569	
0.027	1.83483559561	
0.028	1.83176112267	
0.029	1.82873816253	
0.03	1.82576398326	
0.031	1.82283607902	
0.032	1.81995214469	
0.033	1.81711005412	
0.034	1.81430784119	
0.035	1.8115436835	
0.036	1.80881588807	
0.037	1.80612287882	
0.038	1.80346318557	
0.039	1.80083543437	
0.04	1.79823833888	
0.041	1.79567069274	
0.042	1.79313136281	
0.043	1.79061928307	
0.044	1.78813344917	
0.045	1.78567291361	
0.046	1.78323678125	
0.047	1.78082420541	
0.048	1.77843438425	
0.049	1.77606655752	
0.05	1.77372000359	
0.051	1.77139403677	
0.052	1.76908800485	
0.053	1.76680128684	
0.054	1.76453329096	
0.055	1.76228345268	
0.056	1.76005123305	
0.057	1.7578361171	
0.058	1.75563761235	
0.059	1.75345524746	
0.06	1.75128857101	
0.061	1.74913715029	
0.062	1.74700057028	
0.063	1.74487843262	
0.064	1.7427703547	
0.065	1.74067596882	
0.066	1.73859492134	
0.067	1.73652687197	
0.068	1.73447149309	
0.069	1.73242846905	
0.07	1.73039749562	
0.071	1.72837827936	
0.072	1.72637053715	
0.073	1.72437399566	
0.074	1.72238839085	
0.075	1.72041346761	
0.076	1.71844897926	
0.077	1.71649468722	
0.078	1.71455036061	
0.079	1.71261577592	
0.08	1.7106907167	
0.081	1.70877497321	
0.082	1.70686834216	
0.083	1.70497062642	
0.084	1.70308163479	
0.085	1.70120118172	
0.086	1.69932908708	
0.087	1.69746517597	
0.088	1.69560927846	
0.089	1.69376122946	
0.09	1.69192086845	
0.091	1.69008803937	
0.092	1.68826259042	
0.093	1.68644437389	
0.094	1.68463324603	
0.095	1.68282906687	
0.096	1.68103170011	
0.097	1.67924101299	
0.098	1.67745687613	
0.099	1.67567916342	
0.1	1.67390775194	
0.101	1.6721425218	
0.102	1.67038335605	
0.103	1.66863014061	
0.104	1.66688276413	
0.105	1.6651411179	
0.106	1.66340509582	
0.107	1.66167459422	
0.108	1.65994951188	
0.109	1.65822974985	
0.11	1.65651521148	
0.111	1.65480580227	
0.112	1.65310142982	
0.113	1.6514020038	
0.114	1.64970743582	
0.115	1.64801763945	
0.116	1.64633253008	
0.117	1.64465202494	
0.118	1.64297604298	
0.119	1.64130450487	
0.12	1.63963733291	
0.121	1.637974451	
0.122	1.63631578461	
0.123	1.6346612607	
0.124	1.63301080771	
0.125	1.63136435549	
0.126	1.62972183528	
0.127	1.62808317967	
0.128	1.62644832256	
0.129	1.62481719911	
0.13	1.62318974573	
0.131	1.62156590003	
0.132	1.61994560079	
0.133	1.61832878794	
0.134	1.6167154025	
0.135	1.61510538661	
0.136	1.61349868343	
0.137	1.61189523716	
0.138	1.610294993	
0.139	1.60869789711	
0.14	1.60710389664	
0.141	1.60551293962	
0.142	1.60392497502	
0.143	1.60233995266	
0.144	1.60075782325	
0.145	1.59917853832	
0.146	1.59760205023	
0.147	1.59602831212	
0.148	1.59445727792	
0.149	1.59288890234	
0.15	1.5913231408	
0.151	1.58975994947	
0.152	1.58819928522	
0.153	1.58664110561	
0.154	1.58508536889	
0.155	1.58353203395	
0.156	1.58198106035	
0.157	1.58043240826	
0.158	1.57888603848	
0.159	1.57734191242	
0.16	1.57579999206	
0.161	1.57426023998	
0.162	1.57272261931	
0.163	1.57118709374	
0.164	1.56965362749	
0.165	1.56812218533	
0.166	1.56659273254	
0.167	1.56506523488	
0.168	1.56353965865	
0.169	1.56201597061	
0.17	1.560494138	
0.171	1.55897412853	
0.172	1.55745591036	
0.173	1.5559394521	
0.174	1.5544247228	
0.175	1.55291169194	
0.176	1.55140032942	
0.177	1.54989060555	
0.178	1.54838249104	
0.179	1.54687595701	
0.18	1.54537097495	
0.181	1.54386751674	
0.182	1.54236555464	
0.183	1.54086506127	
0.184	1.5393660096	
0.185	1.53786837296	
0.186	1.53637212503	
0.187	1.53487723982	
0.188	1.53338369168	
0.189	1.53189145529	
0.19	1.53040050563	
0.191	1.52891081801	
0.192	1.52742236806	
0.193	1.52593513168	
0.194	1.52444908509	
0.195	1.52296420481	
0.196	1.52148046763	
0.197	1.51999785061	
0.198	1.51851633112	
0.199	1.51703588679	
0.2	1.51555649548	
0.201	1.51407813538	
0.202	1.51260078487	
0.203	1.51112442263	
0.204	1.50964902756	
0.205	1.50817457883	
0.206	1.50670105582	
0.207	1.50522843817	
0.208	1.50375670575	
0.209	1.50228583864	
0.21	1.50081581715	
0.211	1.49934662184	
0.212	1.49787823344	
0.213	1.49641063292	
0.214	1.49494380146	
0.215	1.49347772044	
0.216	1.49201237144	
0.217	1.49054773624	
0.218	1.48908379683	
0.219	1.48762053538	
0.22	1.48615793425	
0.221	1.48469597598	
0.222	1.48323464332	
0.223	1.48177391917	
0.224	1.48031378662	
0.225	1.47885422895	
0.226	1.47739522958	
0.227	1.47593677214	
0.228	1.47447884038	
0.229	1.47302141827	
0.23	1.47156448989	
0.231	1.47010803951	
0.232	1.46865205155	
0.233	1.46719651058	
0.234	1.46574140133	
0.235	1.46428670867	
0.236	1.46283241763	
0.237	1.46137851337	
0.238	1.45992498121	
0.239	1.4584718066	
0.24	1.45701897514	
0.241	1.45556647254	
0.242	1.45411428469	
0.243	1.45266239757	
0.244	1.45121079731	
0.245	1.44975947017	
0.246	1.44830840254	
0.247	1.44685758093	
0.248	1.44540699197	
0.249	1.44395662241	
0.25	1.44250645914	
0.251	1.44105648915	
0.252	1.43960669956	
0.253	1.43815707758	
0.254	1.43670761056	
0.255	1.43525828595	
0.256	1.43380909131	
0.257	1.43236001432	
0.258	1.43091104276	
0.259	1.42946216451	
0.26	1.42801336755	
0.261	1.42656463999	
0.262	1.42511597001	
0.263	1.42366734591	
0.264	1.42221875608	
0.265	1.42077018902	
0.266	1.41932163331	
0.267	1.41787307763	
0.268	1.41642451075	
0.269	1.41497592155	
0.27	1.41352729898	
0.271	1.4120786321	
0.272	1.41062991003	
0.273	1.40918112201	
0.274	1.40773225735	
0.275	1.40628330543	
0.276	1.40483425576	
0.277	1.40338509788	
0.278	1.40193582145	
0.279	1.4004864162	
0.28	1.39903687192	
0.281	1.39758717852	
0.282	1.39613732595	
0.283	1.39468730425	
0.284	1.39323710354	
0.285	1.39178671402	
0.286	1.39033612595	
0.287	1.38888532967	
0.288	1.38743431559	
0.289	1.38598307421	
0.29	1.38453159606	
0.291	1.38307987178	
0.292	1.38162789205	
0.293	1.38017564765	
0.294	1.37872312938	
0.295	1.37727032816	
0.296	1.37581723494	
0.297	1.37436384073	
0.298	1.37291013664	
0.299	1.37145611381	
0.3	1.37000176345	
0.301	1.36854707683	
0.302	1.36709204531	
0.303	1.36563666026	
0.304	1.36418091315	
0.305	1.36272479548	
0.306	1.36126829884	
0.307	1.35981141485	
0.308	1.35835413519	
0.309	1.35689645162	
0.31	1.35543835592	
0.311	1.35397983994	
0.312	1.35252089561	
0.313	1.35106151486	
0.314	1.34960168972	
0.315	1.34814141226	
0.316	1.34668067458	
0.317	1.34521946886	
0.318	1.34375778731	
0.319	1.3422956222	
0.32	1.34083296585	
0.321	1.33936981062	
0.322	1.33790614893	
0.323	1.33644197324	
0.324	1.33497727606	
0.325	1.33351204995	
0.326	1.3320462875	
0.327	1.33057998136	
0.328	1.32911312423	
0.329	1.32764570884	
0.33	1.32617772798	
0.331	1.32470917446	
0.332	1.32324004116	
0.333	1.32177032099	
0.334	1.32030000689	
0.335	1.31882909187	
0.336	1.31735756895	
0.337	1.31588543122	
0.338	1.31441267179	
0.339	1.31293928382	
0.34	1.3114652605	
0.341	1.30999059508	
0.342	1.30851528081	
0.343	1.30703931102	
0.344	1.30556267906	
0.345	1.30408537831	
0.346	1.30260740219	
0.347	1.30112874418	
0.348	1.29964939776	
0.349	1.29816935647	
0.35	1.29668861388	
0.351	1.29520716359	
0.352	1.29372499924	
0.353	1.29224211451	
0.354	1.2907585031	
0.355	1.28927415875	
0.356	1.28778907523	
0.357	1.28630324636	
0.358	1.28481666598	
0.359	1.28332932795	
0.36	1.28184122618	
0.361	1.28035235461	
0.362	1.2788627072	
0.363	1.27737227795	
0.364	1.2758810609	
0.365	1.27438905009	
0.366	1.27289623963	
0.367	1.27140262363	
0.368	1.26990819623	
0.369	1.26841295162	
0.37	1.266916884	
0.371	1.26541998762	
0.372	1.26392225672	
0.373	1.26242368561	
0.374	1.26092426861	
0.375	1.25942400005	
0.376	1.25792287432	
0.377	1.25642088582	
0.378	1.25491802897	
0.379	1.25341429823	
0.38	1.25190968808	
0.381	1.25040419303	
0.382	1.24889780761	
0.383	1.24739052637	
0.384	1.2458823439	
0.385	1.2443732548	
0.386	1.24286325372	
0.387	1.2413523353	
0.388	1.23984049422	
0.389	1.23832772519	
0.39	1.23681402294	
0.391	1.23529938222	
0.392	1.23378379781	
0.393	1.2322672645	
0.394	1.23074977711	
0.395	1.2292313305	
0.396	1.22771191951	
0.397	1.22619153905	
0.398	1.22467018402	
0.399	1.22314784936	
0.4	1.22162453001	
0.401	1.22010022096	
0.402	1.21857491719	
0.403	1.21704861373	
0.404	1.21552130562	
0.405	1.2139929879	
0.406	1.21246365566	
0.407	1.210933304	
0.408	1.20940192804	
0.409	1.20786952291	
0.41	1.20633608377	
0.411	1.20480160581	
0.412	1.20326608421	
0.413	1.20172951419	
0.414	1.200191891	
0.415	1.19865320987	
0.416	1.19711346608	
0.417	1.19557265493	
0.418	1.19403077172	
0.419	1.19248781177	
0.42	1.19094377044	
0.421	1.18939864308	
0.422	1.18785242507	
0.423	1.18630511182	
0.424	1.18475669873	
0.425	1.18320718123	
0.426	1.18165655478	
0.427	1.18010481483	
0.428	1.17855195688	
0.429	1.17699797641	
0.43	1.17544286895	
0.431	1.17388663001	
0.432	1.17232925516	
0.433	1.17077073995	
0.434	1.16921107995	
0.435	1.16765027077	
0.436	1.16608830801	
0.437	1.16452518729	
0.438	1.16296090426	
0.439	1.16139545456	
0.44	1.15982883388	
0.441	1.15826103789	
0.442	1.15669206228	
0.443	1.15512190279	
0.444	1.15355055512	
0.445	1.15197801503	
0.446	1.15040427827	
0.447	1.14882934061	
0.448	1.14725319783	
0.449	1.14567584573	
0.45	1.14409728012	
0.451	1.14251749683	
0.452	1.14093649169	
0.453	1.13935426056	
0.454	1.1377707993	
0.455	1.13618610378	
0.456	1.1346001699	
0.457	1.13301299357	
0.458	1.13142457068	
0.459	1.12983489719	
0.46	1.12824396902	
0.461	1.12665178213	
0.462	1.12505833248	
0.463	1.12346361605	
0.464	1.12186762884	
0.465	1.12027036683	
0.466	1.11867182606	
0.467	1.11707200253	
0.468	1.11547089229	
0.469	1.11386849139	
0.47	1.11226479589	
0.471	1.11065980185	
0.472	1.10905350536	
0.473	1.10744590251	
0.474	1.1058369894	
0.475	1.10422676216	
0.476	1.10261521691	
0.477	1.10100234978	
0.478	1.09938815692	
0.479	1.09777263449	
0.48	1.09615577866	
0.481	1.09453758561	
0.482	1.09291805152	
0.483	1.0912971726	
0.484	1.08967494505	
0.485	1.0880513651	
0.486	1.08642642897	
0.487	1.0848001329	
0.488	1.08317247314	
0.489	1.08154344596	
0.49	1.07991304761	
0.491	1.07828127438	
0.492	1.07664812255	
0.493	1.07501358843	
0.494	1.07337766831	
0.495	1.07174035851	
0.496	1.07010165535	
0.497	1.06846155517	
0.498	1.06682005432	
0.499	1.06517714913	
0.5	1.06353283598	
0.501	1.06188711122	
0.502	1.06023997124	
0.503	1.05859141242	
0.504	1.05694143116	
0.505	1.05529002386	
0.506	1.05363718693	
0.507	1.05198291678	
0.508	1.05032720986	
0.509	1.04867006258	
0.51	1.0470114714	
0.511	1.04535143277	
0.512	1.04368994315	
0.513	1.042026999	
0.514	1.0403625968	
0.515	1.03869673303	
0.516	1.03702940419	
0.517	1.03536060677	
0.518	1.03369033728	
0.519	1.03201859222	
0.52	1.03034536813	
0.521	1.02867066153	
0.522	1.02699446896	
0.523	1.02531678695	
0.524	1.02363761206	
0.525	1.02195694084	
0.526	1.02027476986	
0.527	1.01859109569	
0.528	1.01690591491	
0.529	1.01521922409	
0.53	1.01353101984	
0.531	1.01184129875	
0.532	1.01015005742	
0.533	1.00845729247	
0.534	1.00676300052	
0.535	1.00506717818	
0.536	1.00336982209	
0.537	1.00167092888	
0.538	0.99997049521	
0.539	0.998268517716	
0.54	0.996564993057	
0.541	0.994859917897	
0.542	0.993153288902	
0.543	0.991445102748	
0.544	0.989735356115	
0.545	0.988024045689	
0.546	0.986311168163	
0.547	0.984596720234	
0.548	0.982880698607	
0.549	0.981163099991	
0.55	0.979443921101	
0.551	0.977723158659	
0.552	0.976000809392	
0.553	0.97427687003	
0.554	0.972551337313	
0.555	0.970824207982	
0.556	0.969095478787	
0.557	0.967365146481	
0.558	0.965633207824	
0.559	0.96389965958	
0.56	0.962164498519	
0.561	0.960427721415	
0.562	0.958689325049	
0.563	0.956949306206	
0.564	0.955207661674	
0.565	0.953464388251	
0.566	0.951719482735	
0.567	0.949972941932	
0.568	0.948224762651	
0.569	0.946474941707	
0.57	0.944723475919	
0.571	0.942970362111	
0.572	0.941215597112	
0.573	0.939459177755	
0.574	0.937701100879	
0.575	0.935941363326	
0.576	0.934179961942	
0.577	0.93241689358	
0.578	0.930652155095	
0.579	0.928885743348	
0.58	0.927117655203	
0.581	0.925347887529	
0.582	0.9235764372	
0.583	0.921803301094	
0.584	0.920028476091	
0.585	0.918251959077	
0.586	0.916473746944	
0.587	0.914693836584	
0.588	0.912912224896	
0.589	0.911128908781	
0.59	0.909343885147	
0.591	0.907557150902	
0.592	0.905768702962	
0.593	0.903978538242	
0.594	0.902186653666	
0.595	0.900393046158	
0.596	0.898597712648	
0.597	0.896800650067	
0.598	0.895001855354	
0.599	0.893201325447	
0.6	0.89139905729	
0.601	0.889595047831	
0.602	0.887789294021	
0.603	0.885981792813	
0.604	0.884172541166	
0.605	0.88236153604	
0.606	0.880548774401	
0.607	0.878734253215	
0.608	0.876917969456	
0.609	0.875099920096	
0.61	0.873280102114	
0.611	0.871458512492	
0.612	0.869635148212	
0.613	0.867810006263	
0.614	0.865983083636	
0.615	0.864154377323	
0.616	0.862323884323	
0.617	0.860491601634	
0.618	0.858657526259	
0.619	0.856821655205	
0.62	0.854983985479	
0.621	0.853144514095	
0.622	0.851303238065	
0.623	0.849460154408	
0.624	0.847615260144	
0.625	0.845768552296	
0.626	0.84392002789	
0.627	0.842069683955	
0.628	0.840217517521	
0.629	0.838363525623	
0.63	0.836507705297	
0.631	0.834650053582	
0.632	0.832790567521	
0.633	0.830929244158	
0.634	0.82906608054	
0.635	0.827201073716	
0.636	0.825334220738	
0.637	0.823465518661	
0.638	0.821594964542	
0.639	0.819722555439	
0.64	0.817848288415	
0.641	0.815972160534	
0.642	0.814094168861	
0.643	0.812214310466	
0.644	0.810332582419	
0.645	0.808448981794	
0.646	0.806563505666	
0.647	0.804676151112	
0.648	0.802786915212	
0.649	0.800895795049	
0.65	0.799002787705	
0.651	0.797107890268	
0.652	0.795211099825	
0.653	0.793312413467	
0.654	0.791411828285	
0.655	0.789509341374	
0.656	0.787604949831	
0.657	0.785698650753	
0.658	0.78379044124	
0.659	0.781880318394	
0.66	0.77996827932	
0.661	0.778054321122	
0.662	0.776138440908	
0.663	0.774220635788	
0.664	0.772300902873	
0.665	0.770379239275	
0.666	0.768455642109	
0.667	0.766530108492	
0.668	0.764602635541	
0.669	0.762673220375	
0.67	0.760741860117	
0.671	0.758808551889	
0.672	0.756873292816	
0.673	0.754936080023	
0.674	0.752996910638	
0.675	0.751055781791	
0.676	0.749112690611	
0.677	0.747167634232	
0.678	0.745220609787	
0.679	0.74327161441	
0.68	0.741320645239	
0.681	0.739367699411	
0.682	0.737412774065	
0.683	0.735455866343	
0.684	0.733496973385	
0.685	0.731536092336	
0.686	0.72957322034	
0.687	0.727608354542	
0.688	0.72564149209	
0.689	0.723672630132	
0.69	0.721701765818	
0.691	0.719728896298	
0.692	0.717754018725	
0.693	0.715777130252	
0.694	0.713798228032	
0.695	0.711817309221	
0.696	0.709834370975	
0.697	0.707849410453	
0.698	0.705862424812	
0.699	0.703873411213	
0.7	0.701882366815	
0.701	0.699889288781	
0.702	0.697894174273	
0.703	0.695897020454	
0.704	0.69389782449	
0.705	0.691896583546	
0.706	0.689893294787	
0.707	0.687887955382	
0.708	0.685880562498	
0.709	0.683871113305	
0.71	0.681859604971	
0.711	0.679846034669	
0.712	0.677830399568	
0.713	0.675812696843	
0.714	0.673792923664	
0.715	0.671771077207	
0.716	0.669747154645	
0.717	0.667721153153	
0.718	0.665693069908	
0.719	0.663662902087	
0.72	0.661630646865	
0.721	0.659596301421	
0.722	0.657559862933	
0.723	0.655521328581	
0.724	0.653480695544	
0.725	0.651437961002	
0.726	0.649393122136	
0.727	0.647346176127	
0.728	0.645297120157	
0.729	0.643245951409	
0.73	0.641192667064	
0.731	0.639137264307	
0.732	0.637079740321	
0.733	0.63502009229	
0.734	0.632958317399	
0.735	0.630894412833	
0.736	0.628828375776	
0.737	0.626760203416	
0.738	0.624689892938	
0.739	0.622617441528	
0.74	0.620542846373	
0.741	0.61846610466	
0.742	0.616387213577	
0.743	0.614306170312	
0.744	0.612222972052	
0.745	0.610137615985	
0.746	0.6080500993	
0.747	0.605960419185	
0.748	0.60386857283	
0.749	0.601774557422	
0.75	0.599678370153	
0.751	0.59758000821	
0.752	0.595479468783	
0.753	0.593376749062	
0.754	0.591271846237	
0.755	0.589164757497	
0.756	0.587055480032	
0.757	0.584944011033	
0.758	0.582830347688	
0.759	0.58071448719	
0.76	0.578596426726	
0.761	0.576476163488	
0.762	0.574353694666	
0.763	0.572229017449	
0.764	0.570102129028	
0.765	0.567973026593	
0.766	0.565841707333	
0.767	0.563708168439	
0.768	0.5615724071	
0.769	0.559434420506	
0.77	0.557294205846	
0.771	0.55515176031	
0.772	0.553007081087	
0.773	0.550860165367	
0.774	0.548711010337	
0.775	0.546559613188	
0.776	0.544405971107	
0.777	0.542250081282	
0.778	0.540091940903	
0.779	0.537931547156	
0.78	0.53576889723	
0.781	0.533603988311	
0.782	0.531436817587	
0.783	0.529267382245	
0.784	0.52709567947	
0.785	0.52492170645	
0.786	0.52274546037	
0.787	0.520566938415	
0.788	0.518386137771	
0.789	0.516203055621	
0.79	0.514017689152	
0.791	0.511830035546	
0.792	0.509640091987	
0.793	0.507447855659	
0.794	0.505253323743	
0.795	0.503056493423	
0.796	0.500857361879	
0.797	0.498655926294	
0.798	0.496452183847	
0.799	0.49424613172	
0.8	0.492037767092	
0.801	0.489827087143	
0.802	0.487614089051	
0.803	0.485398769994	
0.804	0.48318112715	
0.805	0.480961157696	
0.806	0.478738858809	
0.807	0.476514227664	
0.808	0.474287261436	
0.809	0.472057957301	
0.81	0.469826312433	
0.811	0.467592324004	
0.812	0.465355989187	
0.813	0.463117305155	
0.814	0.460876269079	
0.815	0.458632878129	
0.816	0.456387129476	
0.817	0.454139020288	
0.818	0.451888547735	
0.819	0.449635708983	
0.82	0.447380501201	
0.821	0.445122921553	
0.822	0.442862967207	
0.823	0.440600635326	
0.824	0.438335923074	
0.825	0.436068827615	
0.826	0.43379934611	
0.827	0.431527475722	
0.828	0.42925321361	
0.829	0.426976556934	
0.83	0.424697502854	
0.831	0.422416048528	
0.832	0.420132191112	
0.833	0.417845927762	
0.834	0.415557255634	
0.835	0.413266171883	
0.836	0.410972673661	
0.837	0.408676758122	
0.838	0.406378422416	
0.839	0.404077663695	
0.84	0.401774479108	
0.841	0.399468865803	
0.842	0.397160820928	
0.843	0.39485034163	
0.844	0.392537425055	
0.845	0.390222068346	
0.846	0.387904268648	
0.847	0.385584023102	
0.848	0.383261328851	
0.849	0.380936183034	
0.85	0.37860858279	
0.851	0.376278525259	
0.852	0.373946007576	
0.853	0.371611026878	
0.854	0.3692735803	
0.855	0.366933664975	
0.856	0.364591278035	
0.857	0.362246416612	
0.858	0.359899077836	
0.859	0.357549258837	
0.86	0.355196956741	
0.861	0.352842168675	
0.862	0.350484891765	
0.863	0.348125123136	
0.864	0.345762859908	
0.865	0.343398099206	
0.866	0.341030838148	
0.867	0.338661073854	
0.868	0.336288803442	
0.869	0.333914024029	
0.87	0.331536732729	
0.871	0.329156926658	
0.872	0.326774602926	
0.873	0.324389758647	
0.874	0.322002390929	
0.875	0.319612496882	
0.876	0.317220073612	
0.877	0.314825118226	
0.878	0.312427627829	
0.879	0.310027599523	
0.88	0.307625030411	
0.881	0.305219917592	
0.882	0.302812258166	
0.883	0.30040204923	
0.884	0.29798928788	
0.885	0.295573971212	
0.886	0.293156096318	
0.887	0.29073566029	
0.888	0.288312660218	
0.889	0.285887093191	
0.89	0.283458956297	
0.891	0.281028246621	
0.892	0.278594961248	
0.893	0.27615909726	
0.894	0.273720651738	
0.895	0.271279621763	
0.896	0.268836004412	
0.897	0.266389796762	
0.898	0.263940995889	
0.899	0.261489598864	
0.9	0.259035602761	
0.901	0.25657900465	
0.902	0.254119801598	
0.903	0.251657990674	
0.904	0.249193568943	
0.905	0.246726533468	
0.906	0.244256881311	
0.907	0.241784609533	
0.908	0.239309715193	
0.909	0.236832195348	
0.91	0.234352047053	
0.911	0.231869267363	
0.912	0.229383853328	
0.913	0.226895801999	
0.914	0.224405110426	
0.915	0.221911775655	
0.916	0.21941579473	
0.917	0.216917164696	
0.918	0.214415882594	
0.919	0.211911945463	
0.92	0.209405350343	
0.921	0.206896094269	
0.922	0.204384174275	
0.923	0.201869587395	
0.924	0.199352330659	
0.925	0.196832401097	
0.926	0.194309795735	
0.927	0.191784511599	
0.928	0.189256545713	
0.929	0.186725895098	
0.93	0.184192556774	
0.931	0.181656527758	
0.932	0.179117805068	
0.933	0.176576385717	
0.934	0.174032266717	
0.935	0.171485445078	
0.936	0.16893591781	
0.937	0.166383681918	
0.938	0.163828734407	
0.939	0.16127107228	
0.94	0.158710692537	
0.941	0.156147592177	
0.942	0.153581768197	
0.943	0.15101321759	
0.944	0.148441937351	
0.945	0.145867924469	
0.946	0.143291175934	
0.947	0.140711688732	
0.948	0.138129459847	
0.949	0.135544486262	
0.95	0.132956764958	
0.951	0.130366292914	
0.952	0.127773067105	
0.953	0.125177084506	
0.954	0.122578342089	
0.955	0.119976836824	
0.956	0.11737256568	
0.957	0.114765525622	
0.958	0.112155713615	
0.959	0.109543126619	
0.96	0.106927761595	
0.961	0.1043096155	
0.962	0.101688685289	
0.963	0.0990649679155	
0.964	0.0964384603301	
0.965	0.0938091594817	
0.966	0.0911770623169	
0.967	0.0885421657799	
0.968	0.0859044668131	
0.969	0.0832639623563	
0.97	0.0806206493473	
0.971	0.0779745247216	
0.972	0.0753255854123	
0.973	0.0726738283506	
0.974	0.0700192504651	
0.975	0.0673618486824	
0.976	0.0647016199266	
0.977	0.0620385611196	
0.978	0.0593726691811	
0.979	0.0567039410284	
0.98	0.0540323735766	
0.981	0.0513579637382	
0.982	0.0486807084236	
0.983	0.046000604541	
0.984	0.0433176489959	
0.985	0.0406318386917	
0.986	0.0379431705294	
0.987	0.0352516414075	
0.988	0.0325572482223	
0.989	0.0298599878677	
0.99	0.027159857235	
0.991	0.0244568532132	
0.992	0.0217509726891	
0.993	0.0190422125467	
0.994	0.0163305696679	
0.995	0.013616040932	
0.996	0.0108986232158	
0.997	0.0081783133938	
0.998	0.00545510833792	
0.999	0.00272900491765	
1.0	0.0	
