0.0	2.0	
0.001	1.96837655226	
0.002	1.95527600646	
0.003	1.94522187627	
0.004	1.93674408092	
0.005	1.92927319746	
0.006	1.92251719079	
0.007	1.91630257815	
0.008	1.91051632531	
0.009	1.90507991782	
0.01	1.89993618923	
0.011	1.89504198293	
0.012	1.89036377003	
0.013	1.88587488629	
0.014	1.88155371199	
0.015	1.87738242899	
0.016	1.87334614576	
0.017	1.86943226558	
0.018	1.86563001987	
0.019	1.86193011701	
0.02	1.85832447325	
0.021	1.85480600371	
0.022	1.85136845759	
0.023	1.84800628684	
0.024	1.84471454022	
0.025	1.84148877707	
0.026	1.8383249965	
0.027	1.83521957869	
0.028	1.8321692359	
0.029	1.82917097129	
0.03	1.82622204412	
0.031	1.82331994006	
0.032	1.82046234584	
0.033	1.81764712741	
0.034	1.81487231109	
0.035	1.81213606713	
0.036	1.80943669544	
0.037	1.80677261306	
0.038	1.80414234315	
0.039	1.80154450529	
0.04	1.79897780686	
0.041	1.7964410354	
0.042	1.79393305183	
0.043	1.79145278434	
0.044	1.78899922299	
0.045	1.78657141475	
0.046	1.78416845915	
0.047	1.78178950429	
0.048	1.77943374323	
0.049	1.77710041073	
0.05	1.7747887803	
0.051	1.77249816148	
0.052	1.7702278974	
0.053	1.76797736251	
0.054	1.76574596055	
0.055	1.76353312261	
0.056	1.76133830546	
0.057	1.75916098991	
0.058	1.75700067934	
0.059	1.75485689836	
0.06	1.75272919156	
0.061	1.75061712232	
0.062	1.74852027179	
0.063	1.74643823781	
0.064	1.74437063408	
0.065	1.74231708922	
0.066	1.740277246	
0.067	1.7382507606	
0.068	1.73623730191	
0.069	1.73423655086	
0.07	1.73224819983	
0.071	1.73027195207	
0.072	1.72830752116	
0.073	1.72635463053	
0.074	1.72441301298	
0.075	1.72248241024	
0.076	1.72056257252	
0.077	1.7186532582	
0.078	1.71675423337	
0.079	1.71486527155	
0.08	1.71298615333	
0.081	1.71111666608	
0.082	1.70925660362	
0.083	1.70740576602	
0.084	1.70556395925	
0.085	1.703730995	
0.086	1.70190669041	
0.087	1.70009086787	
0.088	1.69828335479	
0.089	1.6964839834	
0.09	1.69469259061	
0.091	1.69290901776	
0.092	1.69113311047	
0.093	1.68936471852	
0.094	1.68760369564	
0.095	1.6858498994	
0.096	1.68410319103	
0.097	1.68236343534	
0.098	1.68063050054	
0.099	1.67890425815	
0.1	1.67718458287	
0.101	1.67547135249	
0.102	1.67376444774	
0.103	1.67206375223	
0.104	1.67036915235	
0.105	1.66868053713	
0.106	1.66699779824	
0.107	1.66532082979	
0.108	1.66364952836	
0.109	1.66198379285	
0.11	1.66032352441	
0.111	1.65866862642	
0.112	1.65701900437	
0.113	1.65537456579	
0.114	1.65373522024	
0.115	1.65210087918	
0.116	1.65047145597	
0.117	1.64884686579	
0.118	1.64722702556	
0.119	1.64561185394	
0.12	1.64400127124	
0.121	1.64239519938	
0.122	1.64079356186	
0.123	1.63919628369	
0.124	1.63760329137	
0.125	1.63601451283	
0.126	1.6344298774	
0.127	1.63284931576	
0.128	1.63127275994	
0.129	1.62970014321	
0.13	1.62813140013	
0.131	1.62656646646	
0.132	1.62500527914	
0.133	1.62344777629	
0.134	1.62189389711	
0.135	1.62034358192	
0.136	1.61879677211	
0.137	1.6172534101	
0.138	1.61571343931	
0.139	1.61417680416	
0.14	1.61264345002	
0.141	1.61111332322	
0.142	1.60958637098	
0.143	1.60806254142	
0.144	1.60654178352	
0.145	1.60502404712	
0.146	1.60350928289	
0.147	1.6019974423	
0.148	1.60048847762	
0.149	1.59898234186	
0.15	1.59747898882	
0.151	1.59597837302	
0.152	1.59448044968	
0.153	1.59298517476	
0.154	1.59149250486	
0.155	1.59000239729	
0.156	1.58851480998	
0.157	1.58702970153	
0.158	1.58554703114	
0.159	1.58406675864	
0.16	1.58258884445	
0.161	1.58111324958	
0.162	1.57963993559	
0.163	1.57816886464	
0.164	1.57669999941	
0.165	1.57523330312	
0.166	1.57376873951	
0.167	1.57230627286	
0.168	1.57084586793	
0.169	1.56938748996	
0.17	1.56793110472	
0.171	1.56647667839	
0.172	1.56502417767	
0.173	1.56357356967	
0.174	1.56212482198	
0.175	1.5606779026	
0.176	1.55923277996	
0.177	1.55778942292	
0.178	1.55634780074	
0.179	1.55490788308	
0.18	1.55346964001	
0.181	1.55203304196	
0.182	1.55059805977	
0.183	1.54916466461	
0.184	1.54773282806	
0.185	1.54630252203	
0.186	1.54487371879	
0.187	1.54344639094	
0.188	1.54202051145	
0.189	1.54059605357	
0.19	1.53917299093	
0.191	1.53775129745	
0.192	1.53633094736	
0.193	1.5349119152	
0.194	1.53349417583	
0.195	1.53207770439	
0.196	1.53066247632	
0.197	1.52924846733	
0.198	1.52783565342	
0.199	1.52642401088	
0.2	1.52501351625	
0.201	1.52360414635	
0.202	1.52219587825	
0.203	1.52078868928	
0.204	1.51938255705	
0.205	1.51797745936	
0.206	1.51657337432	
0.207	1.51517028023	
0.208	1.51376815565	
0.209	1.51236697936	
0.21	1.51096673038	
0.211	1.50956738795	
0.212	1.50816893153	
0.213	1.50677134078	
0.214	1.50537459561	
0.215	1.5039786761	
0.216	1.50258356257	
0.217	1.50118923551	
0.218	1.49979567564	
0.219	1.49840286386	
0.22	1.49701078127	
0.221	1.49561940914	
0.222	1.49422872897	
0.223	1.49283872239	
0.224	1.49144937126	
0.225	1.49006065758	
0.226	1.48867256356	
0.227	1.48728507155	
0.228	1.4858981641	
0.229	1.48451182391	
0.23	1.48312603384	
0.231	1.48174077692	
0.232	1.48035603636	
0.233	1.47897179548	
0.234	1.47758803781	
0.235	1.47620474699	
0.236	1.47482190683	
0.237	1.47343950129	
0.238	1.47205751447	
0.239	1.4706759306	
0.24	1.46929473409	
0.241	1.46791390945	
0.242	1.46653344135	
0.243	1.46515331459	
0.244	1.4637735141	
0.245	1.46239402494	
0.246	1.46101483232	
0.247	1.45963592155	
0.248	1.45825727809	
0.249	1.4568788875	
0.25	1.45550073548	
0.251	1.45412280785	
0.252	1.45274509054	
0.253	1.45136756961	
0.254	1.44999023122	
0.255	1.44861306167	
0.256	1.44723604733	
0.257	1.44585917473	
0.258	1.44448243047	
0.259	1.44310580128	
0.26	1.441729274	
0.261	1.44035283555	
0.262	1.43897647298	
0.263	1.43760017342	
0.264	1.43622392413	
0.265	1.43484771244	
0.266	1.43347152579	
0.267	1.43209535172	
0.268	1.43071917786	
0.269	1.42934299194	
0.27	1.42796678178	
0.271	1.42659053529	
0.272	1.42521424047	
0.273	1.42383788542	
0.274	1.42246145831	
0.275	1.42108494741	
0.276	1.41970834108	
0.277	1.41833162775	
0.278	1.41695479595	
0.279	1.41557783427	
0.28	1.41420073141	
0.281	1.41282347613	
0.282	1.41144605729	
0.283	1.41006846379	
0.284	1.40869068465	
0.285	1.40731270895	
0.286	1.40593452584	
0.287	1.40455612454	
0.288	1.40317749437	
0.289	1.4017986247	
0.29	1.40041950498	
0.291	1.39904012473	
0.292	1.39766047353	
0.293	1.39628054105	
0.294	1.39490031701	
0.295	1.39351979121	
0.296	1.39213895351	
0.297	1.39075779384	
0.298	1.38937630219	
0.299	1.38799446861	
0.3	1.38661228324	
0.301	1.38522973625	
0.302	1.38384681789	
0.303	1.38246351846	
0.304	1.38107982834	
0.305	1.37969573796	
0.306	1.37831123779	
0.307	1.3769263184	
0.308	1.37554097037	
0.309	1.37415518438	
0.31	1.37276895114	
0.311	1.37138226142	
0.312	1.36999510605	
0.313	1.36860747592	
0.314	1.36721936197	
0.315	1.36583075517	
0.316	1.36444164658	
0.317	1.3630520273	
0.318	1.36166188846	
0.319	1.36027122127	
0.32	1.35888001697	
0.321	1.35748826687	
0.322	1.35609596231	
0.323	1.35470309468	
0.324	1.35330965544	
0.325	1.35191563606	
0.326	1.35052102809	
0.327	1.34912582312	
0.328	1.34773001277	
0.329	1.34633358873	
0.33	1.34493654271	
0.331	1.34353886647	
0.332	1.34214055184	
0.333	1.34074159066	
0.334	1.33934197483	
0.335	1.33794169628	
0.336	1.33654074701	
0.337	1.33513911902	
0.338	1.3337368044	
0.339	1.33233379523	
0.34	1.33093008367	
0.341	1.32952566189	
0.342	1.32812052213	
0.343	1.32671465665	
0.344	1.32530805775	
0.345	1.32390071777	
0.346	1.32249262908	
0.347	1.3210837841	
0.348	1.31967417529	
0.349	1.31826379513	
0.35	1.31685263615	
0.351	1.3154406909	
0.352	1.31402795199	
0.353	1.31261441204	
0.354	1.31120006373	
0.355	1.30978489974	
0.356	1.30836891281	
0.357	1.30695209572	
0.358	1.30553444126	
0.359	1.30411594227	
0.36	1.30269659161	
0.361	1.30127638218	
0.362	1.29985530692	
0.363	1.29843335877	
0.364	1.29701053075	
0.365	1.29558681586	
0.366	1.29416220717	
0.367	1.29273669777	
0.368	1.29131028076	
0.369	1.28988294928	
0.37	1.28845469653	
0.371	1.28702551569	
0.372	1.28559540001	
0.373	1.28416434273	
0.374	1.28273233715	
0.375	1.28129937659	
0.376	1.27986545439	
0.377	1.27843056392	
0.378	1.27699469859	
0.379	1.27555785181	
0.38	1.27412001703	
0.381	1.27268118775	
0.382	1.27124135745	
0.383	1.26980051968	
0.384	1.26835866798	
0.385	1.26691579594	
0.386	1.26547189716	
0.387	1.26402696528	
0.388	1.26258099395	
0.389	1.26113397684	
0.39	1.25968590767	
0.391	1.25823678016	
0.392	1.25678658806	
0.393	1.25533532514	
0.394	1.2538829852	
0.395	1.25242956207	
0.396	1.25097504958	
0.397	1.2495194416	
0.398	1.24806273201	
0.399	1.24660491473	
0.4	1.2451459837	
0.401	1.24368593285	
0.402	1.24222475616	
0.403	1.24076244764	
0.404	1.23929900129	
0.405	1.23783441115	
0.406	1.23636867129	
0.407	1.23490177577	
0.408	1.2334337187	
0.409	1.23196449419	
0.41	1.23049409639	
0.411	1.22902251945	
0.412	1.22754975754	
0.413	1.22607580487	
0.414	1.22460065564	
0.415	1.22312430409	
0.416	1.22164674448	
0.417	1.22016797107	
0.418	1.21868797816	
0.419	1.21720676005	
0.42	1.21572431107	
0.421	1.21424062556	
0.422	1.21275569787	
0.423	1.2112695224	
0.424	1.20978209353	
0.425	1.20829340569	
0.426	1.20680345328	
0.427	1.20531223078	
0.428	1.20381973263	
0.429	1.20232595332	
0.43	1.20083088734	
0.431	1.19933452921	
0.432	1.19783687345	
0.433	1.1963379146	
0.434	1.19483764724	
0.435	1.19333606593	
0.436	1.19183316527	
0.437	1.19032893985	
0.438	1.18882338431	
0.439	1.18731649327	
0.44	1.1858082614	
0.441	1.18429868335	
0.442	1.18278775381	
0.443	1.18127546746	
0.444	1.17976181903	
0.445	1.17824680324	
0.446	1.17673041481	
0.447	1.17521264851	
0.448	1.1736934991	
0.449	1.17217296136	
0.45	1.17065103007	
0.451	1.16912770006	
0.452	1.16760296613	
0.453	1.16607682312	
0.454	1.16454926587	
0.455	1.16302028924	
0.456	1.16148988811	
0.457	1.15995805736	
0.458	1.15842479188	
0.459	1.15689008659	
0.46	1.1553539364	
0.461	1.15381633625	
0.462	1.15227728108	
0.463	1.15073676586	
0.464	1.14919478555	
0.465	1.14765133513	
0.466	1.14610640959	
0.467	1.14456000395	
0.468	1.14301211321	
0.469	1.14146273241	
0.47	1.13991185658	
0.471	1.13835948077	
0.472	1.13680560005	
0.473	1.13525020948	
0.474	1.13369330415	
0.475	1.13213487914	
0.476	1.13057492958	
0.477	1.12901345056	
0.478	1.12745043722	
0.479	1.12588588468	
0.48	1.12431978811	
0.481	1.12275214264	
0.482	1.12118294345	
0.483	1.11961218571	
0.484	1.1180398646	
0.485	1.11646597533	
0.486	1.1148905131	
0.487	1.11331347312	
0.488	1.11173485062	
0.489	1.11015464082	
0.49	1.10857283898	
0.491	1.10698944035	
0.492	1.10540444017	
0.493	1.10381783374	
0.494	1.10222961632	
0.495	1.1006397832	
0.496	1.09904832969	
0.497	1.09745525108	
0.498	1.09586054269	
0.499	1.09426419984	
0.5	1.09266621787	
0.501	1.09106659211	
0.502	1.08946531792	
0.503	1.08786239064	
0.504	1.08625780565	
0.505	1.08465155831	
0.506	1.08304364402	
0.507	1.08143405814	
0.508	1.07982279609	
0.509	1.07820985326	
0.51	1.07659522508	
0.511	1.07497890695	
0.512	1.0733608943	
0.513	1.07174118258	
0.514	1.07011976721	
0.515	1.06849664366	
0.516	1.06687180737	
0.517	1.06524525382	
0.518	1.06361697847	
0.519	1.0619869768	
0.52	1.06035524429	
0.521	1.05872177645	
0.522	1.05708656876	
0.523	1.05544961674	
0.524	1.05381091589	
0.525	1.05217046173	
0.526	1.0505282498	
0.527	1.04888427562	
0.528	1.04723853473	
0.529	1.04559102267	
0.53	1.04394173501	
0.531	1.04229066729	
0.532	1.04063781508	
0.533	1.03898317396	
0.534	1.03732673949	
0.535	1.03566850726	
0.536	1.03400847286	
0.537	1.03234663188	
0.538	1.03068297992	
0.539	1.0290175126	
0.54	1.02735022551	
0.541	1.02568111428	
0.542	1.02401017453	
0.543	1.02233740189	
0.544	1.020662792	
0.545	1.01898634048	
0.546	1.017308043	
0.547	1.0156278952	
0.548	1.01394589272	
0.549	1.01226203125	
0.55	1.01057630643	
0.551	1.00888871395	
0.552	1.00719924948	
0.553	1.0055079087	
0.554	1.00381468729	
0.555	1.00211958095	
0.556	1.00042258537	
0.557	0.998723696263	
0.558	0.997022909322	
0.559	0.995320220263	
0.56	0.993615624799	
0.561	0.99190911865	
0.562	0.990200697541	
0.563	0.9884903572	
0.564	0.986778093361	
0.565	0.985063901761	
0.566	0.983347778143	
0.567	0.981629718251	
0.568	0.979909717838	
0.569	0.978187772658	
0.57	0.97646387847	
0.571	0.974738031037	
0.572	0.973010226126	
0.573	0.971280459509	
0.574	0.969548726961	
0.575	0.96781502426	
0.576	0.966079347191	
0.577	0.96434169154	
0.578	0.962602053098	
0.579	0.960860427659	
0.58	0.959116811023	
0.581	0.95737119899	
0.582	0.955623587366	
0.583	0.953873971961	
0.584	0.952122348587	
0.585	0.950368713061	
0.586	0.948613061203	
0.587	0.946855388835	
0.588	0.945095691784	
0.589	0.94333396588	
0.59	0.941570206957	
0.591	0.93980441085	
0.592	0.938036573401	
0.593	0.93626669045	
0.594	0.934494757845	
0.595	0.932720771435	
0.596	0.930944727072	
0.597	0.929166620611	
0.598	0.927386447911	
0.599	0.925604204832	
0.6	0.923819887239	
0.601	0.922033490998	
0.602	0.92024501198	
0.603	0.918454446057	
0.604	0.916661789105	
0.605	0.914867037001	
0.606	0.913070185627	
0.607	0.911271230865	
0.608	0.909470168602	
0.609	0.907666994727	
0.61	0.90586170513	
0.611	0.904054295706	
0.612	0.90224476235	
0.613	0.900433100961	
0.614	0.89861930744	
0.615	0.89680337769	
0.616	0.894985307617	
0.617	0.893165093129	
0.618	0.891342730136	
0.619	0.889518214551	
0.62	0.887691542287	
0.621	0.885862709263	
0.622	0.884031711397	
0.623	0.882198544609	
0.624	0.880363204824	
0.625	0.878525687966	
0.626	0.876685989961	
0.627	0.87484410674	
0.628	0.873000034233	
0.629	0.871153768374	
0.63	0.869305305096	
0.631	0.867454640336	
0.632	0.865601770033	
0.633	0.863746690127	
0.634	0.86188939656	
0.635	0.860029885275	
0.636	0.858168152218	
0.637	0.856304193335	
0.638	0.854438004576	
0.639	0.852569581889	
0.64	0.850698921228	
0.641	0.848826018544	
0.642	0.846950869794	
0.643	0.845073470932	
0.644	0.843193817917	
0.645	0.841311906707	
0.646	0.839427733263	
0.647	0.837541293547	
0.648	0.835652583521	
0.649	0.83376159915	
0.65	0.8318683364	
0.651	0.829972791238	
0.652	0.82807495963	
0.653	0.826174837548	
0.654	0.824272420961	
0.655	0.82236770584	
0.656	0.820460688158	
0.657	0.818551363889	
0.658	0.816639729008	
0.659	0.814725779489	
0.66	0.812809511311	
0.661	0.81089092045	
0.662	0.808970002885	
0.663	0.807046754596	
0.664	0.805121171563	
0.665	0.803193249767	
0.666	0.801262985191	
0.667	0.799330373816	
0.668	0.797395411627	
0.669	0.795458094608	
0.67	0.793518418745	
0.671	0.791576380022	
0.672	0.789631974427	
0.673	0.787685197946	
0.674	0.785736046568	
0.675	0.78378451628	
0.676	0.781830603072	
0.677	0.779874302933	
0.678	0.777915611852	
0.679	0.775954525821	
0.68	0.77399104083	
0.681	0.772025152871	
0.682	0.770056857936	
0.683	0.768086152016	
0.684	0.766113031104	
0.685	0.764137491194	
0.686	0.762159528278	
0.687	0.760179138351	
0.688	0.758196317405	
0.689	0.756211061435	
0.69	0.754223366435	
0.691	0.752233228401	
0.692	0.750240643326	
0.693	0.748245607206	
0.694	0.746248116035	
0.695	0.744248165809	
0.696	0.742245752523	
0.697	0.740240872173	
0.698	0.738233520754	
0.699	0.73622369426	
0.7	0.734211388689	
0.701	0.732196600034	
0.702	0.730179324292	
0.703	0.728159557458	
0.704	0.726137295526	
0.705	0.724112534493	
0.706	0.722085270353	
0.707	0.720055499101	
0.708	0.718023216732	
0.709	0.71598841924	
0.71	0.713951102619	
0.711	0.711911262864	
0.712	0.709868895969	
0.713	0.707823997926	
0.714	0.70577656473	
0.715	0.703726592373	
0.716	0.701674076848	
0.717	0.699619014146	
0.718	0.697561400261	
0.719	0.695501231182	
0.72	0.693438502902	
0.721	0.691373211411	
0.722	0.689305352699	
0.723	0.687234922756	
0.724	0.685161917571	
0.725	0.683086333132	
0.726	0.681008165428	
0.727	0.678927410446	
0.728	0.676844064173	
0.729	0.674758122596	
0.73	0.6726695817	
0.731	0.670578437471	
0.732	0.668484685892	
0.733	0.666388322948	
0.734	0.664289344622	
0.735	0.662187746896	
0.736	0.660083525751	
0.737	0.657976677169	
0.738	0.65586719713	
0.739	0.653755081613	
0.74	0.651640326596	
0.741	0.649522928057	
0.742	0.647402881974	
0.743	0.645280184321	
0.744	0.643154831074	
0.745	0.641026818207	
0.746	0.638896141694	
0.747	0.636762797506	
0.748	0.634626781616	
0.749	0.632488089993	
0.75	0.630346718606	
0.751	0.628202663424	
0.752	0.626055920415	
0.753	0.623906485544	
0.754	0.621754354778	
0.755	0.619599524079	
0.756	0.617441989411	
0.757	0.615281746736	
0.758	0.613118792014	
0.759	0.610953121205	
0.76	0.608784730268	
0.761	0.60661361516	
0.762	0.604439771836	
0.763	0.602263196252	
0.764	0.60008388436	
0.765	0.597901832114	
0.766	0.595717035464	
0.767	0.59352949036	
0.768	0.591339192751	
0.769	0.589146138582	
0.77	0.586950323801	
0.771	0.584751744351	
0.772	0.582550396175	
0.773	0.580346275214	
0.774	0.57813937741	
0.775	0.5759296987	
0.776	0.573717235022	
0.777	0.571501982312	
0.778	0.569283936503	
0.779	0.567063093529	
0.78	0.564839449321	
0.781	0.562612999809	
0.782	0.56038374092	
0.783	0.558151668582	
0.784	0.555916778719	
0.785	0.553679067255	
0.786	0.551438530111	
0.787	0.549195163209	
0.788	0.546948962466	
0.789	0.544699923799	
0.79	0.542448043123	
0.791	0.540193316353	
0.792	0.537935739399	
0.793	0.535675308172	
0.794	0.53341201858	
0.795	0.53114586653	
0.796	0.528876847927	
0.797	0.526604958672	
0.798	0.524330194669	
0.799	0.522052551815	
0.8	0.519772026008	
0.801	0.517488613145	
0.802	0.515202309119	
0.803	0.512913109821	
0.804	0.510621011143	
0.805	0.508326008971	
0.806	0.506028099192	
0.807	0.503727277691	
0.808	0.501423540349	
0.809	0.499116883047	
0.81	0.496807301662	
0.811	0.494494792073	
0.812	0.492179350151	
0.813	0.489860971771	
0.814	0.487539652801	
0.815	0.48521538911	
0.816	0.482888176565	
0.817	0.480558011028	
0.818	0.478224888362	
0.819	0.475888804426	
0.82	0.473549755078	
0.821	0.471207736173	
0.822	0.468862743564	
0.823	0.466514773103	
0.824	0.464163820638	
0.825	0.461809882015	
0.826	0.45945295308	
0.827	0.457093029673	
0.828	0.454730107636	
0.829	0.452364182805	
0.83	0.449995251015	
0.831	0.4476233081	
0.832	0.445248349891	
0.833	0.442870372215	
0.834	0.440489370898	
0.835	0.438105341765	
0.836	0.435718280636	
0.837	0.433328183329	
0.838	0.430935045663	
0.839	0.428538863449	
0.84	0.426139632501	
0.841	0.423737348627	
0.842	0.421332007633	
0.843	0.418923605324	
0.844	0.416512137502	
0.845	0.414097599965	
0.846	0.411679988511	
0.847	0.409259298933	
0.848	0.406835527022	
0.849	0.404408668569	
0.85	0.401978719359	
0.851	0.399545675175	
0.852	0.3971095318	
0.853	0.394670285012	
0.854	0.392227930586	
0.855	0.389782464297	
0.856	0.387333881914	
0.857	0.384882179205	
0.858	0.382427351937	
0.859	0.379969395871	
0.86	0.377508306767	
0.861	0.375044080383	
0.862	0.372576712472	
0.863	0.370106198787	
0.864	0.367632535076	
0.865	0.365155717085	
0.866	0.362675740558	
0.867	0.360192601235	
0.868	0.357706294853	
0.869	0.355216817148	
0.87	0.35272416385	
0.871	0.350228330691	
0.872	0.347729313394	
0.873	0.345227107684	
0.874	0.342721709282	
0.875	0.340213113904	
0.876	0.337701317265	
0.877	0.335186315076	
0.878	0.332668103047	
0.879	0.330146676883	
0.88	0.327622032286	
0.881	0.325094164956	
0.882	0.32256307059	
0.883	0.320028744881	
0.884	0.317491183519	
0.885	0.314950382193	
0.886	0.312406336587	
0.887	0.309859042382	
0.888	0.307308495256	
0.889	0.304754690884	
0.89	0.302197624938	
0.891	0.299637293088	
0.892	0.297073690999	
0.893	0.294506814333	
0.894	0.291936658749	
0.895	0.289363219905	
0.896	0.286786493453	
0.897	0.284206475043	
0.898	0.28162316032	
0.899	0.27903654493	
0.9	0.276446624511	
0.901	0.2738533947	
0.902	0.271256851131	
0.903	0.268656989434	
0.904	0.266053805236	
0.905	0.263447294161	
0.906	0.260837451828	
0.907	0.258224273855	
0.908	0.255607755855	
0.909	0.252987893438	
0.91	0.250364682211	
0.911	0.247738117778	
0.912	0.245108195738	
0.913	0.242474911688	
0.914	0.239838261221	
0.915	0.237198239927	
0.916	0.234554843391	
0.917	0.231908067197	
0.918	0.229257906923	
0.919	0.226604358147	
0.92	0.223947416438	
0.921	0.221287077367	
0.922	0.218623336498	
0.923	0.215956189394	
0.924	0.213285631611	
0.925	0.210611658705	
0.926	0.207934266226	
0.927	0.205253449721	
0.928	0.202569204735	
0.929	0.199881526806	
0.93	0.197190411472	
0.931	0.194495854265	
0.932	0.191797850714	
0.933	0.189096396345	
0.934	0.186391486678	
0.935	0.183683117232	
0.936	0.180971283522	
0.937	0.178255981057	
0.938	0.175537205344	
0.939	0.172814951887	
0.94	0.170089216184	
0.941	0.16735999373	
0.942	0.164627280019	
0.943	0.161891070536	
0.944	0.159151360767	
0.945	0.156408146191	
0.946	0.153661422285	
0.947	0.150911184521	
0.948	0.148157428367	
0.949	0.145400149289	
0.95	0.142639342747	
0.951	0.139875004197	
0.952	0.137107129094	
0.953	0.134335712885	
0.954	0.131560751016	
0.955	0.128782238928	
0.956	0.126000172058	
0.957	0.123214545839	
0.958	0.120425355701	
0.959	0.117632597067	
0.96	0.114836265361	
0.961	0.112036355997	
0.962	0.10923286439	
0.963	0.106425785949	
0.964	0.103615116077	
0.965	0.100800850177	
0.966	0.0979829836439	
0.967	0.0951615118711	
0.968	0.0923364302469	
0.969	0.0895077341554	
0.97	0.0866754189768	
0.971	0.0838394800871	
0.972	0.080999912858	
0.973	0.078156712657	
0.974	0.0753098748476	
0.975	0.072459394789	
0.976	0.0696052678359	
0.977	0.0667474893392	
0.978	0.0638860546453	
0.979	0.0610209590962	
0.98	0.05815219803	
0.981	0.0552797667801	
0.982	0.0524036606759	
0.983	0.0495238750424	
0.984	0.0466404052002	
0.985	0.0437532464655	
0.986	0.0408623941504	
0.987	0.0379678435623	
0.988	0.0350695900046	
0.989	0.0321676287759	
0.99	0.0292619551707	
0.991	0.0263525644789	
0.992	0.0234394519862	
0.993	0.0205226129735	
0.994	0.0176020427175	
0.995	0.0146777364904	
0.996	0.01174968956	
0.997	0.00881789718924	
0.998	0.00588235463699	
0.999	0.00294305715737	
1.0	0.0	
