0.0	2.0	
0.001	1.96837453491	
0.002	1.95526935712	
0.003	1.94520855974	
0.004	1.93672232038	
0.005	1.92924138134	
0.006	1.92247382732	
0.007	1.9162462685	
0.008	1.91044574611	
0.009	1.90499380886	
0.01	1.89983334436	
0.011	1.89492124318	
0.012	1.8902240181	
0.013	1.88571504217	
0.014	1.88137272933	
0.015	1.87717929208	
0.016	1.87311986701	
0.017	1.86918188327	
0.018	1.86535459632	
0.019	1.86162873687	
0.02	1.85799624211	
0.021	1.85445004677	
0.022	1.85098391853	
0.023	1.84759232679	
0.024	1.84427033683	
0.025	1.84101352369	
0.026	1.83781790141	
0.027	1.83467986439	
0.028	1.83159613849	
0.029	1.82856373991	
0.03	1.82557994035	
0.031	1.82264223749	
0.032	1.81974832956	
0.033	1.81689609361	
0.034	1.81408356664	
0.035	1.81130892922	
0.036	1.80857049124	
0.037	1.80586667938	
0.038	1.80319602613	
0.039	1.80055716014	
0.04	1.79794879754	
0.041	1.79536973442	
0.042	1.79281883996	
0.043	1.79029505042	
0.044	1.78779736368	
0.045	1.78532483436	
0.046	1.78287656941	
0.047	1.78045172418	
0.048	1.7780494988	
0.049	1.77566913495	
0.05	1.77330991287	
0.051	1.7709711487	
0.052	1.76865219201	
0.053	1.76635242357	
0.054	1.76407125326	
0.055	1.76180811823	
0.056	1.75956248117	
0.057	1.75733382868	
0.058	1.75512166984	
0.059	1.75292553483	
0.06	1.75074497371	
0.061	1.74857955525	
0.062	1.74642886585	
0.063	1.74429250855	
0.064	1.74217010213	
0.065	1.74006128022	
0.066	1.73796569051	
0.067	1.73588299402	
0.068	1.73381286439	
0.069	1.73175498724	
0.07	1.72970905956	
0.071	1.72767478915	
0.072	1.72565189405	
0.073	1.72364010211	
0.074	1.72163915045	
0.075	1.71964878508	
0.076	1.71766876046	
0.077	1.71569883908	
0.078	1.71373879117	
0.079	1.71178839428	
0.08	1.70984743299	
0.081	1.70791569862	
0.082	1.70599298888	
0.083	1.70407910767	
0.084	1.70217386476	
0.085	1.70027707558	
0.086	1.69838856097	
0.087	1.69650814698	
0.088	1.69463566463	
0.089	1.69277094974	
0.09	1.69091384271	
0.091	1.6890641884	
0.092	1.68722183588	
0.093	1.68538663832	
0.094	1.68355845286	
0.095	1.68173714037	
0.096	1.67992256542	
0.097	1.67811459607	
0.098	1.67631310378	
0.099	1.67451796326	
0.1	1.6727290524	
0.101	1.67094625211	
0.102	1.66916944625	
0.103	1.6673985215	
0.104	1.66563336729	
0.105	1.6638738757	
0.106	1.66211994136	
0.107	1.66037146138	
0.108	1.65862833525	
0.109	1.6568904648	
0.11	1.65515775408	
0.111	1.65343010932	
0.112	1.65170743884	
0.113	1.649989653	
0.114	1.64827666414	
0.115	1.6465683865	
0.116	1.64486473618	
0.117	1.64316563107	
0.118	1.64147099081	
0.119	1.63978073674	
0.12	1.63809479181	
0.121	1.6364130806	
0.122	1.63473552921	
0.123	1.63306206526	
0.124	1.63139261783	
0.125	1.6297271174	
0.126	1.62806549585	
0.127	1.62640768639	
0.128	1.62475362353	
0.129	1.62310324306	
0.13	1.62145648199	
0.131	1.61981327853	
0.132	1.61817357208	
0.133	1.61653730315	
0.134	1.61490441337	
0.135	1.61327484544	
0.136	1.61164854311	
0.137	1.61002545117	
0.138	1.60840551538	
0.139	1.60678868248	
0.14	1.60517490018	
0.141	1.60356411707	
0.142	1.60195628268	
0.143	1.60035134739	
0.144	1.59874926244	
0.145	1.59714997993	
0.146	1.59555345273	
0.147	1.59395963455	
0.148	1.59236847985	
0.149	1.59077994385	
0.15	1.58919398252	
0.151	1.58761055255	
0.152	1.58602961132	
0.153	1.58445111691	
0.154	1.58287502809	
0.155	1.58130130427	
0.156	1.57972990549	
0.157	1.57816079245	
0.158	1.57659392645	
0.159	1.57502926938	
0.16	1.57346678374	
0.161	1.57190643258	
0.162	1.57034817954	
0.163	1.56879198878	
0.164	1.56723782502	
0.165	1.5656856535	
0.166	1.56413543997	
0.167	1.5625871507	
0.168	1.56104075243	
0.169	1.5594962124	
0.17	1.55795349832	
0.171	1.55641257837	
0.172	1.55487342116	
0.173	1.55333599578	
0.174	1.55180027173	
0.175	1.55026621894	
0.176	1.54873380777	
0.177	1.54720300898	
0.178	1.54567379373	
0.179	1.54414613357	
0.18	1.54262000047	
0.181	1.54109536672	
0.182	1.53957220504	
0.183	1.53805048847	
0.184	1.53653019043	
0.185	1.53501128468	
0.186	1.53349374534	
0.187	1.53197754684	
0.188	1.53046266395	
0.189	1.52894907179	
0.19	1.52743674576	
0.191	1.52592566159	
0.192	1.52441579532	
0.193	1.52290712329	
0.194	1.52139962213	
0.195	1.51989326876	
0.196	1.5183880404	
0.197	1.51688391451	
0.198	1.51538086888	
0.199	1.51387888152	
0.2	1.51237793074	
0.201	1.51087799509	
0.202	1.50937905338	
0.203	1.50788108469	
0.204	1.50638406831	
0.205	1.5048879838	
0.206	1.50339281096	
0.207	1.5018985298	
0.208	1.50040512059	
0.209	1.49891256381	
0.21	1.49742084016	
0.211	1.49592993057	
0.212	1.49443981617	
0.213	1.49295047832	
0.214	1.49146189858	
0.215	1.48997405871	
0.216	1.48848694067	
0.217	1.48700052663	
0.218	1.48551479895	
0.219	1.48402974017	
0.22	1.48254533303	
0.221	1.48106156045	
0.222	1.47957840555	
0.223	1.47809585161	
0.224	1.47661388208	
0.225	1.4751324806	
0.226	1.47365163099	
0.227	1.47217131721	
0.228	1.47069152341	
0.229	1.46921223389	
0.23	1.46773343312	
0.231	1.46625510572	
0.232	1.46477723647	
0.233	1.46329981031	
0.234	1.46182281231	
0.235	1.46034622772	
0.236	1.45887004191	
0.237	1.4573942404	
0.238	1.45591880886	
0.239	1.4544437331	
0.24	1.45296899907	
0.241	1.45149459283	
0.242	1.45002050062	
0.243	1.44854670877	
0.244	1.44707320376	
0.245	1.44559997219	
0.246	1.4441270008	
0.247	1.44265427645	
0.248	1.4411817861	
0.249	1.43970951686	
0.25	1.43823745595	
0.251	1.43676559071	
0.252	1.43529390858	
0.253	1.43382239713	
0.254	1.43235104405	
0.255	1.43087983712	
0.256	1.42940876424	
0.257	1.42793781341	
0.258	1.42646697276	
0.259	1.4249962305	
0.26	1.42352557495	
0.261	1.42205499454	
0.262	1.42058447779	
0.263	1.41911401333	
0.264	1.41764358989	
0.265	1.41617319627	
0.266	1.41470282139	
0.267	1.41323245427	
0.268	1.41176208401	
0.269	1.41029169979	
0.27	1.40882129091	
0.271	1.40735084674	
0.272	1.40588035673	
0.273	1.40440981044	
0.274	1.4029391975	
0.275	1.40146850762	
0.276	1.39999773062	
0.277	1.39852685637	
0.278	1.39705587484	
0.279	1.39558477607	
0.28	1.3941135502	
0.281	1.39264218742	
0.282	1.39117067803	
0.283	1.38969901236	
0.284	1.38822718086	
0.285	1.38675517404	
0.286	1.38528298247	
0.287	1.38381059681	
0.288	1.38233800778	
0.289	1.38086520618	
0.29	1.37939218287	
0.291	1.37791892879	
0.292	1.37644543494	
0.293	1.37497169239	
0.294	1.37349769228	
0.295	1.37202342581	
0.296	1.37054888424	
0.297	1.36907405891	
0.298	1.36759894121	
0.299	1.3661235226	
0.3	1.3646477946	
0.301	1.36317174878	
0.302	1.36169537679	
0.303	1.36021867032	
0.304	1.35874162114	
0.305	1.35726422106	
0.306	1.35578646195	
0.307	1.35430833575	
0.308	1.35282983445	
0.309	1.35135095008	
0.31	1.34987167475	
0.311	1.3483920006	
0.312	1.34691191984	
0.313	1.34543142473	
0.314	1.34395050759	
0.315	1.34246916076	
0.316	1.34098737668	
0.317	1.33950514779	
0.318	1.33802246662	
0.319	1.33653932573	
0.32	1.33505571773	
0.321	1.33357163528	
0.322	1.3320870711	
0.323	1.33060201793	
0.324	1.32911646858	
0.325	1.3276304159	
0.326	1.32614385278	
0.327	1.32465677216	
0.328	1.32316916703	
0.329	1.32168103042	
0.33	1.32019235539	
0.331	1.31870313507	
0.332	1.31721336261	
0.333	1.3157230312	
0.334	1.3142321341	
0.335	1.31274066459	
0.336	1.31124861598	
0.337	1.30975598165	
0.338	1.308262755	
0.339	1.30676892948	
0.34	1.30527449856	
0.341	1.30377945577	
0.342	1.30228379467	
0.343	1.30078750886	
0.344	1.29929059198	
0.345	1.29779303769	
0.346	1.29629483971	
0.347	1.29479599178	
0.348	1.29329648768	
0.349	1.29179632124	
0.35	1.2902954863	
0.351	1.28879397676	
0.352	1.28729178652	
0.353	1.28578890956	
0.354	1.28428533986	
0.355	1.28278107144	
0.356	1.28127609836	
0.357	1.27977041471	
0.358	1.27826401461	
0.359	1.27675689221	
0.36	1.27524904169	
0.361	1.27374045729	
0.362	1.27223113323	
0.363	1.2707210638	
0.364	1.26921024331	
0.365	1.26769866609	
0.366	1.26618632652	
0.367	1.26467321899	
0.368	1.26315933794	
0.369	1.26164467781	
0.37	1.26012923309	
0.371	1.25861299829	
0.372	1.25709596796	
0.373	1.25557813666	
0.374	1.254059499	
0.375	1.25254004959	
0.376	1.25101978308	
0.377	1.24949869416	
0.378	1.24797677752	
0.379	1.2464540279	
0.38	1.24493044005	
0.381	1.24340600875	
0.382	1.24188072882	
0.383	1.24035459508	
0.384	1.23882760238	
0.385	1.23729974562	
0.386	1.2357710197	
0.387	1.23424141954	
0.388	1.23271094011	
0.389	1.23117957637	
0.39	1.22964732334	
0.391	1.22811417604	
0.392	1.22658012951	
0.393	1.22504517882	
0.394	1.22350931907	
0.395	1.22197254538	
0.396	1.22043485288	
0.397	1.21889623673	
0.398	1.21735669211	
0.399	1.21581621424	
0.4	1.21427479832	
0.401	1.21273243961	
0.402	1.21118913338	
0.403	1.2096448749	
0.404	1.2080996595	
0.405	1.20655348249	
0.406	1.20500633923	
0.407	1.20345822509	
0.408	1.20190913545	
0.409	1.20035906572	
0.41	1.19880801132	
0.411	1.19725596772	
0.412	1.19570293037	
0.413	1.19414889475	
0.414	1.19259385637	
0.415	1.19103781075	
0.416	1.18948075344	
0.417	1.18792267998	
0.418	1.18636358597	
0.419	1.18480346698	
0.42	1.18324231864	
0.421	1.18168013657	
0.422	1.18011691642	
0.423	1.17855265386	
0.424	1.17698734457	
0.425	1.17542098424	
0.426	1.17385356859	
0.427	1.17228509335	
0.428	1.17071555428	
0.429	1.16914494712	
0.43	1.16757326768	
0.431	1.16600051174	
0.432	1.16442667512	
0.433	1.16285175364	
0.434	1.16127574314	
0.435	1.1596986395	
0.436	1.15812043858	
0.437	1.15654113627	
0.438	1.15496072848	
0.439	1.15337921113	
0.44	1.15179658016	
0.441	1.1502128315	
0.442	1.14862796113	
0.443	1.14704196503	
0.444	1.14545483919	
0.445	1.14386657961	
0.446	1.14227718232	
0.447	1.14068664334	
0.448	1.13909495874	
0.449	1.13750212457	
0.45	1.1359081369	
0.451	1.13431299184	
0.452	1.13271668547	
0.453	1.13111921391	
0.454	1.1295205733	
0.455	1.12792075977	
0.456	1.12631976948	
0.457	1.1247175986	
0.458	1.12311424331	
0.459	1.12150969979	
0.46	1.11990396426	
0.461	1.11829703292	
0.462	1.11668890202	
0.463	1.11507956779	
0.464	1.11346902648	
0.465	1.11185727436	
0.466	1.11024430771	
0.467	1.10863012281	
0.468	1.10701471596	
0.469	1.10539808349	
0.47	1.1037802217	
0.471	1.10216112693	
0.472	1.10054079554	
0.473	1.09891922387	
0.474	1.09729640829	
0.475	1.09567234519	
0.476	1.09404703094	
0.477	1.09242046195	
0.478	1.09079263464	
0.479	1.08916354542	
0.48	1.08753319071	
0.481	1.08590156698	
0.482	1.08426867066	
0.483	1.08263449822	
0.484	1.08099904613	
0.485	1.07936231087	
0.486	1.07772428894	
0.487	1.07608497683	
0.488	1.07444437107	
0.489	1.07280246816	
0.49	1.07115926464	
0.491	1.06951475706	
0.492	1.06786894196	
0.493	1.06622181589	
0.494	1.06457337544	
0.495	1.06292361717	
0.496	1.06127253767	
0.497	1.05962013355	
0.498	1.05796640139	
0.499	1.05631133782	
0.5	1.05465493946	
0.501	1.05299720294	
0.502	1.0513381249	
0.503	1.04967770199	
0.504	1.04801593086	
0.505	1.04635280818	
0.506	1.04468833062	
0.507	1.04302249486	
0.508	1.04135529761	
0.509	1.03968673554	
0.51	1.03801680537	
0.511	1.03634550381	
0.512	1.03467282759	
0.513	1.03299877344	
0.514	1.03132333809	
0.515	1.02964651828	
0.516	1.02796831078	
0.517	1.02628871234	
0.518	1.02460771973	
0.519	1.02292532973	
0.52	1.02124153912	
0.521	1.01955634468	
0.522	1.01786974323	
0.523	1.01618173156	
0.524	1.01449230649	
0.525	1.01280146483	
0.526	1.01110920342	
0.527	1.00941551908	
0.528	1.00772040865	
0.529	1.00602386899	
0.53	1.00432589695	
0.531	1.00262648939	
0.532	1.00092564317	
0.533	0.999223355177	
0.534	0.997519622283	
0.535	0.995814441377	
0.536	0.994107809354	
0.537	0.992399723114	
0.538	0.990690179564	
0.539	0.988979175616	
0.54	0.987266708191	
0.541	0.985552774213	
0.542	0.983837370614	
0.543	0.982120494331	
0.544	0.98040214231	
0.545	0.978682311498	
0.546	0.976960998853	
0.547	0.975238201336	
0.548	0.973513915914	
0.549	0.971788139561	
0.55	0.970060869255	
0.551	0.968332101981	
0.552	0.966601834731	
0.553	0.964870064499	
0.554	0.963136788288	
0.555	0.961402003104	
0.556	0.95966570596	
0.557	0.957927893874	
0.558	0.956188563869	
0.559	0.954447712975	
0.56	0.952705338224	
0.561	0.950961436656	
0.562	0.949216005316	
0.563	0.947469041253	
0.564	0.945720541521	
0.565	0.943970503181	
0.566	0.942218923296	
0.567	0.940465798937	
0.568	0.938711127178	
0.569	0.936954905099	
0.57	0.935197129783	
0.571	0.933437798321	
0.572	0.931676907805	
0.573	0.929914455335	
0.574	0.928150438013	
0.575	0.926384852947	
0.576	0.924617697251	
0.577	0.92284896804	
0.578	0.921078662437	
0.579	0.919306777568	
0.58	0.917533310562	
0.581	0.915758258555	
0.582	0.913981618686	
0.583	0.912203388099	
0.584	0.91042356394	
0.585	0.908642143363	
0.586	0.906859123524	
0.587	0.905074501582	
0.588	0.903288274703	
0.589	0.901500440055	
0.59	0.899710994811	
0.591	0.897919936147	
0.592	0.896127261244	
0.593	0.894332967287	
0.594	0.892537051465	
0.595	0.890739510969	
0.596	0.888940342997	
0.597	0.887139544747	
0.598	0.885337113425	
0.599	0.883533046237	
0.6	0.881727340395	
0.601	0.879919993113	
0.602	0.878111001612	
0.603	0.876300363112	
0.604	0.874488074839	
0.605	0.872674134023	
0.606	0.870858537897	
0.607	0.869041283697	
0.608	0.867222368662	
0.609	0.865401790037	
0.61	0.863579545066	
0.611	0.861755631001	
0.612	0.859930045094	
0.613	0.858102784603	
0.614	0.856273846785	
0.615	0.854443228906	
0.616	0.85261092823	
0.617	0.850776942027	
0.618	0.848941267569	
0.619	0.847103902133	
0.62	0.845264842996	
0.621	0.84342408744	
0.622	0.841581632751	
0.623	0.839737476214	
0.624	0.837891615122	
0.625	0.836044046768	
0.626	0.834194768448	
0.627	0.832343777461	
0.628	0.830491071109	
0.629	0.828636646698	
0.63	0.826780501536	
0.631	0.824922632931	
0.632	0.823063038199	
0.633	0.821201714655	
0.634	0.819338659617	
0.635	0.817473870406	
0.636	0.815607344347	
0.637	0.813739078766	
0.638	0.811869070992	
0.639	0.809997318357	
0.64	0.808123818194	
0.641	0.80624856784	
0.642	0.804371564635	
0.643	0.802492805919	
0.644	0.800612289038	
0.645	0.798730011335	
0.646	0.796845970162	
0.647	0.794960162868	
0.648	0.793072586807	
0.649	0.791183239334	
0.65	0.789292117808	
0.651	0.787399219588	
0.652	0.785504542037	
0.653	0.783608082518	
0.654	0.7817098384	
0.655	0.77980980705	
0.656	0.77790798584	
0.657	0.776004372143	
0.658	0.774098963333	
0.659	0.772191756788	
0.66	0.770282749888	
0.661	0.768371940012	
0.662	0.766459324545	
0.663	0.764544900871	
0.664	0.762628666378	
0.665	0.760710618455	
0.666	0.758790754492	
0.667	0.756869071882	
0.668	0.75494556802	
0.669	0.753020240302	
0.67	0.751093086126	
0.671	0.749164102893	
0.672	0.747233288004	
0.673	0.745300638862	
0.674	0.743366152874	
0.675	0.741429827445	
0.676	0.739491659984	
0.677	0.737551647902	
0.678	0.735609788611	
0.679	0.733666079523	
0.68	0.731720518055	
0.681	0.729773101622	
0.682	0.727823827644	
0.683	0.725872693539	
0.684	0.723919696728	
0.685	0.721964834636	
0.686	0.720008104686	
0.687	0.718049504303	
0.688	0.716089030914	
0.689	0.714126681949	
0.69	0.712162454838	
0.691	0.71019634701	
0.692	0.7082283559	
0.693	0.706258478941	
0.694	0.704286713568	
0.695	0.702313057218	
0.696	0.700337507329	
0.697	0.69836006134	
0.698	0.696380716692	
0.699	0.694399470825	
0.7	0.692416321184	
0.701	0.690431265211	
0.702	0.688444300352	
0.703	0.686455424054	
0.704	0.684464633763	
0.705	0.682471926929	
0.706	0.680477301001	
0.707	0.67848075343	
0.708	0.676482281667	
0.709	0.674481883166	
0.71	0.672479555381	
0.711	0.670475295765	
0.712	0.668469101776	
0.713	0.66646097087	
0.714	0.664450900505	
0.715	0.66243888814	
0.716	0.660424931234	
0.717	0.658409027248	
0.718	0.656391173644	
0.719	0.654371367883	
0.72	0.652349607429	
0.721	0.650325889747	
0.722	0.648300212301	
0.723	0.646272572556	
0.724	0.64424296798	
0.725	0.642211396039	
0.726	0.640177854202	
0.727	0.638142339937	
0.728	0.636104850713	
0.729	0.634065384002	
0.73	0.632023937274	
0.731	0.629980508001	
0.732	0.627935093654	
0.733	0.625887691707	
0.734	0.623838299633	
0.735	0.621786914907	
0.736	0.619733535003	
0.737	0.617678157396	
0.738	0.615620779563	
0.739	0.61356139898	
0.74	0.611500013124	
0.741	0.609436619472	
0.742	0.607371215503	
0.743	0.605303798695	
0.744	0.603234366528	
0.745	0.60116291648	
0.746	0.599089446032	
0.747	0.597013952664	
0.748	0.594936433857	
0.749	0.592856887092	
0.75	0.590775309851	
0.751	0.588691699616	
0.752	0.58660605387	
0.753	0.584518370094	
0.754	0.582428645773	
0.755	0.580336878389	
0.756	0.578243065427	
0.757	0.576147204369	
0.758	0.574049292702	
0.759	0.571949327908	
0.76	0.569847307474	
0.761	0.567743228883	
0.762	0.565637089622	
0.763	0.563528887176	
0.764	0.561418619031	
0.765	0.559306282672	
0.766	0.557191875586	
0.767	0.555075395258	
0.768	0.552956839176	
0.769	0.550836204826	
0.77	0.548713489694	
0.771	0.546588691267	
0.772	0.544461807033	
0.773	0.542332834477	
0.774	0.540201771088	
0.775	0.538068614351	
0.776	0.535933361755	
0.777	0.533796010785	
0.778	0.531656558931	
0.779	0.529515003678	
0.78	0.527371342513	
0.781	0.525225572925	
0.782	0.5230776924	
0.783	0.520927698424	
0.784	0.518775588486	
0.785	0.516621360072	
0.786	0.514465010668	
0.787	0.512306537763	
0.788	0.510145938841	
0.789	0.50798321139	
0.79	0.505818352897	
0.791	0.503651360847	
0.792	0.501482232726	
0.793	0.499310966021	
0.794	0.497137558217	
0.795	0.4949620068	
0.796	0.492784309255	
0.797	0.490604463068	
0.798	0.488422465723	
0.799	0.486238314704	
0.8	0.484052007498	
0.801	0.481863541586	
0.802	0.479672914454	
0.803	0.477480123585	
0.804	0.475285166463	
0.805	0.47308804057	
0.806	0.470888743389	
0.807	0.468687272402	
0.808	0.466483625092	
0.809	0.46427779894	
0.81	0.462069791428	
0.811	0.459859600036	
0.812	0.457647222245	
0.813	0.455432655535	
0.814	0.453215897386	
0.815	0.450996945277	
0.816	0.448775796686	
0.817	0.446552449094	
0.818	0.444326899977	
0.819	0.442099146812	
0.82	0.439869187078	
0.821	0.437637018251	
0.822	0.435402637806	
0.823	0.433166043219	
0.824	0.430927231966	
0.825	0.42868620152	
0.826	0.426442949356	
0.827	0.424197472947	
0.828	0.421949769766	
0.829	0.419699837286	
0.83	0.417447672977	
0.831	0.415193274312	
0.832	0.41293663876	
0.833	0.410677763792	
0.834	0.408416646876	
0.835	0.406153285483	
0.836	0.403887677078	
0.837	0.40161981913	
0.838	0.399349709106	
0.839	0.397077344471	
0.84	0.394802722691	
0.841	0.392525841231	
0.842	0.390246697553	
0.843	0.387965289123	
0.844	0.385681613401	
0.845	0.38339566785	
0.846	0.38110744993	
0.847	0.378816957102	
0.848	0.376524186826	
0.849	0.37422913656	
0.85	0.371931803762	
0.851	0.369632185889	
0.852	0.367330280397	
0.853	0.365026084742	
0.854	0.362719596378	
0.855	0.36041081276	
0.856	0.35809973134	
0.857	0.355786349571	
0.858	0.353470664903	
0.859	0.351152674787	
0.86	0.348832376673	
0.861	0.346509768009	
0.862	0.344184846242	
0.863	0.341857608821	
0.864	0.339528053189	
0.865	0.337196176793	
0.866	0.334861977077	
0.867	0.332525451483	
0.868	0.330186597453	
0.869	0.32784541243	
0.87	0.325501893851	
0.871	0.323156039158	
0.872	0.320807845788	
0.873	0.318457311178	
0.874	0.316104432764	
0.875	0.313749207981	
0.876	0.311391634264	
0.877	0.309031709046	
0.878	0.306669429758	
0.879	0.304304793831	
0.88	0.301937798695	
0.881	0.299568441779	
0.882	0.29719672051	
0.883	0.294822632316	
0.884	0.292446174621	
0.885	0.29006734485	
0.886	0.287686140426	
0.887	0.285302558771	
0.888	0.282916597307	
0.889	0.280528253451	
0.89	0.278137524625	
0.891	0.275744408244	
0.892	0.273348901725	
0.893	0.270951002484	
0.894	0.268550707933	
0.895	0.266148015486	
0.896	0.263742922554	
0.897	0.261335426548	
0.898	0.258925524876	
0.899	0.256513214946	
0.9	0.254098494164	
0.901	0.251681359936	
0.902	0.249261809666	
0.903	0.246839840757	
0.904	0.244415450609	
0.905	0.241988636623	
0.906	0.239559396198	
0.907	0.237127726731	
0.908	0.234693625619	
0.909	0.232257090256	
0.91	0.229818118036	
0.911	0.22737670635	
0.912	0.22493285259	
0.913	0.222486554146	
0.914	0.220037808404	
0.915	0.217586612753	
0.916	0.215132964577	
0.917	0.212676861259	
0.918	0.210218300184	
0.919	0.207757278731	
0.92	0.205293794281	
0.921	0.202827844211	
0.922	0.200359425898	
0.923	0.197888536718	
0.924	0.195415174045	
0.925	0.192939335251	
0.926	0.190461017706	
0.927	0.187980218781	
0.928	0.185496935844	
0.929	0.18301116626	
0.93	0.180522907396	
0.931	0.178032156613	
0.932	0.175538911275	
0.933	0.173043168742	
0.934	0.170544926372	
0.935	0.168044181522	
0.936	0.16554093155	
0.937	0.163035173808	
0.938	0.16052690565	
0.939	0.158016124426	
0.94	0.155502827486	
0.941	0.152987012178	
0.942	0.150468675848	
0.943	0.147947815841	
0.944	0.145424429499	
0.945	0.142898514165	
0.946	0.140370067177	
0.947	0.137839085874	
0.948	0.135305567593	
0.949	0.132769509668	
0.95	0.130230909433	
0.951	0.127689764218	
0.952	0.125146071354	
0.953	0.122599828169	
0.954	0.120051031989	
0.955	0.117499680138	
0.956	0.114945769941	
0.957	0.112389298717	
0.958	0.109830263786	
0.959	0.107268662467	
0.96	0.104704492075	
0.961	0.102137749924	
0.962	0.0995684333273	
0.963	0.0969965395951	
0.964	0.0944220660364	
0.965	0.0918450099583	
0.966	0.0892653686662	
0.967	0.0866831394637	
0.968	0.0840983196525	
0.969	0.0815109065324	
0.97	0.0789208974016	
0.971	0.0763282895563	
0.972	0.0737330802909	
0.973	0.0711352668979	
0.974	0.0685348466681	
0.975	0.0659318168902	
0.976	0.0633261748512	
0.977	0.0607179178363	
0.978	0.0581070431285	
0.979	0.0554935480091	
0.98	0.0528774297575	
0.981	0.0502586856512	
0.982	0.0476373129658	
0.983	0.0450133089747	
0.984	0.0423866709498	
0.985	0.0397573961606	
0.986	0.0371254818751	
0.987	0.034490925359	
0.988	0.0318537238761	
0.989	0.0292138746884	
0.99	0.0265713750558	
0.991	0.0239262222361	
0.992	0.0212784134852	
0.993	0.0186279460571	
0.994	0.0159748172037	
0.995	0.0133190241747	
0.996	0.010660564218	
0.997	0.0079994345795	
0.998	0.00533563250286	
0.999	0.00266915522982	
1.0	0.0	
