0.0	2.0	
0.001	1.96837670638	
0.002	1.95527656188	
0.003	1.94522304776	
0.004	1.93674606662	
0.005	1.92927618409	
0.006	1.92252135639	
0.007	1.91630809375	
0.008	1.91052335604	
0.009	1.90508862378	
0.01	1.89994672605	
0.011	1.89505450231	
0.012	1.89037842009	
0.013	1.8858918119	
0.014	1.88157305506	
0.015	1.87740432864	
0.016	1.87337073858	
0.017	1.86945968574	
0.018	1.86566039932	
0.019	1.86196358555	
0.02	1.85836115871	
0.021	1.854846032	
0.022	1.85141195283	
0.023	1.8480533714	
0.024	1.84476533484	
0.025	1.8415434009	
0.026	1.8383835672	
0.027	1.83528221243	
0.028	1.83223604747	
0.029	1.82924207412	
0.03	1.82629755033	
0.031	1.82339996051	
0.032	1.82054699017	
0.033	1.81773650407	
0.034	1.81496652737	
0.035	1.8122352292	
0.036	1.80954090839	
0.037	1.80688198093	
0.038	1.80425696894	
0.039	1.80166449099	
0.04	1.79910325347	
0.041	1.79657204298	
0.042	1.7940697195	
0.043	1.79159521031	
0.044	1.78914750455	
0.045	1.78672564834	
0.046	1.78432874034	
0.047	1.78195592782	
0.048	1.779606403	
0.049	1.77727939984	
0.05	1.77497419106	
0.051	1.77269008541	
0.052	1.77042642527	
0.053	1.76818258433	
0.054	1.76595796558	
0.055	1.76375199941	
0.056	1.76156414185	
0.057	1.75939387301	
0.058	1.75724069558	
0.059	1.7551041335	
0.06	1.75298373067	
0.061	1.75087904983	
0.062	1.74878967144	
0.063	1.74671519274	
0.064	1.74465522677	
0.065	1.74260940152	
0.066	1.74057735915	
0.067	1.73855875524	
0.068	1.73655325807	
0.069	1.73456054797	
0.07	1.73258031673	
0.071	1.73061226702	
0.072	1.72865611186	
0.073	1.72671157411	
0.074	1.72477838601	
0.075	1.72285628871	
0.076	1.72094503191	
0.077	1.71904437342	
0.078	1.71715407881	
0.079	1.71527392106	
0.08	1.71340368024	
0.081	1.71154314319	
0.082	1.70969210324	
0.083	1.70785035992	
0.084	1.70601771871	
0.085	1.7041939908	
0.086	1.70237899283	
0.087	1.7005725467	
0.088	1.69877447933	
0.089	1.69698462249	
0.09	1.69520281258	
0.091	1.69342889047	
0.092	1.69166270134	
0.093	1.68990409448	
0.094	1.68815292316	
0.095	1.68640904449	
0.096	1.68467231926	
0.097	1.68294261181	
0.098	1.68121978991	
0.099	1.67950372463	
0.1	1.67779429025	
0.101	1.67609136409	
0.102	1.67439482647	
0.103	1.67270456057	
0.104	1.67102045233	
0.105	1.66934239038	
0.106	1.66767026594	
0.107	1.66600397273	
0.108	1.66434340689	
0.109	1.66268846691	
0.11	1.66103905355	
0.111	1.65939506976	
0.112	1.65775642062	
0.113	1.65612301327	
0.114	1.65449475686	
0.115	1.65287156247	
0.116	1.65125334304	
0.117	1.64964001337	
0.118	1.64803148998	
0.119	1.64642769115	
0.12	1.6448285368	
0.121	1.64323394847	
0.122	1.64164384926	
0.123	1.64005816382	
0.124	1.63847681826	
0.125	1.63689974013	
0.126	1.63532685839	
0.127	1.63375810336	
0.128	1.63219340668	
0.129	1.63063270127	
0.13	1.6290759213	
0.131	1.62752300219	
0.132	1.6259738805	
0.133	1.62442849399	
0.134	1.6228867815	
0.135	1.62134868301	
0.136	1.61981413953	
0.137	1.61828309313	
0.138	1.61675548688	
0.139	1.61523126486	
0.14	1.61371037208	
0.141	1.61219275452	
0.142	1.61067835905	
0.143	1.60916713344	
0.144	1.60765902635	
0.145	1.60615398726	
0.146	1.6046519665	
0.147	1.6031529152	
0.148	1.60165678528	
0.149	1.60016352945	
0.15	1.59867310114	
0.151	1.59718545454	
0.152	1.59570054455	
0.153	1.59421832678	
0.154	1.59273875752	
0.155	1.59126179374	
0.156	1.58978739304	
0.157	1.5883155137	
0.158	1.58684611459	
0.159	1.58537915521	
0.16	1.58391459566	
0.161	1.58245239662	
0.162	1.58099251936	
0.163	1.57953492568	
0.164	1.57807957796	
0.165	1.5766264391	
0.166	1.57517547254	
0.167	1.57372664221	
0.168	1.57227991257	
0.169	1.57083524856	
0.17	1.56939261561	
0.171	1.56795197962	
0.172	1.56651330694	
0.173	1.56507656441	
0.174	1.56364171928	
0.175	1.56220873926	
0.176	1.56077759246	
0.177	1.55934824744	
0.178	1.55792067315	
0.179	1.55649483896	
0.18	1.55507071461	
0.181	1.55364827025	
0.182	1.55222747639	
0.183	1.55080830394	
0.184	1.54939072415	
0.185	1.54797470863	
0.186	1.54656022935	
0.187	1.54514725864	
0.188	1.54373576912	
0.189	1.5423257338	
0.19	1.54091712597	
0.191	1.53950991927	
0.192	1.53810408764	
0.193	1.53669960534	
0.194	1.5352964469	
0.195	1.53389458719	
0.196	1.53249400135	
0.197	1.5310946648	
0.198	1.52969655326	
0.199	1.52829964271	
0.2	1.52690390942	
0.201	1.52550932991	
0.202	1.52411588097	
0.203	1.52272353964	
0.204	1.52133228322	
0.205	1.51994208926	
0.206	1.51855293556	
0.207	1.51716480014	
0.208	1.51577766128	
0.209	1.51439149748	
0.21	1.51300628747	
0.211	1.5116220102	
0.212	1.51023864485	
0.213	1.50885617082	
0.214	1.5074745677	
0.215	1.50609381532	
0.216	1.5047138937	
0.217	1.50333478307	
0.218	1.50195646385	
0.219	1.50057891668	
0.22	1.49920212236	
0.221	1.49782606191	
0.222	1.49645071652	
0.223	1.49507606757	
0.224	1.49370209662	
0.225	1.49232878542	
0.226	1.49095611589	
0.227	1.48958407011	
0.228	1.48821263034	
0.229	1.48684177902	
0.23	1.48547149873	
0.231	1.48410177224	
0.232	1.48273258246	
0.233	1.48136391247	
0.234	1.4799957455	
0.235	1.47862806493	
0.236	1.4772608543	
0.237	1.47589409729	
0.238	1.47452777773	
0.239	1.4731618796	
0.24	1.47179638701	
0.241	1.47043128422	
0.242	1.46906655563	
0.243	1.46770218576	
0.244	1.46633815928	
0.245	1.46497446099	
0.246	1.4636110758	
0.247	1.46224798879	
0.248	1.46088518512	
0.249	1.45952265011	
0.25	1.45816036918	
0.251	1.45679832789	
0.252	1.4554365119	
0.253	1.454074907	
0.254	1.4527134991	
0.255	1.4513522742	
0.256	1.44999121845	
0.257	1.44863031808	
0.258	1.44726955945	
0.259	1.44590892901	
0.26	1.44454841334	
0.261	1.4431879991	
0.262	1.44182767308	
0.263	1.44046742214	
0.264	1.43910723327	
0.265	1.43774709356	
0.266	1.43638699016	
0.267	1.43502691038	
0.268	1.43366684156	
0.269	1.43230677118	
0.27	1.4309466868	
0.271	1.42958657606	
0.272	1.42822642672	
0.273	1.42686622659	
0.274	1.42550596361	
0.275	1.42414562577	
0.276	1.42278520117	
0.277	1.42142467799	
0.278	1.42006404449	
0.279	1.41870328901	
0.28	1.41734239999	
0.281	1.41598136593	
0.282	1.41462017542	
0.283	1.41325881712	
0.284	1.41189727979	
0.285	1.41053555223	
0.286	1.40917362335	
0.287	1.40781148212	
0.288	1.40644911758	
0.289	1.40508651886	
0.29	1.40372367515	
0.291	1.4023605757	
0.292	1.40099720985	
0.293	1.399633567	
0.294	1.39826963662	
0.295	1.39690540826	
0.296	1.39554087151	
0.297	1.39417601604	
0.298	1.39281083161	
0.299	1.391445308	
0.3	1.39007943508	
0.301	1.38871320278	
0.302	1.38734660109	
0.303	1.38597962006	
0.304	1.38461224981	
0.305	1.38324448051	
0.306	1.3818763024	
0.307	1.38050770575	
0.308	1.37913868093	
0.309	1.37776921834	
0.31	1.37639930843	
0.311	1.37502894174	
0.312	1.37365810884	
0.313	1.37228680035	
0.314	1.37091500695	
0.315	1.36954271939	
0.316	1.36816992846	
0.317	1.36679662499	
0.318	1.36542279987	
0.319	1.36404844406	
0.32	1.36267354855	
0.321	1.36129810438	
0.322	1.35992210264	
0.323	1.35854553448	
0.324	1.35716839109	
0.325	1.3557906637	
0.326	1.35441234361	
0.327	1.35303342214	
0.328	1.35165389068	
0.329	1.35027374064	
0.33	1.34889296349	
0.331	1.34751155075	
0.332	1.34612949398	
0.333	1.34474678477	
0.334	1.34336341477	
0.335	1.34197937567	
0.336	1.34059465919	
0.337	1.33920925711	
0.338	1.33782316123	
0.339	1.33643636342	
0.34	1.33504885555	
0.341	1.33366062957	
0.342	1.33227167745	
0.343	1.33088199119	
0.344	1.32949156285	
0.345	1.32810038451	
0.346	1.3267084483	
0.347	1.32531574639	
0.348	1.32392227097	
0.349	1.32252801428	
0.35	1.32113296859	
0.351	1.31973712622	
0.352	1.3183404795	
0.353	1.31694302082	
0.354	1.31554474258	
0.355	1.31414563725	
0.356	1.31274569729	
0.357	1.31134491522	
0.358	1.30994328361	
0.359	1.30854079501	
0.36	1.30713744206	
0.361	1.3057332174	
0.362	1.3043281137	
0.363	1.30292212368	
0.364	1.30151524008	
0.365	1.30010745567	
0.366	1.29869876325	
0.367	1.29728915566	
0.368	1.29587862576	
0.369	1.29446716645	
0.37	1.29305477064	
0.371	1.29164143128	
0.372	1.29022714137	
0.373	1.2888118939	
0.374	1.28739568191	
0.375	1.28597849848	
0.376	1.28456033668	
0.377	1.28314118964	
0.378	1.28172105051	
0.379	1.28029991246	
0.38	1.2788777687	
0.381	1.27745461243	
0.382	1.27603043693	
0.383	1.27460523547	
0.384	1.27317900134	
0.385	1.27175172789	
0.386	1.27032340846	
0.387	1.26889403643	
0.388	1.26746360521	
0.389	1.26603210822	
0.39	1.26459953892	
0.391	1.26316589077	
0.392	1.26173115728	
0.393	1.26029533196	
0.394	1.25885840838	
0.395	1.25742038008	
0.396	1.25598124066	
0.397	1.25454098374	
0.398	1.25309960294	
0.399	1.25165709193	
0.4	1.25021344439	
0.401	1.24876865401	
0.402	1.24732271451	
0.403	1.24587561964	
0.404	1.24442736316	
0.405	1.24297793886	
0.406	1.24152734053	
0.407	1.24007556201	
0.408	1.23862259714	
0.409	1.23716843978	
0.41	1.23571308381	
0.411	1.23425652315	
0.412	1.23279875172	
0.413	1.23133976345	
0.414	1.22987955231	
0.415	1.22841811228	
0.416	1.22695543735	
0.417	1.22549152155	
0.418	1.22402635891	
0.419	1.22255994349	
0.42	1.22109226934	
0.421	1.21962333058	
0.422	1.21815312129	
0.423	1.2166816356	
0.424	1.21520886766	
0.425	1.21373481163	
0.426	1.21225946167	
0.427	1.21078281199	
0.428	1.20930485678	
0.429	1.20782559028	
0.43	1.20634500672	
0.431	1.20486310036	
0.432	1.20337986548	
0.433	1.20189529636	
0.434	1.20040938731	
0.435	1.19892213265	
0.436	1.19743352672	
0.437	1.19594356385	
0.438	1.19445223843	
0.439	1.19295954483	
0.44	1.19146547744	
0.441	1.18997003068	
0.442	1.18847319897	
0.443	1.18697497674	
0.444	1.18547535846	
0.445	1.18397433859	
0.446	1.18247191161	
0.447	1.18096807201	
0.448	1.1794628143	
0.449	1.17795613301	
0.45	1.17644802267	
0.451	1.17493847783	
0.452	1.17342749305	
0.453	1.17191506291	
0.454	1.17040118199	
0.455	1.1688858449	
0.456	1.16736904625	
0.457	1.16585078066	
0.458	1.16433104277	
0.459	1.16280982724	
0.46	1.16128712873	
0.461	1.1597629419	
0.462	1.15823726146	
0.463	1.15671008209	
0.464	1.15518139852	
0.465	1.15365120545	
0.466	1.15211949763	
0.467	1.1505862698	
0.468	1.14905151672	
0.469	1.14751523315	
0.47	1.14597741388	
0.471	1.14443805369	
0.472	1.14289714738	
0.473	1.14135468978	
0.474	1.13981067569	
0.475	1.13826509995	
0.476	1.1367179574	
0.477	1.13516924291	
0.478	1.13361895133	
0.479	1.13206707754	
0.48	1.13051361641	
0.481	1.12895856286	
0.482	1.12740191177	
0.483	1.12584365807	
0.484	1.12428379668	
0.485	1.12272232253	
0.486	1.12115923056	
0.487	1.11959451573	
0.488	1.118028173	
0.489	1.11646019733	
0.49	1.11489058372	
0.491	1.11331932715	
0.492	1.11174642261	
0.493	1.11017186512	
0.494	1.10859564969	
0.495	1.10701777134	
0.496	1.10543822511	
0.497	1.10385700604	
0.498	1.10227410919	
0.499	1.1006895296	
0.5	1.09910326235	
0.501	1.0975153025	
0.502	1.09592564516	
0.503	1.0943342854	
0.504	1.09274121833	
0.505	1.09114643905	
0.506	1.08954994268	
0.507	1.08795172434	
0.508	1.08635177917	
0.509	1.08475010229	
0.51	1.08314668887	
0.511	1.08154153404	
0.512	1.07993463298	
0.513	1.07832598085	
0.514	1.07671557282	
0.515	1.07510340408	
0.516	1.07348946981	
0.517	1.07187376522	
0.518	1.07025628551	
0.519	1.06863702589	
0.52	1.06701598157	
0.521	1.06539314778	
0.522	1.06376851975	
0.523	1.06214209271	
0.524	1.06051386192	
0.525	1.05888382262	
0.526	1.05725197007	
0.527	1.05561829953	
0.528	1.05398280627	
0.529	1.05234548557	
0.53	1.05070633271	
0.531	1.04906534297	
0.532	1.04742251165	
0.533	1.04577783406	
0.534	1.04413130549	
0.535	1.04248292126	
0.536	1.04083267668	
0.537	1.03918056708	
0.538	1.03752658779	
0.539	1.03587073414	
0.54	1.03421300148	
0.541	1.03255338514	
0.542	1.03089188048	
0.543	1.02922848285	
0.544	1.02756318762	
0.545	1.02589599015	
0.546	1.02422688581	
0.547	1.02255586999	
0.548	1.02088293806	
0.549	1.01920808541	
0.55	1.01753130743	
0.551	1.01585259953	
0.552	1.0141719571	
0.553	1.01248937555	
0.554	1.01080485028	
0.555	1.00911837673	
0.556	1.0074299503	
0.557	1.00573956643	
0.558	1.00404722054	
0.559	1.00235290807	
0.56	1.00065662445	
0.561	0.998958365135	
0.562	0.997258125569	
0.563	0.995555901202	
0.564	0.993851687492	
0.565	0.992145479899	
0.566	0.990437273886	
0.567	0.988727064924	
0.568	0.987014848485	
0.569	0.985300620045	
0.57	0.983584375086	
0.571	0.981866109091	
0.572	0.980145817549	
0.573	0.978423495952	
0.574	0.976699139797	
0.575	0.974972744583	
0.576	0.973244305813	
0.577	0.971513818994	
0.578	0.969781279638	
0.579	0.968046683257	
0.58	0.966310025371	
0.581	0.964571301498	
0.582	0.962830507166	
0.583	0.9610876379	
0.584	0.959342689232	
0.585	0.957595656696	
0.586	0.955846535831	
0.587	0.954095322176	
0.588	0.952342011276	
0.589	0.950586598678	
0.59	0.948829079932	
0.591	0.947069450591	
0.592	0.945307706211	
0.593	0.943543842351	
0.594	0.941777854574	
0.595	0.940009738443	
0.596	0.938239489526	
0.597	0.936467103394	
0.598	0.93469257562	
0.599	0.932915901779	
0.6	0.931137077451	
0.601	0.929356098215	
0.602	0.927572959657	
0.603	0.925787657361	
0.604	0.924000186917	
0.605	0.922210543915	
0.606	0.92041872395	
0.607	0.918624722617	
0.608	0.916828535514	
0.609	0.915030158242	
0.61	0.913229586405	
0.611	0.911426815606	
0.612	0.909621841454	
0.613	0.907814659558	
0.614	0.906005265529	
0.615	0.904193654981	
0.616	0.902379823531	
0.617	0.900563766795	
0.618	0.898745480394	
0.619	0.896924959949	
0.62	0.895102201084	
0.621	0.893277199425	
0.622	0.891449950599	
0.623	0.889620450235	
0.624	0.887788693964	
0.625	0.885954677419	
0.626	0.884118396234	
0.627	0.882279846046	
0.628	0.880439022492	
0.629	0.878595921212	
0.63	0.876750537847	
0.631	0.874902868039	
0.632	0.873052907432	
0.633	0.871200651672	
0.634	0.869346096406	
0.635	0.867489237282	
0.636	0.86563006995	
0.637	0.863768590061	
0.638	0.861904793269	
0.639	0.860038675226	
0.64	0.858170231587	
0.641	0.85629945801	
0.642	0.854426350151	
0.643	0.852550903669	
0.644	0.850673114223	
0.645	0.848792977476	
0.646	0.846910489089	
0.647	0.845025644725	
0.648	0.843138440047	
0.649	0.841248870722	
0.65	0.839356932415	
0.651	0.837462620793	
0.652	0.835565931524	
0.653	0.833666860277	
0.654	0.831765402722	
0.655	0.829861554528	
0.656	0.827955311368	
0.657	0.826046668912	
0.658	0.824135622835	
0.659	0.822222168809	
0.66	0.820306302508	
0.661	0.818388019607	
0.662	0.816467315782	
0.663	0.814544186709	
0.664	0.812618628064	
0.665	0.810690635524	
0.666	0.808760204766	
0.667	0.80682733147	
0.668	0.804892011313	
0.669	0.802954239975	
0.67	0.801014013135	
0.671	0.799071326473	
0.672	0.797126175668	
0.673	0.795178556402	
0.674	0.793228464355	
0.675	0.791275895208	
0.676	0.789320844642	
0.677	0.78736330834	
0.678	0.785403281983	
0.679	0.783440761252	
0.68	0.78147574183	
0.681	0.779508219399	
0.682	0.777538189641	
0.683	0.775565648239	
0.684	0.773590590875	
0.685	0.771613013231	
0.686	0.76963291099	
0.687	0.767650279835	
0.688	0.765665115447	
0.689	0.763677413509	
0.69	0.761687169704	
0.691	0.759694379712	
0.692	0.757699039217	
0.693	0.7557011439	
0.694	0.753700689443	
0.695	0.751697671526	
0.696	0.749692085831	
0.697	0.747683928039	
0.698	0.745673193831	
0.699	0.743659878886	
0.7	0.741643978885	
0.701	0.739625489507	
0.702	0.737604406431	
0.703	0.735580725336	
0.704	0.733554441902	
0.705	0.731525551804	
0.706	0.729494050722	
0.707	0.727459934331	
0.708	0.725423198309	
0.709	0.72338383833	
0.71	0.721341850072	
0.711	0.719297229208	
0.712	0.717249971412	
0.713	0.715200072358	
0.714	0.71314752772	
0.715	0.711092333168	
0.716	0.709034484376	
0.717	0.706973977013	
0.718	0.704910806749	
0.719	0.702844969255	
0.72	0.700776460198	
0.721	0.698705275247	
0.722	0.696631410068	
0.723	0.694554860327	
0.724	0.69247562169	
0.725	0.690393689821	
0.726	0.688309060384	
0.727	0.68622172904	
0.728	0.684131691453	
0.729	0.682038943282	
0.73	0.679943480187	
0.731	0.677845297826	
0.732	0.675744391858	
0.733	0.673640757939	
0.734	0.671534391724	
0.735	0.669425288868	
0.736	0.667313445025	
0.737	0.665198855845	
0.738	0.663081516982	
0.739	0.660961424083	
0.74	0.658838572799	
0.741	0.656712958776	
0.742	0.654584577661	
0.743	0.652453425099	
0.744	0.650319496734	
0.745	0.648182788208	
0.746	0.646043295163	
0.747	0.643901013237	
0.748	0.641755938071	
0.749	0.6396080653	
0.75	0.637457390561	
0.751	0.635303909489	
0.752	0.633147617715	
0.753	0.630988510872	
0.754	0.62882658459	
0.755	0.626661834497	
0.756	0.62449425622	
0.757	0.622323845386	
0.758	0.620150597618	
0.759	0.617974508538	
0.76	0.615795573768	
0.761	0.613613788927	
0.762	0.611429149633	
0.763	0.609241651502	
0.764	0.607051290148	
0.765	0.604858061184	
0.766	0.602661960222	
0.767	0.600462982871	
0.768	0.598261124738	
0.769	0.596056381431	
0.77	0.593848748552	
0.771	0.591638221704	
0.772	0.589424796489	
0.773	0.587208468505	
0.774	0.58498923335	
0.775	0.582767086618	
0.776	0.580542023902	
0.777	0.578314040796	
0.778	0.576083132887	
0.779	0.573849295764	
0.78	0.571612525013	
0.781	0.569372816218	
0.782	0.56713016496	
0.783	0.564884566819	
0.784	0.562636017374	
0.785	0.5603845122	
0.786	0.558130046871	
0.787	0.555872616959	
0.788	0.553612218034	
0.789	0.551348845663	
0.79	0.549082495412	
0.791	0.546813162845	
0.792	0.544540843523	
0.793	0.542265533005	
0.794	0.539987226848	
0.795	0.537705920607	
0.796	0.535421609834	
0.797	0.533134290081	
0.798	0.530843956895	
0.799	0.528550605822	
0.8	0.526254232406	
0.801	0.523954832189	
0.802	0.521652400708	
0.803	0.519346933502	
0.804	0.517038426105	
0.805	0.514726874049	
0.806	0.512412272863	
0.807	0.510094618075	
0.808	0.50777390521	
0.809	0.50545012979	
0.81	0.503123287336	
0.811	0.500793373366	
0.812	0.498460383393	
0.813	0.496124312932	
0.814	0.493785157493	
0.815	0.491442912582	
0.816	0.489097573706	
0.817	0.486749136367	
0.818	0.484397596065	
0.819	0.482042948298	
0.82	0.47968518856	
0.821	0.477324312344	
0.822	0.47496031514	
0.823	0.472593192435	
0.824	0.470222939713	
0.825	0.467849552455	
0.826	0.465473026142	
0.827	0.463093356249	
0.828	0.46071053825	
0.829	0.458324567616	
0.83	0.455935439815	
0.831	0.453543150313	
0.832	0.451147694572	
0.833	0.448749068051	
0.834	0.446347266209	
0.835	0.443942284499	
0.836	0.441534118372	
0.837	0.439122763277	
0.838	0.43670821466	
0.839	0.434290467964	
0.84	0.431869518628	
0.841	0.429445362089	
0.842	0.427017993781	
0.843	0.424587409135	
0.844	0.42215360358	
0.845	0.41971657254	
0.846	0.417276311438	
0.847	0.414832815693	
0.848	0.41238608072	
0.849	0.409936101933	
0.85	0.407482874742	
0.851	0.405026394554	
0.852	0.402566656772	
0.853	0.400103656798	
0.854	0.397637390028	
0.855	0.395167851858	
0.856	0.392695037679	
0.857	0.390218942879	
0.858	0.387739562843	
0.859	0.385256892953	
0.86	0.382770928587	
0.861	0.380281665122	
0.862	0.377789097928	
0.863	0.375293222376	
0.864	0.372794033831	
0.865	0.370291527654	
0.866	0.367785699207	
0.867	0.365276543843	
0.868	0.362764056916	
0.869	0.360248233774	
0.87	0.357729069764	
0.871	0.355206560229	
0.872	0.352680700506	
0.873	0.350151485932	
0.874	0.347618911839	
0.875	0.345082973556	
0.876	0.342543666409	
0.877	0.340000985718	
0.878	0.337454926803	
0.879	0.334905484979	
0.88	0.332352655557	
0.881	0.329796433845	
0.882	0.327236815148	
0.883	0.324673794767	
0.884	0.322107367998	
0.885	0.319537530137	
0.886	0.316964276472	
0.887	0.314387602291	
0.888	0.311807502877	
0.889	0.309223973509	
0.89	0.306637009463	
0.891	0.30404660601	
0.892	0.301452758421	
0.893	0.298855461958	
0.894	0.296254711884	
0.895	0.293650503455	
0.896	0.291042831925	
0.897	0.288431692545	
0.898	0.285817080559	
0.899	0.283198991212	
0.9	0.28057741974	
0.901	0.27795236138	
0.902	0.275323811361	
0.903	0.272691764912	
0.904	0.270056217255	
0.905	0.26741716361	
0.906	0.264774599193	
0.907	0.262128519215	
0.908	0.259478918884	
0.909	0.256825793403	
0.91	0.254169137974	
0.911	0.251508947792	
0.912	0.248845218049	
0.913	0.246177943933	
0.914	0.243507120629	
0.915	0.240832743316	
0.916	0.238154807171	
0.917	0.235473307366	
0.918	0.232788239068	
0.919	0.230099597443	
0.92	0.22740737765	
0.921	0.224711574844	
0.922	0.222012184179	
0.923	0.2193092008	
0.924	0.216602619853	
0.925	0.213892436477	
0.926	0.211178645806	
0.927	0.208461242972	
0.928	0.205740223101	
0.929	0.203015581318	
0.93	0.20028731274	
0.931	0.197555412481	
0.932	0.194819875653	
0.933	0.192080697359	
0.934	0.189337872704	
0.935	0.186591396782	
0.936	0.183841264689	
0.937	0.181087471512	
0.938	0.178330012335	
0.939	0.17556888224	
0.94	0.172804076302	
0.941	0.170035589591	
0.942	0.167263417176	
0.943	0.164487554119	
0.944	0.161707995478	
0.945	0.158924736308	
0.946	0.156137771656	
0.947	0.153347096569	
0.948	0.150552706087	
0.949	0.147754595246	
0.95	0.144952759078	
0.951	0.142147192609	
0.952	0.139337890863	
0.953	0.136524848857	
0.954	0.133708061605	
0.955	0.130887524116	
0.956	0.128063231394	
0.957	0.125235178439	
0.958	0.122403360246	
0.959	0.119567771806	
0.96	0.116728408105	
0.961	0.113885264124	
0.962	0.111038334841	
0.963	0.108187615226	
0.964	0.105333100248	
0.965	0.102474784869	
0.966	0.0996126640472	
0.967	0.0967467327356	
0.968	0.093876985883	
0.969	0.0910034184331	
0.97	0.088126025325	
0.971	0.0852448014929	
0.972	0.0823597418662	
0.973	0.0794708413697	
0.974	0.0765780949232	
0.975	0.0736814974418	
0.976	0.0707810438356	
0.977	0.06787672901	
0.978	0.0649685478654	
0.979	0.0620564952975	
0.98	0.0591405661968	
0.981	0.0562207554492	
0.982	0.0532970579355	
0.983	0.0503694685315	
0.984	0.0474379821084	
0.985	0.044502593532	
0.986	0.0415632976633	
0.987	0.0386200893583	
0.988	0.0356729634681	
0.989	0.0327219148386	
0.99	0.0297669383108	
0.991	0.0268080287205	
0.992	0.0238451808985	
0.993	0.0208783896707	
0.994	0.0179076498576	
0.995	0.0149329562748	
0.996	0.0119543037327	
0.997	0.00897168703662	
0.998	0.00598510098669	
0.999	0.00299454037788	
1.0	0.0	
