0.133333 0.000000 0.000000 0.000000 0.000000 0.000000 0.000000 0.000000 0.000000 0.000000 
0.133333 0.000000 0.100000 0.000000 0.033333 0.100000 0.166667 0.100000 0.033333 0.033333 
0.200000 0.000000 0.066667 0.033333 0.100000 0.166667 0.100000 0.133333 0.000000 0.066667 
0.066667 0.000000 0.000000 0.000000 0.000000 0.000000 0.000000 0.033333 0.066667 0.033333 
0.166667 0.000000 0.000000 0.000000 0.000000 0.000000 0.000000 0.000000 0.000000 0.000000 
0.333333 0.000000 0.000000 0.033333 0.100000 0.133333 0.200000 0.100000 0.133333 0.066667 
0.333333 0.100000 0.133333 0.033333 0.133333 0.066667 0.200000 0.100000 0.100000 0.100000 
0.200000 0.033333 0.000000 0.000000 0.000000 0.000000 0.000000 0.000000 0.066667 0.000000 
0.100000 0.000000 0.000000 0.000000 0.000000 0.000000 0.000000 0.000000 0.000000 0.000000 

