0.200000 0.000000 0.000000 0.000000 0.000000 0.000000 0.000000 0.000000 0.000000 0.000000 

0.100000 0.000000 0.000000 0.000000 0.000000 0.000000 0.000000 0.000000 0.000000 0.000000 
0.233333 0.000000 0.000000 0.000000 0.000000 0.000000 0.000000 0.000000 0.000000 0.000000 
0.233333 0.000000 0.000000 0.000000 0.000000 0.000000 0.000000 0.000000 0.000000 0.000000 
0.166667 0.633333 11.333333 25.966667 29.666667 31.366667 33.433333 33.633333 32.933333 36.633333 
0.066667 0.000000 0.000000 0.000000 0.000000 0.000000 0.000000 0.000000 0.000000 0.000000 
0.200000 0.000000 0.000000 0.066667 0.166667 0.000000 0.000000 0.000000 0.000000 0.000000 
0.066667 0.100000 0.033333 0.000000 0.000000 0.000000 0.000000 0.000000 0.000000 0.000000 
0.266667 0.000000 0.033333 0.000000 0.000000 0.000000 0.000000 0.000000 0.000000 0.000000 
