0.100000 0.000000 0.000000 0.000000 0.000000 0.000000 0.000000 0.000000 0.000000 0.000000 
0.466667 0.000000 0.133333 3.400000 0.866667 0.000000 0.000000 0.000000 0.000000 0.000000 
0.200000 0.866667 0.000000 0.000000 0.000000 0.000000 0.000000 0.000000 0.000000 0.000000 
0.333333 0.000000 0.000000 0.000000 0.000000 0.000000 0.000000 0.000000 0.000000 0.000000 
0.133333 0.000000 0.000000 0.000000 0.000000 0.000000 0.000000 0.000000 0.000000 0.000000 
0.500000 0.033333 0.100000 2.100000 0.533333 0.000000 0.000000 0.000000 0.000000 0.000000 
0.433333 0.033333 0.000000 0.000000 0.000000 0.000000 0.000000 0.000000 0.000000 0.000000 

0.266667 0.066667 0.033333 0.000000 0.000000 0.000000 0.000000 0.000000 0.000000 0.000000 
0.300000 0.000000 0.033333 0.000000 0.000000 0.000000 0.000000 0.000000 0.000000 0.000000 
