0.000000 0.000000 0.000000 0.000000 0.000000 0.000000 0.000000 0.000000 0.000000 0.000000 
0.066667 0.000000 0.000000 0.000000 0.000000 0.000000 0.000000 0.000000 0.000000 0.000000 
0.233333 0.733333 4.966667 9.733333 11.766667 13.166667 13.600000 13.766667 13.833333 14.466667 
2.233333 0.400000 0.000000 0.000000 0.033333 0.000000 0.133333 0.066667 0.066667 0.033333 
0.000000 0.000000 0.000000 0.000000 0.000000 0.000000 0.000000 0.000000 0.000000 0.000000 
0.233333 0.000000 0.000000 0.000000 0.033333 0.000000 0.000000 0.000000 0.000000 0.000000 

0.066667 0.000000 0.000000 0.000000 0.000000 0.000000 0.000000 0.000000 0.000000 0.000000 
0.100000 0.000000 0.000000 0.000000 0.000000 0.000000 0.000000 0.000000 0.000000 0.000000 
0.033333 0.000000 0.000000 0.000000 0.000000 0.000000 0.000000 0.000000 0.000000 0.000000 
