0.066667 0.000000 0.000000 0.000000 0.000000 0.000000 0.000000 0.000000 0.000000 0.000000 
0.200000 0.033333 0.833333 1.133333 0.100000 0.000000 0.000000 0.000000 0.000000 0.000000 
0.133333 0.700000 0.000000 0.000000 0.000000 0.000000 0.000000 0.000000 0.000000 0.000000 
0.366667 0.000000 0.000000 0.000000 0.000000 0.000000 0.000000 0.000000 0.000000 0.000000 
0.033333 0.000000 0.000000 0.000000 0.000000 0.000000 0.000000 0.000000 0.000000 0.000000 
0.233333 0.033333 0.600000 0.900000 0.000000 0.000000 0.000000 0.000000 0.000000 0.000000 
0.100000 0.000000 0.000000 0.000000 0.000000 0.000000 0.000000 0.000000 0.000000 0.000000 

0.133333 0.033333 0.000000 0.033333 0.000000 0.000000 0.000000 0.000000 0.000000 0.000000 
0.133333 0.033333 0.033333 0.000000 0.000000 0.000000 0.000000 0.000000 0.000000 0.000000 
