0.333333 0.000000 0.000000 0.000000 0.000000 0.000000 0.000000 0.000000 0.000000 0.000000 
0.766667 6.266667 11.633333 13.000000 12.666667 17.066667 20.700000 22.166667 19.766667 21.166667 
0.266667 0.000000 0.000000 0.000000 0.000000 0.000000 0.000000 0.000000 0.000000 0.000000 
0.500000 0.000000 0.000000 0.000000 0.000000 0.000000 0.000000 0.000000 0.000000 0.000000 
0.300000 0.000000 0.000000 0.000000 0.000000 0.000000 0.000000 0.000000 0.000000 0.000000 

0.400000 0.000000 0.000000 0.000000 0.000000 0.000000 0.000000 0.000000 0.000000 0.000000 
0.466667 0.033333 0.000000 0.133333 0.000000 0.000000 0.000000 0.000000 0.000000 0.000000 
0.233333 0.033333 0.000000 0.000000 0.000000 0.033333 0.000000 0.000000 0.000000 0.000000 
0.233333 0.033333 0.000000 0.000000 0.000000 0.000000 0.000000 0.000000 0.000000 0.000000 
