0.0	1.0	
0.001	0.998782030658	
0.002	0.997611771779	
0.003	0.996458848416	
0.004	0.995317019091	
0.005	0.994183347114	
0.006	0.993056111615	
0.007	0.991934178527	
0.008	0.990816742575	
0.009	0.989703201384	
0.01	0.988593086635	
0.011	0.987486023215	
0.012	0.986381703437	
0.013	0.985279869956	
0.014	0.984180304019	
0.015	0.983082817091	
0.016	0.981987244754	
0.017	0.980893442132	
0.018	0.979801280414	
0.019	0.978710644149	
0.02	0.977621429117	
0.021	0.976533540632	
0.022	0.975446892166	
0.023	0.974361404233	
0.024	0.973277003458	
0.025	0.972193621813	
0.026	0.971111195968	
0.027	0.970029666746	
0.028	0.96894897866	
0.029	0.967869079516	
0.03	0.966789920069	
0.031	0.96571145373	
0.032	0.964633636303	
0.033	0.963556425766	
0.034	0.962479782067	
0.035	0.961403666955	
0.036	0.960328043823	
0.037	0.959252877571	
0.038	0.958178134483	
0.039	0.95710378212	
0.04	0.95602978922	
0.041	0.954956125612	
0.042	0.953882762135	
0.043	0.952809670565	
0.044	0.951736823552	
0.045	0.950664194561	
0.046	0.949591757817	
0.047	0.948519488255	
0.048	0.947447361477	
0.049	0.94637535371	
0.05	0.945303441768	
0.051	0.944231603017	
0.052	0.943159815343	
0.053	0.942088057125	
0.054	0.941016307202	
0.055	0.939944544855	
0.056	0.938872749776	
0.057	0.937800902053	
0.058	0.936728982146	
0.059	0.935656970868	
0.06	0.93458484937	
0.061	0.933512599123	
0.062	0.932440201902	
0.063	0.931367639773	
0.064	0.930294895079	
0.065	0.92922195043	
0.066	0.928148788687	
0.067	0.927075392952	
0.068	0.926001746562	
0.069	0.924927833073	
0.07	0.923853636254	
0.071	0.92277914008	
0.072	0.921704328721	
0.073	0.920629186535	
0.074	0.91955369806	
0.075	0.918477848009	
0.076	0.917401621264	
0.077	0.916325002867	
0.078	0.915247978014	
0.079	0.914170532054	
0.08	0.91309265048	
0.081	0.912014318924	
0.082	0.910935523153	
0.083	0.909856249065	
0.084	0.908776482686	
0.085	0.90769621016	
0.086	0.906615417753	
0.087	0.905534091846	
0.088	0.904452218928	
0.089	0.903369785598	
0.09	0.902286778559	
0.091	0.901203184615	
0.092	0.900118990671	
0.093	0.899034183724	
0.094	0.897948750866	
0.095	0.896862679282	
0.096	0.89577595624	
0.097	0.894688569097	
0.098	0.893600505294	
0.099	0.892511752352	
0.1	0.891422297872	
0.101	0.890332129531	
0.102	0.889241235083	
0.103	0.888149602356	
0.104	0.887057219248	
0.105	0.885964073728	
0.106	0.884870153834	
0.107	0.883775447672	
0.108	0.882679943412	
0.109	0.881583629288	
0.11	0.880486493597	
0.111	0.8793885247	
0.112	0.878289711013	
0.113	0.877190041017	
0.114	0.876089503246	
0.115	0.874988086292	
0.116	0.873885778804	
0.117	0.872782569484	
0.118	0.871678447088	
0.119	0.870573400424	
0.12	0.869467418352	
0.121	0.868360489782	
0.122	0.867252603676	
0.123	0.866143749041	
0.124	0.865033914936	
0.125	0.863923090465	
0.126	0.862811264778	
0.127	0.861698427074	
0.128	0.860584566593	
0.129	0.859469672622	
0.13	0.858353734491	
0.131	0.857236741573	
0.132	0.856118683283	
0.133	0.85499954908	
0.134	0.853879328462	
0.135	0.852758010967	
0.136	0.851635586176	
0.137	0.850512043708	
0.138	0.849387373221	
0.139	0.848261564413	
0.14	0.847134607017	
0.141	0.846006490807	
0.142	0.844877205594	
0.143	0.843746741223	
0.144	0.842615087578	
0.145	0.841482234579	
0.146	0.840348172179	
0.147	0.83921289037	
0.148	0.838076379176	
0.149	0.836938628657	
0.15	0.835799628905	
0.151	0.834659370049	
0.152	0.833517842249	
0.153	0.8323750357	
0.154	0.831230940627	
0.155	0.830085547291	
0.156	0.828938845982	
0.157	0.827790827026	
0.158	0.826641480777	
0.159	0.825490797622	
0.16	0.82433876798	
0.161	0.823185382299	
0.162	0.822030631059	
0.163	0.820874504771	
0.164	0.819716993976	
0.165	0.818558089243	
0.166	0.817397781174	
0.167	0.816236060399	
0.168	0.815072917577	
0.169	0.813908343398	
0.17	0.812742328579	
0.171	0.811574863868	
0.172	0.81040594004	
0.173	0.809235547899	
0.174	0.808063678278	
0.175	0.806890322038	
0.176	0.805715470068	
0.177	0.804539113284	
0.178	0.803361242632	
0.179	0.802181849083	
0.18	0.801000923638	
0.181	0.799818457324	
0.182	0.798634441195	
0.183	0.797448866333	
0.184	0.796261723846	
0.185	0.795073004871	
0.186	0.793882700569	
0.187	0.79269080213	
0.188	0.791497300768	
0.189	0.790302187727	
0.19	0.789105454275	
0.191	0.787907091707	
0.192	0.786707091343	
0.193	0.785505444531	
0.194	0.784302142644	
0.195	0.78309717708	
0.196	0.781890539266	
0.197	0.780682220651	
0.198	0.779472212713	
0.199	0.778260506952	
0.2	0.777047094897	
0.201	0.775831968102	
0.202	0.774615118144	
0.203	0.773396536628	
0.204	0.772176215183	
0.205	0.770954145463	
0.206	0.76973031915	
0.207	0.768504727946	
0.208	0.767277363584	
0.209	0.766048217817	
0.21	0.764817282427	
0.211	0.763584549217	
0.212	0.762350010019	
0.213	0.761113656688	
0.214	0.759875481102	
0.215	0.758635475168	
0.216	0.757393630814	
0.217	0.756149939994	
0.218	0.754904394688	
0.219	0.753656986899	
0.22	0.752407708655	
0.221	0.751156552009	
0.222	0.749903509039	
0.223	0.748648571847	
0.224	0.747391732559	
0.225	0.746132983326	
0.226	0.744872316324	
0.227	0.743609723753	
0.228	0.742345197839	
0.229	0.741078730829	
0.23	0.739810314997	
0.231	0.738539942642	
0.232	0.737267606085	
0.233	0.735993297673	
0.234	0.734717009778	
0.235	0.733438734795	
0.236	0.732158465143	
0.237	0.730876193268	
0.238	0.729591911637	
0.239	0.728305612744	
0.24	0.727017289106	
0.241	0.725726933264	
0.242	0.724434537785	
0.243	0.723140095259	
0.244	0.721843598299	
0.245	0.720545039547	
0.246	0.719244411664	
0.247	0.717941707338	
0.248	0.716636919282	
0.249	0.715330040231	
0.25	0.714021062947	
0.251	0.712709980214	
0.252	0.711396784842	
0.253	0.710081469664	
0.254	0.708764027539	
0.255	0.707444451348	
0.256	0.706122734	
0.257	0.704798868425	
0.258	0.703472847578	
0.259	0.702144664441	
0.26	0.700814312017	
0.261	0.699481783335	
0.262	0.698147071448	
0.263	0.696810169435	
0.264	0.695471070398	
0.265	0.694129767463	
0.266	0.692786253782	
0.267	0.69144052253	
0.268	0.690092566908	
0.269	0.688742380141	
0.27	0.687389955477	
0.271	0.686035286191	
0.272	0.684678365582	
0.273	0.683319186972	
0.274	0.681957743709	
0.275	0.680594029166	
0.276	0.67922803674	
0.277	0.677859759852	
0.278	0.676489191949	
0.279	0.675116326501	
0.28	0.673741157006	
0.281	0.672363676984	
0.282	0.670983879979	
0.283	0.669601759562	
0.284	0.668217309329	
0.285	0.666830522899	
0.286	0.665441393916	
0.287	0.664049916051	
0.288	0.662656082998	
0.289	0.661259888477	
0.29	0.659861326231	
0.291	0.65846039003	
0.292	0.657057073669	
0.293	0.655651370967	
0.294	0.654243275769	
0.295	0.652832781944	
0.296	0.651419883387	
0.297	0.650004574017	
0.298	0.64858684778	
0.299	0.647166698646	
0.3	0.645744120609	
0.301	0.644319107691	
0.302	0.642891653938	
0.303	0.64146175342	
0.304	0.640029400234	
0.305	0.638594588502	
0.306	0.63715731237	
0.307	0.635717566012	
0.308	0.634275343625	
0.309	0.632830639433	
0.31	0.631383447684	
0.311	0.629933762653	
0.312	0.62848157864	
0.313	0.62702688997	
0.314	0.625569690994	
0.315	0.624109976089	
0.316	0.622647739658	
0.317	0.621182976128	
0.318	0.619715679953	
0.319	0.618245845613	
0.32	0.616773467612	
0.321	0.615298540482	
0.322	0.613821058779	
0.323	0.612341017087	
0.324	0.610858410014	
0.325	0.609373232194	
0.326	0.607885478288	
0.327	0.606395142982	
0.328	0.604902220989	
0.329	0.603406707048	
0.33	0.601908595922	
0.331	0.600407882402	
0.332	0.598904561306	
0.333	0.597398627475	
0.334	0.595890075781	
0.335	0.594378901117	
0.336	0.592865098405	
0.337	0.591348662593	
0.338	0.589829588656	
0.339	0.588307871594	
0.34	0.586783506435	
0.341	0.58525648823	
0.342	0.583726812061	
0.343	0.582194473034	
0.344	0.580659466281	
0.345	0.579121786962	
0.346	0.577581430262	
0.347	0.576038391395	
0.348	0.5744926656	
0.349	0.572944248142	
0.35	0.571393134313	
0.351	0.569839319434	
0.352	0.568282798851	
0.353	0.566723567935	
0.354	0.565161622087	
0.355	0.563596956734	
0.356	0.562029567329	
0.357	0.560459449351	
0.358	0.558886598309	
0.359	0.557311009738	
0.36	0.555732679197	
0.361	0.554151602276	
0.362	0.55256777459	
0.363	0.550981191781	
0.364	0.549391849521	
0.365	0.547799743504	
0.366	0.546204869457	
0.367	0.544607223129	
0.368	0.5430068003	
0.369	0.541403596776	
0.37	0.53979760839	
0.371	0.538188831003	
0.372	0.536577260502	
0.373	0.534962892805	
0.374	0.533345723853	
0.375	0.531725749618	
0.376	0.530102966097	
0.377	0.528477369316	
0.378	0.526848955328	
0.379	0.525217720215	
0.38	0.523583660085	
0.381	0.521946771074	
0.382	0.520307049346	
0.383	0.518664491094	
0.384	0.517019092536	
0.385	0.515370849921	
0.386	0.513719759523	
0.387	0.512065817645	
0.388	0.51040902062	
0.389	0.508749364805	
0.39	0.507086846588	
0.391	0.505421462385	
0.392	0.503753208637	
0.393	0.502082081817	
0.394	0.500408078423	
0.395	0.498731194984	
0.396	0.497051428054	
0.397	0.495368774218	
0.398	0.493683230088	
0.399	0.491994792304	
0.4	0.490303457535	
0.401	0.488609222478	
0.402	0.486912083858	
0.403	0.485212038429	
0.404	0.483509082973	
0.405	0.481803214301	
0.406	0.480094429253	
0.407	0.478382724695	
0.408	0.476668097523	
0.409	0.474950544664	
0.41	0.47323006307	
0.411	0.471506649723	
0.412	0.469780301634	
0.413	0.468051015843	
0.414	0.466318789417	
0.415	0.464583619454	
0.416	0.462845503079	
0.417	0.461104437447	
0.418	0.459360419742	
0.419	0.457613447175	
0.42	0.455863516987	
0.421	0.45411062645	
0.422	0.452354772862	
0.423	0.450595953551	
0.424	0.448834165875	
0.425	0.447069407219	
0.426	0.445301675	
0.427	0.443530966661	
0.428	0.441757279676	
0.429	0.439980611548	
0.43	0.438200959809	
0.431	0.43641832202	
0.432	0.434632695772	
0.433	0.432844078684	
0.434	0.431052468406	
0.435	0.429257862615	
0.436	0.427460259021	
0.437	0.42565965536	
0.438	0.4238560494	
0.439	0.422049438935	
0.44	0.420239821792	
0.441	0.418427195826	
0.442	0.416611558922	
0.443	0.414792908994	
0.444	0.412971243986	
0.445	0.411146561872	
0.446	0.409318860654	
0.447	0.407488138367	
0.448	0.405654393072	
0.449	0.403817622862	
0.45	0.401977825858	
0.451	0.400135000214	
0.452	0.398289144111	
0.453	0.39644025576	
0.454	0.394588333403	
0.455	0.392733375312	
0.456	0.390875379787	
0.457	0.389014345161	
0.458	0.387150269793	
0.459	0.385283152077	
0.46	0.383412990433	
0.461	0.381539783312	
0.462	0.379663529196	
0.463	0.377784226596	
0.464	0.375901874056	
0.465	0.374016470145	
0.466	0.372128013467	
0.467	0.370236502654	
0.468	0.368341936368	
0.469	0.366444313302	
0.47	0.36454363218	
0.471	0.362639891754	
0.472	0.360733090809	
0.473	0.358823228159	
0.474	0.356910302649	
0.475	0.354994313152	
0.476	0.353075258576	
0.477	0.351153137855	
0.478	0.349227949956	
0.479	0.347299693875	
0.48	0.345368368641	
0.481	0.343433973312	
0.482	0.341496506975	
0.483	0.33955596875	
0.484	0.337612357787	
0.485	0.335665673266	
0.486	0.333715914398	
0.487	0.331763080425	
0.488	0.32980717062	
0.489	0.327848184286	
0.49	0.325886120756	
0.491	0.323920979397	
0.492	0.321952759603	
0.493	0.3199814608	
0.494	0.318007082447	
0.495	0.316029624031	
0.496	0.314049085072	
0.497	0.312065465119	
0.498	0.310078763754	
0.499	0.308088980587	
0.5	0.306096115264	
0.501	0.304100167456	
0.502	0.302101136869	
0.503	0.30009902324	
0.504	0.298093826334	
0.505	0.296085545951	
0.506	0.29407418192	
0.507	0.2920597341	
0.508	0.290042202383	
0.509	0.288021586693	
0.51	0.285997886982	
0.511	0.283971103237	
0.512	0.281941235472	
0.513	0.279908283737	
0.514	0.277872248109	
0.515	0.275833128699	
0.516	0.273790925648	
0.517	0.271745639129	
0.518	0.269697269346	
0.519	0.267645816534	
0.52	0.265591280961	
0.521	0.263533662924	
0.522	0.261472962752	
0.523	0.259409180808	
0.524	0.257342317484	
0.525	0.255272373203	
0.526	0.253199348421	
0.527	0.251123243625	
0.528	0.249044059333	
0.529	0.246961796096	
0.53	0.244876454494	
0.531	0.242788035142	
0.532	0.240696538684	
0.533	0.238601965796	
0.534	0.236504317186	
0.535	0.234403593594	
0.536	0.232299795791	
0.537	0.23019292458	
0.538	0.228082980796	
0.539	0.225969965304	
0.54	0.223853879003	
0.541	0.221734722823	
0.542	0.219612497725	
0.543	0.217487204703	
0.544	0.215358844781	
0.545	0.213227419016	
0.546	0.211092928497	
0.547	0.208955374345	
0.548	0.206814757712	
0.549	0.204671079781	
0.55	0.202524341769	
0.551	0.200374544924	
0.552	0.198221690526	
0.553	0.196065779886	
0.554	0.193906814348	
0.555	0.191744795288	
0.556	0.189579724112	
0.557	0.187411602261	
0.558	0.185240431206	
0.559	0.183066212449	
0.56	0.180888947528	
0.561	0.178708638009	
0.562	0.176525285491	
0.563	0.174338891606	
0.564	0.172149458018	
0.565	0.169956986422	
0.566	0.167761478545	
0.567	0.165562936148	
0.568	0.163361361022	
0.569	0.161156754991	
0.57	0.158949119912	
0.571	0.156738457672	
0.572	0.154524770191	
0.573	0.152308059423	
0.574	0.150088327351	
0.575	0.147865575993	
0.576	0.145639807397	
0.577	0.143411023644	
0.578	0.141179226849	
0.579	0.138944419155	
0.58	0.136706602742	
0.581	0.134465779819	
0.582	0.132221952627	
0.583	0.129975123443	
0.584	0.127725294572	
0.585	0.125472468353	
0.586	0.123216647157	
0.587	0.120957833389	
0.588	0.118696029483	
0.589	0.116431237908	
0.59	0.114163461164	
0.591	0.111892701785	
0.592	0.109618962334	
0.593	0.107342245409	
0.594	0.10506255364	
0.595	0.102779889688	
0.596	0.100494256249	
0.597	0.0982056560488	
0.598	0.0959140918463	
0.599	0.093619566433	
0.6	0.0913220826326	
0.601	0.0890216433014	
0.602	0.0867182513278	
0.603	0.0844119096328	
0.604	0.0821026211696	
0.605	0.079790388924	
0.606	0.077475215914	
0.607	0.0751571051902	
0.608	0.0728360598355	
0.609	0.0705120829653	
0.61	0.0681851777272	
0.611	0.0658553473016	
0.612	0.063522594901	
0.613	0.0611869237704	
0.614	0.0588483371875	
0.615	0.056506838462	
0.616	0.0541624309365	
0.617	0.0518151179857	
0.618	0.049464903017	
0.619	0.04711178947	
0.62	0.0447557808171	
0.621	0.0423968805628	
0.622	0.0400350922443	
0.623	0.0376704194312	
0.624	0.0353028657255	
0.625	0.0329324347619	
0.626	0.0305591302072	
0.627	0.0281829557611	
0.628	0.0258039151554	
0.629	0.0234220121547	
0.63	0.0210372505557	
0.631	0.018649634188	
0.632	0.0162591669134	
0.633	0.0138658526263	
0.634	0.0114696952535	
0.635	0.00907069875431	
0.636	0.0066688671206	
0.637	0.00426420437664	
0.638	0.00185671457921	
0.639	-0.000553598182435	
0.64	-0.00296672978655	
0.641	-0.00538267607892	
0.642	-0.00780143287283	
0.643	-0.0102229959491	
0.644	-0.0126473610561	
0.645	-0.0150745239096	
0.646	-0.0175044801931	
0.647	-0.0199372255574	
0.648	-0.0223727556211	
0.649	-0.02481106597	
0.65	-0.0272521521576	
0.651	-0.0296960097051	
0.652	-0.0321426341009	
0.653	-0.0345920208013	
0.654	-0.0370441652297	
0.655	-0.0394990627775	
0.656	-0.0419567088033	
0.657	-0.0444170986335	
0.658	-0.0468802275619	
0.659	-0.04934609085	
0.66	-0.0518146837266	
0.661	-0.0542860013884	
0.662	-0.0567600389994	
0.663	-0.0592367916914	
0.664	-0.0617162545636	
0.665	-0.0641984226828	
0.666	-0.0666832910836	
0.667	-0.0691708547678	
0.668	-0.0716611087052	
0.669	-0.074154047833	
0.67	-0.0766496670561	
0.671	-0.0791479612468	
0.672	-0.0816489252454	
0.673	-0.0841525538595	
0.674	-0.0866588418644	
0.675	-0.0891677840032	
0.676	-0.0916793749865	
0.677	-0.0941936094926	
0.678	-0.0967104821675	
0.679	-0.0992299876247	
0.68	-0.101752120446	
0.681	-0.104276875179	
0.682	-0.106804246342	
0.683	-0.109334228419	
0.684	-0.111866815861	
0.685	-0.114402003089	
0.686	-0.11693978449	
0.687	-0.119480154419	
0.688	-0.1220231072	
0.689	-0.124568637123	
0.69	-0.127116738446	
0.691	-0.129667405397	
0.692	-0.132220632168	
0.693	-0.134776412922	
0.694	-0.137334741788	
0.695	-0.139895612864	
0.696	-0.142459020215	
0.697	-0.145024957875	
0.698	-0.147593419843	
0.699	-0.150164400089	
0.7	-0.152737892549	
0.701	-0.155313891129	
0.702	-0.157892389699	
0.703	-0.160473382102	
0.704	-0.163056862144	
0.705	-0.165642823602	
0.706	-0.168231260219	
0.707	-0.170822165708	
0.708	-0.173415533749	
0.709	-0.17601135799	
0.71	-0.178609632046	
0.711	-0.181210349501	
0.712	-0.183813503907	
0.713	-0.186419088784	
0.714	-0.18902709762	
0.715	-0.19163752387	
0.716	-0.194250360959	
0.717	-0.196865602279	
0.718	-0.199483241189	
0.719	-0.202103271019	
0.72	-0.204725685064	
0.721	-0.207350476588	
0.722	-0.209977638825	
0.723	-0.212607164976	
0.724	-0.215239048208	
0.725	-0.217873281659	
0.726	-0.220509858435	
0.727	-0.223148771609	
0.728	-0.225790014222	
0.729	-0.228433579286	
0.73	-0.231079459777	
0.731	-0.233727648643	
0.732	-0.236378138798	
0.733	-0.239030923126	
0.734	-0.241685994478	
0.735	-0.244343345674	
0.736	-0.247002969502	
0.737	-0.249664858719	
0.738	-0.252329006049	
0.739	-0.254995404186	
0.74	-0.257664045792	
0.741	-0.260334923497	
0.742	-0.263008029901	
0.743	-0.265683357569	
0.744	-0.268360899038	
0.745	-0.271040646812	
0.746	-0.273722593364	
0.747	-0.276406731136	
0.748	-0.279093052537	
0.749	-0.281781549945	
0.75	-0.284472215709	
0.751	-0.287165042143	
0.752	-0.289860021533	
0.753	-0.292557146132	
0.754	-0.29525640816	
0.755	-0.29795779981	
0.756	-0.30066131324	
0.757	-0.303366940579	
0.758	-0.306074673922	
0.759	-0.308784505337	
0.76	-0.311496426857	
0.761	-0.314210430486	
0.762	-0.316926508197	
0.763	-0.319644651929	
0.764	-0.322364853594	
0.765	-0.32508710507	
0.766	-0.327811398205	
0.767	-0.330537724817	
0.768	-0.33326607669	
0.769	-0.335996445581	
0.77	-0.338728823212	
0.771	-0.341463201278	
0.772	-0.344199571439	
0.773	-0.346937925329	
0.774	-0.349678254546	
0.775	-0.352420550661	
0.776	-0.355164805212	
0.777	-0.357911009708	
0.778	-0.360659155626	
0.779	-0.363409234411	
0.78	-0.366161237481	
0.781	-0.36891515622	
0.782	-0.371670981982	
0.783	-0.374428706092	
0.784	-0.377188319842	
0.785	-0.379949814496	
0.786	-0.382713181286	
0.787	-0.385478411412	
0.788	-0.388245496046	
0.789	-0.391014426329	
0.79	-0.393785193371	
0.791	-0.396557788251	
0.792	-0.399332202019	
0.793	-0.402108425693	
0.794	-0.404886450263	
0.795	-0.407666266687	
0.796	-0.410447865892	
0.797	-0.413231238776	
0.798	-0.416016376207	
0.799	-0.418803269023	
0.8	-0.421591908029	
0.801	-0.424382284004	
0.802	-0.427174387694	
0.803	-0.429968209815	
0.804	-0.432763741055	
0.805	-0.435560972071	
0.806	-0.438359893488	
0.807	-0.441160495904	
0.808	-0.443962769885	
0.809	-0.446766705969	
0.81	-0.449572294661	
0.811	-0.45237952644	
0.812	-0.455188391753	
0.813	-0.457998881017	
0.814	-0.460810984619	
0.815	-0.463624692919	
0.816	-0.466439996243	
0.817	-0.469256884892	
0.818	-0.472075349133	
0.819	-0.474895379207	
0.82	-0.477716965323	
0.821	-0.480540097662	
0.822	-0.483364766373	
0.823	-0.48619096158	
0.824	-0.489018673372	
0.825	-0.491847891814	
0.826	-0.494678606938	
0.827	-0.497510808747	
0.828	-0.500344487217	
0.829	-0.503179632292	
0.83	-0.506016233889	
0.831	-0.508854281894	
0.832	-0.511693766164	
0.833	-0.514534676528	
0.834	-0.517377002786	
0.835	-0.520220734707	
0.836	-0.523065862033	
0.837	-0.525912374475	
0.838	-0.528760261718	
0.839	-0.531609513415	
0.84	-0.534460119192	
0.841	-0.537312068646	
0.842	-0.540165351343	
0.843	-0.543019956823	
0.844	-0.545875874596	
0.845	-0.548733094144	
0.846	-0.551591604919	
0.847	-0.554451396345	
0.848	-0.557312457818	
0.849	-0.560174778705	
0.85	-0.563038348344	
0.851	-0.565903156045	
0.852	-0.568769191089	
0.853	-0.57163644273	
0.854	-0.574504900192	
0.855	-0.577374552672	
0.856	-0.580245389336	
0.857	-0.583117399326	
0.858	-0.585990571752	
0.859	-0.588864895698	
0.86	-0.591740360219	
0.861	-0.594616954341	
0.862	-0.597494667065	
0.863	-0.60037348736	
0.864	-0.60325340417	
0.865	-0.606134406409	
0.866	-0.609016482964	
0.867	-0.611899622696	
0.868	-0.614783814434	
0.869	-0.617669046983	
0.87	-0.620555309118	
0.871	-0.623442589586	
0.872	-0.62633087711	
0.873	-0.629220160381	
0.874	-0.632110428064	
0.875	-0.635001668797	
0.876	-0.63789387119	
0.877	-0.640787023825	
0.878	-0.643681115258	
0.879	-0.646576134016	
0.88	-0.649472068601	
0.881	-0.652368907484	
0.882	-0.655266639112	
0.883	-0.658165251903	
0.884	-0.66106473425	
0.885	-0.663965074515	
0.886	-0.666866261037	
0.887	-0.669768282126	
0.888	-0.672671126065	
0.889	-0.675574781109	
0.89	-0.67847923549	
0.891	-0.681384477408	
0.892	-0.68429049504	
0.893	-0.687197276534	
0.894	-0.690104810013	
0.895	-0.693013083571	
0.896	-0.695922085279	
0.897	-0.698831803177	
0.898	-0.701742225282	
0.899	-0.704653339583	
0.9	-0.707565134041	
0.901	-0.710477596595	
0.902	-0.713390715153	
0.903	-0.716304477598	
0.904	-0.719218871789	
0.905	-0.722133885556	
0.906	-0.725049506704	
0.907	-0.727965723011	
0.908	-0.730882522231	
0.909	-0.733799892089	
0.91	-0.736717820287	
0.911	-0.739636294499	
0.912	-0.742555302373	
0.913	-0.745474831532	
0.914	-0.748394869573	
0.915	-0.751315404068	
0.916	-0.754236422562	
0.917	-0.757157912575	
0.918	-0.760079861601	
0.919	-0.763002257109	
0.92	-0.765925086541	
0.921	-0.768848337316	
0.922	-0.771771996826	
0.923	-0.774696052438	
0.924	-0.777620491492	
0.925	-0.780545301306	
0.926	-0.783470469171	
0.927	-0.786395982352	
0.928	-0.78932182809	
0.929	-0.792247993601	
0.93	-0.795174466075	
0.931	-0.798101232678	
0.932	-0.801028280551	
0.933	-0.80395559681	
0.934	-0.806883168545	
0.935	-0.809810982824	
0.936	-0.812739026687	
0.937	-0.815667287151	
0.938	-0.818595751209	
0.939	-0.821524405829	
0.94	-0.824453237953	
0.941	-0.827382234501	
0.942	-0.830311382366	
0.943	-0.833240668419	
0.944	-0.836170079506	
0.945	-0.839099602447	
0.946	-0.842029224041	
0.947	-0.844958931059	
0.948	-0.847888710252	
0.949	-0.850818548344	
0.95	-0.853748432036	
0.951	-0.856678348005	
0.952	-0.859608282905	
0.953	-0.862538223364	
0.954	-0.865468155989	
0.955	-0.86839806736	
0.956	-0.871327944038	
0.957	-0.874257772555	
0.958	-0.877187539423	
0.959	-0.88011723113	
0.96	-0.88304683414	
0.961	-0.885976334894	
0.962	-0.888905719808	
0.963	-0.891834975278	
0.964	-0.894764087674	
0.965	-0.897693043344	
0.966	-0.900621828612	
0.967	-0.903550429781	
0.968	-0.906478833128	
0.969	-0.909407024911	
0.97	-0.91233499136	
0.971	-0.915262718688	
0.972	-0.918190193079	
0.973	-0.921117400701	
0.974	-0.924044327693	
0.975	-0.926970960176	
0.976	-0.929897284246	
0.977	-0.932823285978	
0.978	-0.935748951423	
0.979	-0.938674266611	
0.98	-0.941599217549	
0.981	-0.944523790223	
0.982	-0.947447970594	
0.983	-0.950371744604	
0.984	-0.953295098172	
0.985	-0.956218017193	
0.986	-0.959140487542	
0.987	-0.962062495073	
0.988	-0.964984025616	
0.989	-0.96790506498	
0.99	-0.970825598953	
0.991	-0.973745613301	
0.992	-0.976665093767	
0.993	-0.979584026074	
0.994	-0.982502395925	
0.995	-0.985420188998	
0.996	-0.988337390951	
0.997	-0.991253987423	
0.998	-0.994169964029	
0.999	-0.997085306363	
1.0	-1.0	
