0.0	1.0	
0.001	0.999997854346	
0.002	0.999992050317	
0.003	0.999982897061	
0.004	0.999970546289	
0.005	0.999955099667	
0.006	0.99993663332	
0.007	0.999915207863	
0.008	0.999890873504	
0.009	0.999863672998	
0.01	0.999833643508	
0.011	0.999800817853	
0.012	0.999765225381	
0.013	0.999726892609	
0.014	0.999685843701	
0.015	0.999642100833	
0.016	0.999595684488	
0.017	0.999546613682	
0.018	0.999494906153	
0.019	0.999440578515	
0.02	0.999383646386	
0.021	0.999324124496	
0.022	0.999262026779	
0.023	0.999197366449	
0.024	0.99913015607	
0.025	0.999060407611	
0.026	0.998988132502	
0.027	0.998913341674	
0.028	0.998836045602	
0.029	0.998756254336	
0.03	0.998673977538	
0.031	0.998589224505	
0.032	0.998502004196	
0.033	0.998412325255	
0.034	0.998320196031	
0.035	0.998225624595	
0.036	0.998128618761	
0.037	0.998029186098	
0.038	0.997927333944	
0.039	0.99782306942	
0.04	0.997716399444	
0.041	0.997607330737	
0.042	0.997495869837	
0.043	0.997382023107	
0.044	0.997265796745	
0.045	0.99714719679	
0.046	0.99702622913	
0.047	0.99690289951	
0.048	0.996777213538	
0.049	0.996649176691	
0.05	0.99651879432	
0.051	0.996386071658	
0.052	0.99625101382	
0.053	0.996113625814	
0.054	0.995973912539	
0.055	0.995831878796	
0.056	0.995687529284	
0.057	0.995540868613	
0.058	0.995391901297	
0.059	0.995240631768	
0.06	0.99508706437	
0.061	0.994931203369	
0.062	0.99477305295	
0.063	0.994612617225	
0.064	0.994449900231	
0.065	0.994284905936	
0.066	0.994117638239	
0.067	0.993948100972	
0.068	0.993776297905	
0.069	0.993602232744	
0.07	0.993425909138	
0.071	0.993247330674	
0.072	0.993066500884	
0.073	0.992883423247	
0.074	0.992698101186	
0.075	0.992510538074	
0.076	0.992320737234	
0.077	0.992128701937	
0.078	0.991934435412	
0.079	0.991737940837	
0.08	0.991539221347	
0.081	0.991338280033	
0.082	0.991135119943	
0.083	0.990929744085	
0.084	0.990722155425	
0.085	0.99051235689	
0.086	0.990300351368	
0.087	0.990086141711	
0.088	0.989869730733	
0.089	0.989651121212	
0.09	0.989430315894	
0.091	0.989207317487	
0.092	0.988982128669	
0.093	0.988754752083	
0.094	0.988525190343	
0.095	0.988293446029	
0.096	0.988059521693	
0.097	0.987823419856	
0.098	0.98758514301	
0.099	0.987344693621	
0.1	0.987102074124	
0.101	0.986857286928	
0.102	0.986610334416	
0.103	0.986361218945	
0.104	0.986109942845	
0.105	0.985856508423	
0.106	0.98560091796	
0.107	0.985343173713	
0.108	0.985083277917	
0.109	0.984821232782	
0.11	0.984557040496	
0.111	0.984290703227	
0.112	0.984022223117	
0.113	0.983751602291	
0.114	0.98347884285	
0.115	0.983203946875	
0.116	0.982926916429	
0.117	0.982647753552	
0.118	0.982366460266	
0.119	0.982083038575	
0.12	0.981797490463	
0.121	0.981509817895	
0.122	0.981220022819	
0.123	0.980928107164	
0.124	0.980634072845	
0.125	0.980337921754	
0.126	0.980039655771	
0.127	0.979739276758	
0.128	0.979436786559	
0.129	0.979132187005	
0.13	0.978825479907	
0.131	0.978516667066	
0.132	0.978205750262	
0.133	0.977892731263	
0.134	0.977577611823	
0.135	0.977260393679	
0.136	0.976941078556	
0.137	0.976619668163	
0.138	0.976296164195	
0.139	0.975970568336	
0.14	0.975642882253	
0.141	0.975313107602	
0.142	0.974981246025	
0.143	0.974647299152	
0.144	0.974311268599	
0.145	0.973973155971	
0.146	0.973632962859	
0.147	0.973290690844	
0.148	0.972946341492	
0.149	0.97259991636	
0.15	0.972251416993	
0.151	0.971900844922	
0.152	0.97154820167	
0.153	0.971193488747	
0.154	0.970836707653	
0.155	0.970477859875	
0.156	0.970116946892	
0.157	0.969753970172	
0.158	0.96938893117	
0.159	0.969021831335	
0.16	0.968652672101	
0.161	0.968281454896	
0.162	0.967908181137	
0.163	0.967532852229	
0.164	0.967155469572	
0.165	0.966776034551	
0.166	0.966394548547	
0.167	0.966011012927	
0.168	0.965625429053	
0.169	0.965237798274	
0.17	0.964848121934	
0.171	0.964456401366	
0.172	0.964062637893	
0.173	0.963666832833	
0.174	0.963268987493	
0.175	0.962869103173	
0.176	0.962467181162	
0.177	0.962063222745	
0.178	0.961657229195	
0.179	0.96124920178	
0.18	0.960839141759	
0.181	0.960427050382	
0.182	0.960012928893	
0.183	0.959596778528	
0.184	0.959178600516	
0.185	0.958758396076	
0.186	0.958336166423	
0.187	0.957911912763	
0.188	0.957485636295	
0.189	0.957057338211	
0.19	0.956627019695	
0.191	0.956194681927	
0.192	0.955760326076	
0.193	0.955323953308	
0.194	0.95488556478	
0.195	0.954445161643	
0.196	0.954002745041	
0.197	0.953558316113	
0.198	0.95311187599	
0.199	0.952663425797	
0.2	0.952212966653	
0.201	0.95176049967	
0.202	0.951306025956	
0.203	0.95084954661	
0.204	0.950391062726	
0.205	0.949930575394	
0.206	0.949468085695	
0.207	0.949003594706	
0.208	0.948537103499	
0.209	0.948068613137	
0.21	0.947598124681	
0.211	0.947125639184	
0.212	0.946651157695	
0.213	0.946174681256	
0.214	0.945696210905	
0.215	0.945215747673	
0.216	0.944733292587	
0.217	0.944248846669	
0.218	0.943762410933	
0.219	0.943273986392	
0.22	0.942783574052	
0.221	0.942291174911	
0.222	0.941796789967	
0.223	0.941300420209	
0.224	0.940802066624	
0.225	0.940301730192	
0.226	0.939799411889	
0.227	0.939295112686	
0.228	0.93878883355	
0.229	0.938280575442	
0.23	0.937770339319	
0.231	0.937258126133	
0.232	0.936743936832	
0.233	0.93622777236	
0.234	0.935709633655	
0.235	0.935189521651	
0.236	0.934667437278	
0.237	0.934143381461	
0.238	0.933617355122	
0.239	0.933089359178	
0.24	0.93255939454	
0.241	0.932027462117	
0.242	0.931493562814	
0.243	0.930957697529	
0.244	0.930419867159	
0.245	0.929880072596	
0.246	0.929338314727	
0.247	0.928794594436	
0.248	0.928248912603	
0.249	0.927701270103	
0.25	0.927151667808	
0.251	0.926600106586	
0.252	0.926046587301	
0.253	0.925491110814	
0.254	0.924933677981	
0.255	0.924374289654	
0.256	0.923812946683	
0.257	0.923249649912	
0.258	0.922684400185	
0.259	0.922117198338	
0.26	0.921548045206	
0.261	0.92097694162	
0.262	0.920403888408	
0.263	0.919828886392	
0.264	0.919251936394	
0.265	0.918673039231	
0.266	0.918092195715	
0.267	0.917509406657	
0.268	0.916924672864	
0.269	0.916337995138	
0.27	0.91574937428	
0.271	0.915158811087	
0.272	0.914566306352	
0.273	0.913971860865	
0.274	0.913375475413	
0.275	0.912777150779	
0.276	0.912176887746	
0.277	0.911574687089	
0.278	0.910970549584	
0.279	0.910364476001	
0.28	0.909756467108	
0.281	0.909146523672	
0.282	0.908534646453	
0.283	0.907920836212	
0.284	0.907305093703	
0.285	0.906687419681	
0.286	0.906067814895	
0.287	0.905446280092	
0.288	0.904822816018	
0.289	0.904197423413	
0.29	0.903570103017	
0.291	0.902940855564	
0.292	0.902309681788	
0.293	0.90167658242	
0.294	0.901041558186	
0.295	0.900404609812	
0.296	0.899765738019	
0.297	0.899124943526	
0.298	0.898482227051	
0.299	0.897837589306	
0.3	0.897191031004	
0.301	0.896542552853	
0.302	0.895892155558	
0.303	0.895239839824	
0.304	0.89458560635	
0.305	0.893929455835	
0.306	0.893271388976	
0.307	0.892611406464	
0.308	0.891949508991	
0.309	0.891285697244	
0.31	0.89061997191	
0.311	0.889952333672	
0.312	0.88928278321	
0.313	0.888611321203	
0.314	0.887937948326	
0.315	0.887262665254	
0.316	0.886585472656	
0.317	0.885906371203	
0.318	0.885225361561	
0.319	0.884542444393	
0.32	0.883857620362	
0.321	0.883170890126	
0.322	0.882482254344	
0.323	0.88179171367	
0.324	0.881099268757	
0.325	0.880404920255	
0.326	0.879708668812	
0.327	0.879010515075	
0.328	0.878310459688	
0.329	0.877608503291	
0.33	0.876904646525	
0.331	0.876198890026	
0.332	0.875491234431	
0.333	0.874781680371	
0.334	0.874070228479	
0.335	0.873356879382	
0.336	0.872641633707	
0.337	0.87192449208	
0.338	0.871205455122	
0.339	0.870484523455	
0.34	0.869761697696	
0.341	0.869036978463	
0.342	0.868310366369	
0.343	0.867581862028	
0.344	0.86685146605	
0.345	0.866119179043	
0.346	0.865385001613	
0.347	0.864648934367	
0.348	0.863910977905	
0.349	0.86317113283	
0.35	0.862429399739	
0.351	0.86168577923	
0.352	0.860940271898	
0.353	0.860192878335	
0.354	0.859443599134	
0.355	0.858692434884	
0.356	0.857939386172	
0.357	0.857184453584	
0.358	0.856427637704	
0.359	0.855668939114	
0.36	0.854908358394	
0.361	0.854145896124	
0.362	0.853381552879	
0.363	0.852615329235	
0.364	0.851847225764	
0.365	0.851077243039	
0.366	0.85030538163	
0.367	0.849531642103	
0.368	0.848756025026	
0.369	0.847978530962	
0.37	0.847199160476	
0.371	0.846417914127	
0.372	0.845634792476	
0.373	0.844849796079	
0.374	0.844062925495	
0.375	0.843274181276	
0.376	0.842483563976	
0.377	0.841691074146	
0.378	0.840896712335	
0.379	0.840100479092	
0.38	0.839302374963	
0.381	0.838502400493	
0.382	0.837700556224	
0.383	0.836896842699	
0.384	0.836091260457	
0.385	0.835283810038	
0.386	0.834474491977	
0.387	0.83366330681	
0.388	0.832850255072	
0.389	0.832035337293	
0.39	0.831218554006	
0.391	0.830399905739	
0.392	0.829579393021	
0.393	0.828757016376	
0.394	0.827932776331	
0.395	0.827106673408	
0.396	0.82627870813	
0.397	0.825448881016	
0.398	0.824617192586	
0.399	0.823783643356	
0.4	0.822948233844	
0.401	0.822110964563	
0.402	0.821271836027	
0.403	0.820430848747	
0.404	0.819588003233	
0.405	0.818743299996	
0.406	0.817896739541	
0.407	0.817048322376	
0.408	0.816198049005	
0.409	0.815345919931	
0.41	0.814491935656	
0.411	0.813636096681	
0.412	0.812778403506	
0.413	0.811918856628	
0.414	0.811057456543	
0.415	0.810194203748	
0.416	0.809329098735	
0.417	0.808462141998	
0.418	0.807593334028	
0.419	0.806722675314	
0.42	0.805850166347	
0.421	0.804975807612	
0.422	0.804099599596	
0.423	0.803221542784	
0.424	0.80234163766	
0.425	0.801459884705	
0.426	0.800576284401	
0.427	0.799690837227	
0.428	0.798803543663	
0.429	0.797914404185	
0.43	0.797023419269	
0.431	0.79613058939	
0.432	0.795235915023	
0.433	0.794339396638	
0.434	0.793441034707	
0.435	0.792540829701	
0.436	0.791638782088	
0.437	0.790734892335	
0.438	0.789829160909	
0.439	0.788921588276	
0.44	0.788012174898	
0.441	0.787100921239	
0.442	0.786187827761	
0.443	0.785272894924	
0.444	0.784356123187	
0.445	0.783437513009	
0.446	0.782517064847	
0.447	0.781594779156	
0.448	0.780670656392	
0.449	0.779744697007	
0.45	0.778816901455	
0.451	0.777887270187	
0.452	0.776955803653	
0.453	0.776022502303	
0.454	0.775087366584	
0.455	0.774150396944	
0.456	0.773211593828	
0.457	0.772270957681	
0.458	0.771328488947	
0.459	0.770384188069	
0.46	0.769438055488	
0.461	0.768490091645	
0.462	0.767540296979	
0.463	0.766588671928	
0.464	0.76563521693	
0.465	0.764679932421	
0.466	0.763722818837	
0.467	0.762763876612	
0.468	0.761803106178	
0.469	0.760840507968	
0.47	0.759876082413	
0.471	0.758909829943	
0.472	0.757941750988	
0.473	0.756971845975	
0.474	0.756000115331	
0.475	0.755026559483	
0.476	0.754051178856	
0.477	0.753073973873	
0.478	0.752094944958	
0.479	0.751114092532	
0.48	0.750131417018	
0.481	0.749146918835	
0.482	0.748160598402	
0.483	0.747172456138	
0.484	0.746182492459	
0.485	0.745190707783	
0.486	0.744197102524	
0.487	0.743201677097	
0.488	0.742204431915	
0.489	0.741205367391	
0.49	0.740204483936	
0.491	0.739201781961	
0.492	0.738197261876	
0.493	0.73719092409	
0.494	0.736182769009	
0.495	0.735172797042	
0.496	0.734161008595	
0.497	0.733147404071	
0.498	0.732131983877	
0.499	0.731114748414	
0.5	0.730095698086	
0.501	0.729074833293	
0.502	0.728052154437	
0.503	0.727027661917	
0.504	0.726001356132	
0.505	0.724973237481	
0.506	0.723943306359	
0.507	0.722911563164	
0.508	0.72187800829	
0.509	0.720842642133	
0.51	0.719805465086	
0.511	0.718766477541	
0.512	0.717725679891	
0.513	0.716683072526	
0.514	0.715638655837	
0.515	0.714592430214	
0.516	0.713544396044	
0.517	0.712494553715	
0.518	0.711442903615	
0.519	0.710389446129	
0.52	0.709334181643	
0.521	0.708277110541	
0.522	0.707218233206	
0.523	0.706157550021	
0.524	0.705095061369	
0.525	0.70403076763	
0.526	0.702964669185	
0.527	0.701896766412	
0.528	0.700827059692	
0.529	0.699755549401	
0.53	0.698682235918	
0.531	0.697607119617	
0.532	0.696530200875	
0.533	0.695451480067	
0.534	0.694370957567	
0.535	0.693288633747	
0.536	0.69220450898	
0.537	0.691118583638	
0.538	0.690030858092	
0.539	0.688941332711	
0.54	0.687850007866	
0.541	0.686756883924	
0.542	0.685661961254	
0.543	0.684565240223	
0.544	0.683466721196	
0.545	0.682366404541	
0.546	0.68126429062	
0.547	0.680160379799	
0.548	0.679054672441	
0.549	0.677947168909	
0.55	0.676837869564	
0.551	0.675726774767	
0.552	0.67461388488	
0.553	0.673499200261	
0.554	0.672382721269	
0.555	0.671264448264	
0.556	0.670144381601	
0.557	0.66902252164	
0.558	0.667898868734	
0.559	0.66677342324	
0.56	0.665646185513	
0.561	0.664517155906	
0.562	0.663386334773	
0.563	0.662253722466	
0.564	0.661119319337	
0.565	0.659983125738	
0.566	0.658845142018	
0.567	0.657705368529	
0.568	0.656563805618	
0.569	0.655420453635	
0.57	0.654275312926	
0.571	0.65312838384	
0.572	0.651979666723	
0.573	0.65082916192	
0.574	0.649676869776	
0.575	0.648522790636	
0.576	0.647366924844	
0.577	0.646209272742	
0.578	0.645049834674	
0.579	0.64388861098	
0.58	0.642725602003	
0.581	0.641560808081	
0.582	0.640394229556	
0.583	0.639225866767	
0.584	0.638055720051	
0.585	0.636883789747	
0.586	0.635710076191	
0.587	0.634534579722	
0.588	0.633357300673	
0.589	0.632178239382	
0.59	0.630997396182	
0.591	0.629814771407	
0.592	0.628630365392	
0.593	0.627444178467	
0.594	0.626256210967	
0.595	0.625066463222	
0.596	0.623874935564	
0.597	0.622681628322	
0.598	0.621486541826	
0.599	0.620289676406	
0.6	0.61909103239	
0.601	0.617890610105	
0.602	0.616688409879	
0.603	0.615484432039	
0.604	0.614278676911	
0.605	0.61307114482	
0.606	0.61186183609	
0.607	0.610650751047	
0.608	0.609437890014	
0.609	0.608223253313	
0.61	0.607006841269	
0.611	0.605788654201	
0.612	0.604568692432	
0.613	0.603346956282	
0.614	0.602123446072	
0.615	0.600898162121	
0.616	0.599671104748	
0.617	0.598442274272	
0.618	0.597211671009	
0.619	0.595979295278	
0.62	0.594745147396	
0.621	0.593509227678	
0.622	0.59227153644	
0.623	0.591032073996	
0.624	0.589790840662	
0.625	0.588547836752	
0.626	0.587303062577	
0.627	0.586056518453	
0.628	0.584808204689	
0.629	0.583558121599	
0.63	0.582306269493	
0.631	0.581052648682	
0.632	0.579797259476	
0.633	0.578540102184	
0.634	0.577281177115	
0.635	0.576020484578	
0.636	0.574758024881	
0.637	0.57349379833	
0.638	0.572227805232	
0.639	0.570960045895	
0.64	0.569690520623	
0.641	0.568419229721	
0.642	0.567146173495	
0.643	0.565871352248	
0.644	0.564594766284	
0.645	0.563316415906	
0.646	0.562036301416	
0.647	0.560754423117	
0.648	0.55947078131	
0.649	0.558185376296	
0.65	0.556898208376	
0.651	0.555609277849	
0.652	0.554318585015	
0.653	0.553026130173	
0.654	0.551731913621	
0.655	0.550435935657	
0.656	0.549138196578	
0.657	0.547838696683	
0.658	0.546537436266	
0.659	0.545234415624	
0.66	0.543929635052	
0.661	0.542623094845	
0.662	0.541314795298	
0.663	0.540004736704	
0.664	0.538692919357	
0.665	0.53737934355	
0.666	0.536064009575	
0.667	0.534746917724	
0.668	0.533428068289	
0.669	0.53210746156	
0.67	0.530785097829	
0.671	0.529460977385	
0.672	0.528135100517	
0.673	0.526807467515	
0.674	0.525478078668	
0.675	0.524146934263	
0.676	0.522814034588	
0.677	0.52147937993	
0.678	0.520142970576	
0.679	0.518804806813	
0.68	0.517464888925	
0.681	0.516123217199	
0.682	0.514779791918	
0.683	0.513434613368	
0.684	0.512087681832	
0.685	0.510738997594	
0.686	0.509388560936	
0.687	0.508036372141	
0.688	0.506682431492	
0.689	0.50532673927	
0.69	0.503969295755	
0.691	0.502610101229	
0.692	0.501249155972	
0.693	0.499886460264	
0.694	0.498522014384	
0.695	0.49715581861	
0.696	0.495787873222	
0.697	0.494418178497	
0.698	0.493046734714	
0.699	0.491673542148	
0.7	0.490298601077	
0.701	0.488921911777	
0.702	0.487543474524	
0.703	0.486163289593	
0.704	0.484781357258	
0.705	0.483397677796	
0.706	0.482012251479	
0.707	0.480625078581	
0.708	0.479236159376	
0.709	0.477845494136	
0.71	0.476453083134	
0.711	0.475058926641	
0.712	0.473663024929	
0.713	0.472265378269	
0.714	0.470865986932	
0.715	0.469464851187	
0.716	0.468061971306	
0.717	0.466657347556	
0.718	0.465250980208	
0.719	0.463842869529	
0.72	0.462433015788	
0.721	0.461021419253	
0.722	0.45960808019	
0.723	0.458192998867	
0.724	0.456776175551	
0.725	0.455357610506	
0.726	0.453937304	
0.727	0.452515256297	
0.728	0.451091467662	
0.729	0.449665938359	
0.73	0.448238668653	
0.731	0.446809658808	
0.732	0.445378909085	
0.733	0.44394641975	
0.734	0.442512191063	
0.735	0.441076223287	
0.736	0.439638516683	
0.737	0.438199071513	
0.738	0.436757888038	
0.739	0.435314966519	
0.74	0.433870307214	
0.741	0.432423910384	
0.742	0.430975776289	
0.743	0.429525905186	
0.744	0.428074297336	
0.745	0.426620952995	
0.746	0.425165872422	
0.747	0.423709055874	
0.748	0.422250503608	
0.749	0.42079021588	
0.75	0.419328192947	
0.751	0.417864435065	
0.752	0.416398942489	
0.753	0.414931715474	
0.754	0.413462754275	
0.755	0.411992059147	
0.756	0.410519630343	
0.757	0.409045468116	
0.758	0.407569572721	
0.759	0.406091944409	
0.76	0.404612583434	
0.761	0.403131490048	
0.762	0.401648664502	
0.763	0.400164107047	
0.764	0.398677817936	
0.765	0.397189797417	
0.766	0.395700045742	
0.767	0.394208563161	
0.768	0.392715349922	
0.769	0.391220406276	
0.77	0.389723732471	
0.771	0.388225328756	
0.772	0.386725195378	
0.773	0.385223332586	
0.774	0.383719740627	
0.775	0.382214419747	
0.776	0.380707370195	
0.777	0.379198592215	
0.778	0.377688086054	
0.779	0.376175851957	
0.78	0.374661890171	
0.781	0.373146200939	
0.782	0.371628784507	
0.783	0.370109641119	
0.784	0.368588771018	
0.785	0.367066174448	
0.786	0.365541851652	
0.787	0.364015802874	
0.788	0.362488028355	
0.789	0.360958528339	
0.79	0.359427303065	
0.791	0.357894352778	
0.792	0.356359677716	
0.793	0.354823278122	
0.794	0.353285154235	
0.795	0.351745306296	
0.796	0.350203734545	
0.797	0.348660439221	
0.798	0.347115420563	
0.799	0.34556867881	
0.8	0.344020214201	
0.801	0.342470026973	
0.802	0.340918117365	
0.803	0.339364485614	
0.804	0.337809131956	
0.805	0.33625205663	
0.806	0.334693259872	
0.807	0.333132741917	
0.808	0.331570503001	
0.809	0.33000654336	
0.81	0.32844086323	
0.811	0.326873462845	
0.812	0.325304342439	
0.813	0.323733502247	
0.814	0.322160942503	
0.815	0.320586663441	
0.816	0.319010665293	
0.817	0.317432948293	
0.818	0.315853512673	
0.819	0.314272358666	
0.82	0.312689486503	
0.821	0.311104896416	
0.822	0.309518588638	
0.823	0.307930563398	
0.824	0.306340820928	
0.825	0.304749361457	
0.826	0.303156185217	
0.827	0.301561292437	
0.828	0.299964683346	
0.829	0.298366358174	
0.83	0.29676631715	
0.831	0.295164560501	
0.832	0.293561088458	
0.833	0.291955901246	
0.834	0.290348999095	
0.835	0.288740382232	
0.836	0.287130050883	
0.837	0.285518005276	
0.838	0.283904245636	
0.839	0.28228877219	
0.84	0.280671585165	
0.841	0.279052684785	
0.842	0.277432071275	
0.843	0.275809744862	
0.844	0.274185705769	
0.845	0.272559954221	
0.846	0.270932490442	
0.847	0.269303314655	
0.848	0.267672427085	
0.849	0.266039827954	
0.85	0.264405517486	
0.851	0.262769495902	
0.852	0.261131763426	
0.853	0.25949232028	
0.854	0.257851166684	
0.855	0.256208302862	
0.856	0.254563729033	
0.857	0.252917445419	
0.858	0.25126945224	
0.859	0.249619749716	
0.86	0.247968338069	
0.861	0.246315217517	
0.862	0.24466038828	
0.863	0.243003850577	
0.864	0.241345604627	
0.865	0.239685650649	
0.866	0.23802398886	
0.867	0.23636061948	
0.868	0.234695542726	
0.869	0.233028758814	
0.87	0.231360267964	
0.871	0.229690070391	
0.872	0.228018166312	
0.873	0.226344555944	
0.874	0.224669239503	
0.875	0.222992217204	
0.876	0.221313489263	
0.877	0.219633055896	
0.878	0.217950917317	
0.879	0.216267073742	
0.88	0.214581525384	
0.881	0.212894272458	
0.882	0.211205315178	
0.883	0.209514653757	
0.884	0.20782228841	
0.885	0.206128219348	
0.886	0.204432446786	
0.887	0.202734970935	
0.888	0.201035792008	
0.889	0.199334910217	
0.89	0.197632325774	
0.891	0.19592803889	
0.892	0.194222049776	
0.893	0.192514358644	
0.894	0.190804965705	
0.895	0.189093871168	
0.896	0.187381075245	
0.897	0.185666578144	
0.898	0.183950380077	
0.899	0.182232481251	
0.9	0.180512881877	
0.901	0.178791582163	
0.902	0.177068582318	
0.903	0.17534388255	
0.904	0.173617483068	
0.905	0.17188938408	
0.906	0.170159585793	
0.907	0.168428088414	
0.908	0.16669489215	
0.909	0.16495999721	
0.91	0.163223403798	
0.911	0.161485112122	
0.912	0.159745122388	
0.913	0.158003434801	
0.914	0.156260049567	
0.915	0.154514966892	
0.916	0.152768186981	
0.917	0.151019710038	
0.918	0.149269536268	
0.919	0.147517665876	
0.92	0.145764099066	
0.921	0.144008836041	
0.922	0.142251877006	
0.923	0.140493222163	
0.924	0.138732871716	
0.925	0.136970825867	
0.926	0.13520708482	
0.927	0.133441648777	
0.928	0.13167451794	
0.929	0.129905692511	
0.93	0.128135172691	
0.931	0.126362958682	
0.932	0.124589050686	
0.933	0.122813448903	
0.934	0.121036153534	
0.935	0.119257164779	
0.936	0.117476482839	
0.937	0.115694107914	
0.938	0.113910040204	
0.939	0.112124279907	
0.94	0.110336827224	
0.941	0.108547682354	
0.942	0.106756845494	
0.943	0.104964316845	
0.944	0.103170096604	
0.945	0.10137418497	
0.946	0.0995765821393	
0.947	0.0977772883112	
0.948	0.0959763036824	
0.949	0.0941736284504	
0.95	0.092369262812	
0.951	0.0905632069639	
0.952	0.0887554611029	
0.953	0.086946025425	
0.954	0.0851349001264	
0.955	0.0833220854028	
0.956	0.08150758145	
0.957	0.0796913884633	
0.958	0.0778735066378	
0.959	0.0760539361684	
0.96	0.0742326772499	
0.961	0.0724097300767	
0.962	0.0705850948431	
0.963	0.0687587717431	
0.964	0.0669307609705	
0.965	0.0651010627188	
0.966	0.0632696771815	
0.967	0.0614366045517	
0.968	0.0596018450222	
0.969	0.0577653987857	
0.97	0.0559272660348	
0.971	0.0540874469616	
0.972	0.0522459417583	
0.973	0.0504027506165	
0.974	0.0485578737279	
0.975	0.0467113112839	
0.976	0.0448630634756	
0.977	0.0430131304939	
0.978	0.0411615125296	
0.979	0.0393082097731	
0.98	0.0374532224148	
0.981	0.0355965506447	
0.982	0.0337381946526	
0.983	0.0318781546283	
0.984	0.030016430761	
0.985	0.0281530232401	
0.986	0.0262879322546	
0.987	0.0244211579931	
0.988	0.0225527006443	
0.989	0.0206825603966	
0.99	0.0188107374381	
0.991	0.0169372319566	
0.992	0.0150620441401	
0.993	0.0131851741759	
0.994	0.0113066222513	
0.995	0.00942638855358	
0.996	0.00754447326947	
0.997	0.00566087658569	
0.998	0.00377559868871	
0.999	0.00188863976479	
1.0	0.0	
