0.0	1.0	
0.001	0.997864466798	
0.002	0.996041992158	
0.003	0.994321506222	
0.004	0.992664028326	
0.005	0.991051833567	
0.006	0.989474784748	
0.007	0.987926331508	
0.008	0.986401900992	
0.009	0.984898124567	
0.01	0.983412420254	
0.011	0.981942747613	
0.012	0.980487454506	
0.013	0.979045176466	
0.014	0.977614767909	
0.015	0.976195253561	
0.016	0.974785793203	
0.017	0.973385655458	
0.018	0.971994197925	
0.019	0.970610851838	
0.02	0.969235110047	
0.021	0.967866517462	
0.022	0.966504663365	
0.023	0.965149175162	
0.024	0.963799713242	
0.025	0.962455966722	
0.026	0.961117649885	
0.027	0.959784499185	
0.028	0.958456270704	
0.029	0.957132737982	
0.03	0.955813690153	
0.031	0.954498930342	
0.032	0.953188274262	
0.033	0.951881549006	
0.034	0.950578591974	
0.035	0.949279249942	
0.036	0.947983378232	
0.037	0.946690839979	
0.038	0.945401505482	
0.039	0.944115251618	
0.04	0.942831961329	
0.041	0.941551523145	
0.042	0.940273830774	
0.043	0.938998782715	
0.044	0.937726281921	
0.045	0.936456235481	
0.046	0.935188554344	
0.047	0.933923153056	
0.048	0.932659949529	
0.049	0.931398864824	
0.05	0.930139822951	
0.051	0.928882750694	
0.052	0.92762757744	
0.053	0.926374235026	
0.054	0.9251226576	
0.055	0.923872781489	
0.056	0.922624545076	
0.057	0.92137788869	
0.058	0.920132754502	
0.059	0.918889086427	
0.06	0.917646830033	
0.061	0.916405932462	
0.062	0.915166342344	
0.063	0.913928009731	
0.064	0.912690886024	
0.065	0.911454923912	
0.066	0.910220077309	
0.067	0.908986301301	
0.068	0.907753552089	
0.069	0.906521786944	
0.07	0.905290964157	
0.071	0.904061042998	
0.072	0.902831983669	
0.073	0.901603747272	
0.074	0.900376295767	
0.075	0.899149591938	
0.076	0.897923599363	
0.077	0.896698282379	
0.078	0.895473606053	
0.079	0.894249536158	
0.08	0.89302603914	
0.081	0.891803082099	
0.082	0.890580632761	
0.083	0.889358659457	
0.084	0.888137131099	
0.085	0.886916017166	
0.086	0.885695287675	
0.087	0.88447491317	
0.088	0.8832548647	
0.089	0.882035113805	
0.09	0.880815632496	
0.091	0.879596393244	
0.092	0.878377368962	
0.093	0.877158532993	
0.094	0.875939859095	
0.095	0.874721321428	
0.096	0.873502894542	
0.097	0.872284553369	
0.098	0.871066273203	
0.099	0.869848029699	
0.1	0.868629798856	
0.101	0.867411557008	
0.102	0.866193280817	
0.103	0.864974947262	
0.104	0.863756533631	
0.105	0.862538017511	
0.106	0.861319376781	
0.107	0.860100589604	
0.108	0.858881634421	
0.109	0.857662489939	
0.11	0.856443135132	
0.111	0.855223549225	
0.112	0.854003711694	
0.113	0.852783602259	
0.114	0.851563200875	
0.115	0.85034248773	
0.116	0.849121443235	
0.117	0.847900048022	
0.118	0.84667828294	
0.119	0.845456129046	
0.12	0.844233567602	
0.121	0.84301058007	
0.122	0.84178714811	
0.123	0.84056325357	
0.124	0.83933887849	
0.125	0.838114005088	
0.126	0.836888615764	
0.127	0.835662693095	
0.128	0.834436219825	
0.129	0.83320917887	
0.13	0.83198155331	
0.131	0.830753326384	
0.132	0.829524481493	
0.133	0.828295002188	
0.134	0.827064872176	
0.135	0.825834075311	
0.136	0.824602595593	
0.137	0.823370417164	
0.138	0.82213752431	
0.139	0.820903901451	
0.14	0.819669533145	
0.141	0.818434404081	
0.142	0.81719849908	
0.143	0.815961803089	
0.144	0.814724301184	
0.145	0.813485978561	
0.146	0.812246820541	
0.147	0.811006812562	
0.148	0.80976594018	
0.149	0.808524189066	
0.15	0.807281545007	
0.151	0.806037993899	
0.152	0.804793521749	
0.153	0.803548114671	
0.154	0.802301758888	
0.155	0.801054440724	
0.156	0.799806146611	
0.157	0.798556863078	
0.158	0.797306576757	
0.159	0.796055274376	
0.16	0.794802942764	
0.161	0.793549568841	
0.162	0.792295139625	
0.163	0.791039642224	
0.164	0.789783063841	
0.165	0.788525391767	
0.166	0.787266613382	
0.167	0.786006716155	
0.168	0.784745687642	
0.169	0.783483515483	
0.17	0.782220187404	
0.171	0.780955691214	
0.172	0.779690014802	
0.173	0.778423146142	
0.174	0.777155073287	
0.175	0.775885784367	
0.176	0.774615267592	
0.177	0.77334351125	
0.178	0.772070503705	
0.179	0.770796233394	
0.18	0.769520688832	
0.181	0.768243858607	
0.182	0.766965731377	
0.183	0.765686295876	
0.184	0.764405540907	
0.185	0.763123455343	
0.186	0.761840028129	
0.187	0.760555248276	
0.188	0.759269104866	
0.189	0.757981587046	
0.19	0.756692684032	
0.191	0.755402385104	
0.192	0.75411067961	
0.193	0.752817556959	
0.194	0.751523006629	
0.195	0.750227018157	
0.196	0.748929581145	
0.197	0.747630685257	
0.198	0.746330320219	
0.199	0.745028475818	
0.2	0.743725141901	
0.201	0.742420308376	
0.202	0.741113965208	
0.203	0.739806102425	
0.204	0.73849671011	
0.205	0.737185778406	
0.206	0.735873297511	
0.207	0.734559257683	
0.208	0.733243649233	
0.209	0.731926462532	
0.21	0.730607688004	
0.211	0.729287316128	
0.212	0.727965337437	
0.213	0.726641742522	
0.214	0.725316522023	
0.215	0.723989666637	
0.216	0.722661167112	
0.217	0.721331014249	
0.218	0.719999198902	
0.219	0.718665711976	
0.22	0.717330544427	
0.221	0.715993687264	
0.222	0.714655131545	
0.223	0.713314868379	
0.224	0.711972888924	
0.225	0.71062918439	
0.226	0.709283746034	
0.227	0.707936565165	
0.228	0.706587633136	
0.229	0.705236941354	
0.23	0.70388448127	
0.231	0.702530244384	
0.232	0.701174222245	
0.233	0.699816406447	
0.234	0.698456788632	
0.235	0.69709536049	
0.236	0.695732113754	
0.237	0.694367040206	
0.238	0.693000131674	
0.239	0.69163138003	
0.24	0.690260777193	
0.241	0.688888315125	
0.242	0.687513985835	
0.243	0.686137781375	
0.244	0.684759693843	
0.245	0.68337971538	
0.246	0.681997838171	
0.247	0.680614054447	
0.248	0.679228356478	
0.249	0.677840736582	
0.25	0.676451187117	
0.251	0.675059700486	
0.252	0.673666269132	
0.253	0.672270885544	
0.254	0.67087354225	
0.255	0.669474231822	
0.256	0.668072946875	
0.257	0.666669680062	
0.258	0.665264424081	
0.259	0.663857171671	
0.26	0.66244791561	
0.261	0.661036648719	
0.262	0.659623363859	
0.263	0.658208053933	
0.264	0.656790711884	
0.265	0.655371330693	
0.266	0.653949903385	
0.267	0.652526423023	
0.268	0.65110088271	
0.269	0.649673275589	
0.27	0.648243594844	
0.271	0.646811833695	
0.272	0.645377985405	
0.273	0.643942043274	
0.274	0.642504000642	
0.275	0.641063850889	
0.276	0.639621587431	
0.277	0.638177203725	
0.278	0.636730693266	
0.279	0.635282049588	
0.28	0.633831266261	
0.281	0.632378336895	
0.282	0.630923255139	
0.283	0.629466014679	
0.284	0.628006609237	
0.285	0.626545032576	
0.286	0.625081278495	
0.287	0.62361534083	
0.288	0.622147213454	
0.289	0.620676890281	
0.29	0.619204365257	
0.291	0.61772963237	
0.292	0.61625268564	
0.293	0.614773519128	
0.294	0.613292126931	
0.295	0.61180850318	
0.296	0.610322642047	
0.297	0.608834537737	
0.298	0.607344184492	
0.299	0.605851576593	
0.3	0.604356708354	
0.301	0.602859574126	
0.302	0.601360168298	
0.303	0.599858485293	
0.304	0.59835451957	
0.305	0.596848265625	
0.306	0.595339717989	
0.307	0.59382887123	
0.308	0.592315719948	
0.309	0.590800258784	
0.31	0.589282482409	
0.311	0.587762385534	
0.312	0.586239962902	
0.313	0.584715209294	
0.314	0.583188119523	
0.315	0.58165868844	
0.316	0.58012691093	
0.317	0.578592781913	
0.318	0.577056296343	
0.319	0.575517449211	
0.32	0.573976235542	
0.321	0.572432650394	
0.322	0.570886688861	
0.323	0.569338346073	
0.324	0.567787617193	
0.325	0.566234497418	
0.326	0.564678981981	
0.327	0.563121066149	
0.328	0.561560745222	
0.329	0.559998014537	
0.33	0.558432869461	
0.331	0.5568653054	
0.332	0.555295317792	
0.333	0.553722902107	
0.334	0.552148053853	
0.335	0.55057076857	
0.336	0.548991041831	
0.337	0.547408869245	
0.338	0.545824246453	
0.339	0.544237169132	
0.34	0.54264763299	
0.341	0.54105563377	
0.342	0.53946116725	
0.343	0.53786422924	
0.344	0.536264815583	
0.345	0.534662922159	
0.346	0.533058544877	
0.347	0.531451679682	
0.348	0.529842322554	
0.349	0.528230469502	
0.35	0.526616116571	
0.351	0.524999259841	
0.352	0.523379895422	
0.353	0.52175801946	
0.354	0.520133628131	
0.355	0.518506717648	
0.356	0.516877284254	
0.357	0.515245324227	
0.358	0.513610833878	
0.359	0.511973809549	
0.36	0.510334247618	
0.361	0.508692144494	
0.362	0.50704749662	
0.363	0.50540030047	
0.364	0.503750552553	
0.365	0.502098249411	
0.366	0.500443387618	
0.367	0.498785963779	
0.368	0.497125974536	
0.369	0.495463416559	
0.37	0.493798286555	
0.371	0.492130581261	
0.372	0.490460297447	
0.373	0.488787431918	
0.374	0.487111981507	
0.375	0.485433943084	
0.376	0.483753313549	
0.377	0.482070089837	
0.378	0.480384268912	
0.379	0.478695847773	
0.38	0.477004823452	
0.381	0.475311193011	
0.382	0.473614953547	
0.383	0.471916102187	
0.384	0.470214636092	
0.385	0.468510552455	
0.386	0.466803848501	
0.387	0.465094521488	
0.388	0.463382568706	
0.389	0.461667987476	
0.39	0.459950775154	
0.391	0.458230929126	
0.392	0.45650844681	
0.393	0.454783325658	
0.394	0.453055563153	
0.395	0.451325156811	
0.396	0.449592104178	
0.397	0.447856402835	
0.398	0.446118050394	
0.399	0.444377044497	
0.4	0.442633382822	
0.401	0.440887063075	
0.402	0.439138082998	
0.403	0.437386440361	
0.404	0.43563213297	
0.405	0.43387515866	
0.406	0.432115515298	
0.407	0.430353200786	
0.408	0.428588213054	
0.409	0.426820550067	
0.41	0.42505020982	
0.411	0.423277190341	
0.412	0.421501489689	
0.413	0.419723105955	
0.414	0.417942037263	
0.415	0.416158281768	
0.416	0.414371837656	
0.417	0.412582703146	
0.418	0.410790876489	
0.419	0.408996355967	
0.42	0.407199139893	
0.421	0.405399226613	
0.422	0.403596614505	
0.423	0.401791301978	
0.424	0.399983287472	
0.425	0.398172569461	
0.426	0.396359146448	
0.427	0.39454301697	
0.428	0.392724179593	
0.429	0.390902632918	
0.43	0.389078375575	
0.431	0.387251406227	
0.432	0.385421723567	
0.433	0.383589326322	
0.434	0.381754213248	
0.435	0.379916383136	
0.436	0.378075834804	
0.437	0.376232567105	
0.438	0.374386578923	
0.439	0.372537869172	
0.44	0.3706864368	
0.441	0.368832280784	
0.442	0.366975400134	
0.443	0.365115793892	
0.444	0.363253461129	
0.445	0.36138840095	
0.446	0.35952061249	
0.447	0.357650094916	
0.448	0.355776847428	
0.449	0.353900869254	
0.45	0.352022159656	
0.451	0.350140717926	
0.452	0.348256543389	
0.453	0.3463696354	
0.454	0.344479993346	
0.455	0.342587616646	
0.456	0.340692504748	
0.457	0.338794657134	
0.458	0.336894073316	
0.459	0.334990752837	
0.46	0.333084695273	
0.461	0.33117590023	
0.462	0.329264367345	
0.463	0.327350096288	
0.464	0.325433086758	
0.465	0.323513338487	
0.466	0.321590851237	
0.467	0.319665624803	
0.468	0.317737659009	
0.469	0.315806953712	
0.47	0.313873508801	
0.471	0.311937324193	
0.472	0.309998399839	
0.473	0.30805673572	
0.474	0.306112331848	
0.475	0.304165188268	
0.476	0.302215305055	
0.477	0.300262682313	
0.478	0.298307320181	
0.479	0.296349218828	
0.48	0.294388378451	
0.481	0.292424799283	
0.482	0.290458481584	
0.483	0.288489425649	
0.484	0.2865176318	
0.485	0.284543100393	
0.486	0.282565831814	
0.487	0.280585826481	
0.488	0.278603084842	
0.489	0.276617607375	
0.49	0.274629394593	
0.491	0.272638447036	
0.492	0.270644765276	
0.493	0.268648349918	
0.494	0.266649201597	
0.495	0.264647320977	
0.496	0.262642708755	
0.497	0.260635365659	
0.498	0.258625292449	
0.499	0.256612489912	
0.5	0.254596958871	
0.501	0.252578700175	
0.502	0.250557714709	
0.503	0.248534003386	
0.504	0.246507567149	
0.505	0.244478406974	
0.506	0.242446523868	
0.507	0.240411918867	
0.508	0.23837459304	
0.509	0.236334547485	
0.51	0.234291783333	
0.511	0.232246301743	
0.512	0.230198103908	
0.513	0.22814719105	
0.514	0.226093564422	
0.515	0.224037225309	
0.516	0.221978175024	
0.517	0.219916414915	
0.518	0.217851946357	
0.519	0.215784770757	
0.52	0.213714889555	
0.521	0.211642304219	
0.522	0.209567016247	
0.523	0.207489027172	
0.524	0.205408338554	
0.525	0.203324951985	
0.526	0.201238869088	
0.527	0.199150091516	
0.528	0.197058620953	
0.529	0.194964459114	
0.53	0.192867607745	
0.531	0.190768068621	
0.532	0.18866584355	
0.533	0.186560934369	
0.534	0.184453342946	
0.535	0.182343071181	
0.536	0.180230121002	
0.537	0.178114494369	
0.538	0.175996193274	
0.539	0.173875219738	
0.54	0.171751575812	
0.541	0.169625263579	
0.542	0.167496285152	
0.543	0.165364642675	
0.544	0.163230338321	
0.545	0.161093374296	
0.546	0.158953752835	
0.547	0.156811476203	
0.548	0.154666546697	
0.549	0.152518966644	
0.55	0.1503687384	
0.551	0.148215864353	
0.552	0.146060346922	
0.553	0.143902188556	
0.554	0.141741391732	
0.555	0.139577958962	
0.556	0.137411892784	
0.557	0.135243195769	
0.558	0.133071870518	
0.559	0.130897919662	
0.56	0.128721345862	
0.561	0.126542151811	
0.562	0.12436034023	
0.563	0.122175913872	
0.564	0.119988875519	
0.565	0.117799227986	
0.566	0.115606974114	
0.567	0.11341211678	
0.568	0.111214658885	
0.569	0.109014603364	
0.57	0.106811953183	
0.571	0.104606711336	
0.572	0.102398880847	
0.573	0.100188464773	
0.574	0.0979754661977	
0.575	0.0957598882377	
0.576	0.0935417340387	
0.577	0.0913210067765	
0.578	0.0890977096572	
0.579	0.0868718459172	
0.58	0.0846434188227	
0.581	0.0824124316702	
0.582	0.0801788877863	
0.583	0.0779427905276	
0.584	0.0757041432809	
0.585	0.0734629494629	
0.586	0.0712192125204	
0.587	0.0689729359303	
0.588	0.0667241231995	
0.589	0.0644727778647	
0.59	0.0622189034929	
0.591	0.0599625036807	
0.592	0.0577035820551	
0.593	0.0554421422727	
0.594	0.0531781880201	
0.595	0.050911723014	
0.596	0.0486427510006	
0.597	0.0463712757564	
0.598	0.0440973010876	
0.599	0.0418208308302	
0.6	0.03954186885	
0.601	0.0372604190429	
0.602	0.0349764853344	
0.603	0.0326900716796	
0.604	0.0304011820638	
0.605	0.0281098205018	
0.606	0.0258159910382	
0.607	0.0235196977473	
0.608	0.0212209447332	
0.609	0.0189197361295	
0.61	0.0166160760998	
0.611	0.0143099688371	
0.612	0.0120014185641	
0.613	0.00969042953322	
0.614	0.00737700602644	
0.615	0.00506115235535	
0.616	0.00274287286111	
0.617	0.00042217191447	
0.618	-0.00190094608429	
0.619	-0.00422647670534	
0.62	-0.00655441548936	
0.621	-0.0088847579475	
0.622	-0.0112174995614	
0.623	-0.0135526357834	
0.624	-0.0158901620362	
0.625	-0.0182300737131	
0.626	-0.0205723661781	
0.627	-0.0229170347658	
0.628	-0.0252640747812	
0.629	-0.0276134815002	
0.63	-0.0299652501692	
0.631	-0.0323193760055	
0.632	-0.0346758541968	
0.633	-0.0370346799017	
0.634	-0.0393958482495	
0.635	-0.0417593543403	
0.636	-0.0441251932449	
0.637	-0.0464933600048	
0.638	-0.0488638496325	
0.639	-0.0512366571113	
0.64	-0.0536117773953	
0.641	-0.0559892054093	
0.642	-0.0583689360493	
0.643	-0.0607509641821	
0.644	-0.0631352846452	
0.645	-0.0655218922474	
0.646	-0.0679107817681	
0.647	-0.0703019479581	
0.648	-0.0726953855389	
0.649	-0.0750910892031	
0.65	-0.0774890536144	
0.651	-0.0798892734075	
0.652	-0.0822917431881	
0.653	-0.0846964575333	
0.654	-0.087103410991	
0.655	-0.0895125980805	
0.656	-0.0919240132922	
0.657	-0.0943376510875	
0.658	-0.0967535058994	
0.659	-0.0991715721317	
0.66	-0.10159184416	
0.661	-0.10401431633	
0.662	-0.106438982961	
0.663	-0.10886583834	
0.664	-0.11129487673	
0.665	-0.113726092361	
0.666	-0.116159479437	
0.667	-0.118595032133	
0.668	-0.121032744594	
0.669	-0.123472610939	
0.67	-0.125914625256	
0.671	-0.128358781605	
0.672	-0.13080507402	
0.673	-0.133253496502	
0.674	-0.135704043029	
0.675	-0.138156707546	
0.676	-0.140611483971	
0.677	-0.143068366195	
0.678	-0.14552734808	
0.679	-0.147988423458	
0.68	-0.150451586135	
0.681	-0.152916829888	
0.682	-0.155384148464	
0.683	-0.157853535586	
0.684	-0.160324984943	
0.685	-0.162798490202	
0.686	-0.165274044996	
0.687	-0.167751642935	
0.688	-0.170231277598	
0.689	-0.172712942536	
0.69	-0.175196631272	
0.691	-0.177682337303	
0.692	-0.180170054095	
0.693	-0.182659775089	
0.694	-0.185151493695	
0.695	-0.187645203298	
0.696	-0.190140897252	
0.697	-0.192638568887	
0.698	-0.195138211502	
0.699	-0.197639818368	
0.7	-0.200143382732	
0.701	-0.202648897809	
0.702	-0.205156356788	
0.703	-0.20766575283	
0.704	-0.210177079069	
0.705	-0.212690328611	
0.706	-0.215205494534	
0.707	-0.217722569889	
0.708	-0.220241547699	
0.709	-0.222762420959	
0.71	-0.225285182637	
0.711	-0.227809825673	
0.712	-0.230336342982	
0.713	-0.232864727448	
0.714	-0.235394971929	
0.715	-0.237927069257	
0.716	-0.240461012234	
0.717	-0.242996793637	
0.718	-0.245534406215	
0.719	-0.248073842689	
0.72	-0.250615095754	
0.721	-0.253158158076	
0.722	-0.255703022296	
0.723	-0.258249681026	
0.724	-0.260798126852	
0.725	-0.263348352332	
0.726	-0.265900349999	
0.727	-0.268454112355	
0.728	-0.27100963188	
0.729	-0.273566901022	
0.73	-0.276125912206	
0.731	-0.278686657829	
0.732	-0.281249130259	
0.733	-0.28381332184	
0.734	-0.286379224888	
0.735	-0.288946831692	
0.736	-0.291516134514	
0.737	-0.29408712559	
0.738	-0.29665979713	
0.739	-0.299234141315	
0.74	-0.301810150301	
0.741	-0.304387816217	
0.742	-0.306967131165	
0.743	-0.309548087223	
0.744	-0.312130676438	
0.745	-0.314714890834	
0.746	-0.317300722408	
0.747	-0.319888163129	
0.748	-0.322477204942	
0.749	-0.325067839762	
0.75	-0.327660059483	
0.751	-0.330253855967	
0.752	-0.332849221054	
0.753	-0.335446146556	
0.754	-0.338044624258	
0.755	-0.340644645922	
0.756	-0.343246203279	
0.757	-0.345849288039	
0.758	-0.348453891882	
0.759	-0.351060006464	
0.76	-0.353667623415	
0.761	-0.356276734338	
0.762	-0.358887330811	
0.763	-0.361499404385	
0.764	-0.364112946587	
0.765	-0.366727948916	
0.766	-0.369344402848	
0.767	-0.37196229983	
0.768	-0.374581631285	
0.769	-0.37720238861	
0.77	-0.379824563177	
0.771	-0.382448146331	
0.772	-0.385073129394	
0.773	-0.387699503659	
0.774	-0.390327260396	
0.775	-0.392956390848	
0.776	-0.395586886234	
0.777	-0.398218737747	
0.778	-0.400851936554	
0.779	-0.403486473797	
0.78	-0.406122340593	
0.781	-0.408759528035	
0.782	-0.411398027187	
0.783	-0.414037829092	
0.784	-0.416678924766	
0.785	-0.419321305199	
0.786	-0.421964961357	
0.787	-0.424609884182	
0.788	-0.427256064588	
0.789	-0.429903493467	
0.79	-0.432552161685	
0.791	-0.435202060082	
0.792	-0.437853179475	
0.793	-0.440505510656	
0.794	-0.44315904439	
0.795	-0.44581377142	
0.796	-0.448469682463	
0.797	-0.45112676821	
0.798	-0.453785019331	
0.799	-0.456444426468	
0.8	-0.459104980241	
0.801	-0.461766671242	
0.802	-0.464429490042	
0.803	-0.467093427186	
0.804	-0.469758473196	
0.805	-0.472424618567	
0.806	-0.475091853771	
0.807	-0.477760169258	
0.808	-0.48042955545	
0.809	-0.483100002746	
0.81	-0.485771501523	
0.811	-0.488444042132	
0.812	-0.491117614899	
0.813	-0.493792210128	
0.814	-0.496467818098	
0.815	-0.499144429063	
0.816	-0.501822033256	
0.817	-0.504500620884	
0.818	-0.50718018213	
0.819	-0.509860707153	
0.82	-0.512542186091	
0.821	-0.515224609055	
0.822	-0.517907966133	
0.823	-0.520592247391	
0.824	-0.523277442871	
0.825	-0.525963542589	
0.826	-0.52865053654	
0.827	-0.531338414696	
0.828	-0.534027167003	
0.829	-0.536716783387	
0.83	-0.539407253746	
0.831	-0.542098567959	
0.832	-0.544790715881	
0.833	-0.547483687341	
0.834	-0.550177472149	
0.835	-0.552872060088	
0.836	-0.55556744092	
0.837	-0.558263604384	
0.838	-0.560960540196	
0.839	-0.563658238047	
0.84	-0.566356687609	
0.841	-0.569055878527	
0.842	-0.571755800425	
0.843	-0.574456442906	
0.844	-0.577157795547	
0.845	-0.579859847905	
0.846	-0.582562589512	
0.847	-0.58526600988	
0.848	-0.587970098496	
0.849	-0.590674844826	
0.85	-0.593380238312	
0.851	-0.596086268377	
0.852	-0.598792924417	
0.853	-0.601500195809	
0.854	-0.604208071907	
0.855	-0.606916542042	
0.856	-0.609625595523	
0.857	-0.612335221638	
0.858	-0.61504540965	
0.859	-0.617756148805	
0.86	-0.620467428321	
0.861	-0.623179237399	
0.862	-0.625891565215	
0.863	-0.628604400925	
0.864	-0.631317733661	
0.865	-0.634031552536	
0.866	-0.636745846638	
0.867	-0.639460605038	
0.868	-0.64217581678	
0.869	-0.64489147089	
0.87	-0.647607556371	
0.871	-0.650324062205	
0.872	-0.653040977352	
0.873	-0.655758290752	
0.874	-0.658475991323	
0.875	-0.661194067959	
0.876	-0.663912509538	
0.877	-0.666631304911	
0.878	-0.669350442913	
0.879	-0.672069912355	
0.88	-0.674789702027	
0.881	-0.677509800699	
0.882	-0.68023019712	
0.883	-0.682950880016	
0.884	-0.685671838095	
0.885	-0.688393060043	
0.886	-0.691114534525	
0.887	-0.693836250185	
0.888	-0.696558195647	
0.889	-0.699280359514	
0.89	-0.702002730369	
0.891	-0.704725296773	
0.892	-0.707448047269	
0.893	-0.710170970377	
0.894	-0.712894054598	
0.895	-0.715617288413	
0.896	-0.718340660281	
0.897	-0.721064158642	
0.898	-0.723787771917	
0.899	-0.726511488504	
0.9	-0.729235296784	
0.901	-0.731959185115	
0.902	-0.734683141837	
0.903	-0.73740715527	
0.904	-0.740131213714	
0.905	-0.742855305448	
0.906	-0.745579418732	
0.907	-0.748303541808	
0.908	-0.751027662894	
0.909	-0.753751770194	
0.91	-0.756475851887	
0.911	-0.759199896137	
0.912	-0.761923891086	
0.913	-0.764647824856	
0.914	-0.767371685552	
0.915	-0.770095461258	
0.916	-0.77281914004	
0.917	-0.775542709943	
0.918	-0.778266158995	
0.919	-0.780989475203	
0.92	-0.783712646555	
0.921	-0.786435661023	
0.922	-0.789158506555	
0.923	-0.791881171086	
0.924	-0.794603642527	
0.925	-0.797325908773	
0.926	-0.800047957699	
0.927	-0.802769777163	
0.928	-0.805491355003	
0.929	-0.808212679038	
0.93	-0.810933737071	
0.931	-0.813654516883	
0.932	-0.816375006239	
0.933	-0.819095192886	
0.934	-0.821815064551	
0.935	-0.824534608944	
0.936	-0.827253813755	
0.937	-0.829972666659	
0.938	-0.83269115531	
0.939	-0.835409267347	
0.94	-0.838126990386	
0.941	-0.840844312032	
0.942	-0.843561219866	
0.943	-0.846277701454	
0.944	-0.848993744344	
0.945	-0.851709336067	
0.946	-0.854424464135	
0.947	-0.857139116044	
0.948	-0.85985327927	
0.949	-0.862566941274	
0.95	-0.865280089498	
0.951	-0.867992711369	
0.952	-0.870704794293	
0.953	-0.873416325662	
0.954	-0.876127292849	
0.955	-0.878837683211	
0.956	-0.881547484087	
0.957	-0.8842566828	
0.958	-0.886965266655	
0.959	-0.889673222941	
0.96	-0.89238053893	
0.961	-0.895087201876	
0.962	-0.897793199018	
0.963	-0.900498517578	
0.964	-0.903203144759	
0.965	-0.905907067752	
0.966	-0.908610273728	
0.967	-0.911312749842	
0.968	-0.914014483234	
0.969	-0.916715461026	
0.97	-0.919415670325	
0.971	-0.922115098222	
0.972	-0.92481373179	
0.973	-0.927511558089	
0.974	-0.930208564159	
0.975	-0.932904737027	
0.976	-0.935600063705	
0.977	-0.938294531185	
0.978	-0.940988126446	
0.979	-0.943680836452	
0.98	-0.94637264815	
0.981	-0.949063548472	
0.982	-0.951753524333	
0.983	-0.954442562635	
0.984	-0.957130650261	
0.985	-0.959817774084	
0.986	-0.962503920955	
0.987	-0.965189077716	
0.988	-0.96787323119	
0.989	-0.970556368186	
0.99	-0.973238475499	
0.991	-0.975919539905	
0.992	-0.978599548171	
0.993	-0.981278487045	
0.994	-0.98395634326	
0.995	-0.986633103537	
0.996	-0.989308754581	
0.997	-0.99198328308	
0.998	-0.994656675712	
0.999	-0.997328919136	
1.0	-1.0	
