0.0	1.0	
0.001	0.999998241124	
0.002	0.999993352052	
0.003	0.999985529768	
0.004	0.999974873046	
0.005	0.999961448796	
0.006	0.999945307501	
0.007	0.999926489603	
0.008	0.99990502876	
0.009	0.99988095376	
0.01	0.999854289713	
0.011	0.999825058867	
0.012	0.999793281176	
0.013	0.999758974714	
0.014	0.999722155993	
0.015	0.999682840202	
0.016	0.999641041395	
0.017	0.999596772647	
0.018	0.999550046177	
0.019	0.999500873449	
0.02	0.999449265256	
0.021	0.999395231792	
0.022	0.999338782717	
0.023	0.999279927202	
0.024	0.999218673978	
0.025	0.999155031376	
0.026	0.999089007359	
0.027	0.99902060955	
0.028	0.998949845264	
0.029	0.998876721527	
0.03	0.998801245101	
0.031	0.998723422495	
0.032	0.998643259993	
0.033	0.99856076366	
0.034	0.998475939361	
0.035	0.99838879277	
0.036	0.998299329385	
0.037	0.998207554535	
0.038	0.998113473392	
0.039	0.99801709098	
0.04	0.99791841218	
0.041	0.99781744174	
0.042	0.997714184282	
0.043	0.997608644308	
0.044	0.997500826202	
0.045	0.997390734245	
0.046	0.997278372608	
0.047	0.997163745367	
0.048	0.997046856501	
0.049	0.9969277099	
0.05	0.996806309366	
0.051	0.996682658619	
0.052	0.996556761298	
0.053	0.996428620967	
0.054	0.996298241117	
0.055	0.996165625167	
0.056	0.996030776467	
0.057	0.995893698306	
0.058	0.995754393907	
0.059	0.995612866431	
0.06	0.995469118985	
0.061	0.995323154616	
0.062	0.995174976317	
0.063	0.99502458703	
0.064	0.994871989644	
0.065	0.994717187001	
0.066	0.994560181894	
0.067	0.99440097707	
0.068	0.994239575231	
0.069	0.994075979037	
0.07	0.993910191106	
0.071	0.993742214012	
0.072	0.993572050294	
0.073	0.993399702451	
0.074	0.993225172942	
0.075	0.993048464195	
0.076	0.992869578598	
0.077	0.992688518508	
0.078	0.992505286246	
0.079	0.992319884103	
0.08	0.992132314338	
0.081	0.991942579178	
0.082	0.991750680821	
0.083	0.991556621435	
0.084	0.991360403162	
0.085	0.991162028113	
0.086	0.990961498375	
0.087	0.990758816005	
0.088	0.990553983039	
0.089	0.990347001483	
0.09	0.990137873322	
0.091	0.989926600516	
0.092	0.989713185	
0.093	0.989497628689	
0.094	0.989279933473	
0.095	0.989060101222	
0.096	0.988838133783	
0.097	0.988614032984	
0.098	0.98838780063	
0.099	0.988159438509	
0.1	0.987928948387	
0.101	0.987696332012	
0.102	0.987461591112	
0.103	0.987224727399	
0.104	0.986985742563	
0.105	0.986744638281	
0.106	0.986501416209	
0.107	0.986256077987	
0.108	0.98600862524	
0.109	0.985759059574	
0.11	0.985507382581	
0.111	0.985253595837	
0.112	0.984997700901	
0.113	0.98473969932	
0.114	0.984479592622	
0.115	0.984217382324	
0.116	0.983953069928	
0.117	0.983686656919	
0.118	0.983418144772	
0.119	0.983147534947	
0.12	0.98287482889	
0.121	0.982600028035	
0.122	0.982323133802	
0.123	0.982044147599	
0.124	0.981763070822	
0.125	0.981479904854	
0.126	0.981194651067	
0.127	0.98090731082	
0.128	0.98061788546	
0.129	0.980326376325	
0.13	0.980032784739	
0.131	0.979737112017	
0.132	0.979439359462	
0.133	0.979139528366	
0.134	0.978837620011	
0.135	0.978533635669	
0.136	0.978227576601	
0.137	0.977919444059	
0.138	0.977609239284	
0.139	0.977296963507	
0.14	0.976982617951	
0.141	0.976666203827	
0.142	0.97634772234	
0.143	0.976027174684	
0.144	0.975704562042	
0.145	0.975379885592	
0.146	0.9750531465	
0.147	0.974724345924	
0.148	0.974393485016	
0.149	0.974060564916	
0.15	0.973725586758	
0.151	0.973388551666	
0.152	0.973049460758	
0.153	0.972708315143	
0.154	0.972365115921	
0.155	0.972019864187	
0.156	0.971672561025	
0.157	0.971323207514	
0.158	0.970971804724	
0.159	0.97061835372	
0.16	0.970262855556	
0.161	0.969905311283	
0.162	0.969545721941	
0.163	0.969184088566	
0.164	0.968820412186	
0.165	0.968454693821	
0.166	0.968086934487	
0.167	0.967717135191	
0.168	0.967345296935	
0.169	0.966971420713	
0.17	0.966595507514	
0.171	0.96621755832	
0.172	0.965837574106	
0.173	0.965455555844	
0.174	0.965071504496	
0.175	0.964685421019	
0.176	0.964297306367	
0.177	0.963907161484	
0.178	0.963514987311	
0.179	0.963120784782	
0.18	0.962724554826	
0.181	0.962326298366	
0.182	0.961926016319	
0.183	0.961523709597	
0.184	0.961119379108	
0.185	0.960713025753	
0.186	0.960304650427	
0.187	0.959894254021	
0.188	0.959481837422	
0.189	0.959067401509	
0.19	0.958650947159	
0.191	0.958232475242	
0.192	0.957811986622	
0.193	0.957389482162	
0.194	0.956964962717	
0.195	0.956538429137	
0.196	0.95610988227	
0.197	0.955679322957	
0.198	0.955246752035	
0.199	0.954812170336	
0.2	0.954375578688	
0.201	0.953936977915	
0.202	0.953496368836	
0.203	0.953053752265	
0.204	0.952609129012	
0.205	0.952162499884	
0.206	0.951713865682	
0.207	0.951263227203	
0.208	0.950810585241	
0.209	0.950355940585	
0.21	0.94989929402	
0.211	0.949440646327	
0.212	0.948979998283	
0.213	0.94851735066	
0.214	0.948052704228	
0.215	0.947586059753	
0.216	0.947117417995	
0.217	0.946646779711	
0.218	0.946174145656	
0.219	0.94569951658	
0.22	0.945222893228	
0.221	0.944744276344	
0.222	0.944263666666	
0.223	0.94378106493	
0.224	0.943296471867	
0.225	0.942809888205	
0.226	0.94232131467	
0.227	0.941830751981	
0.228	0.941338200858	
0.229	0.940843662015	
0.23	0.940347136162	
0.231	0.939848624007	
0.232	0.939348126255	
0.233	0.938845643606	
0.234	0.938341176758	
0.235	0.937834726406	
0.236	0.937326293241	
0.237	0.936815877952	
0.238	0.936303481222	
0.239	0.935789103735	
0.24	0.935272746168	
0.241	0.934754409198	
0.242	0.934234093497	
0.243	0.933711799735	
0.244	0.933187528579	
0.245	0.932661280692	
0.246	0.932133056735	
0.247	0.931602857366	
0.248	0.93107068324	
0.249	0.930536535009	
0.25	0.930000413322	
0.251	0.929462318826	
0.252	0.928922252165	
0.253	0.928380213979	
0.254	0.927836204907	
0.255	0.927290225584	
0.256	0.926742276643	
0.257	0.926192358713	
0.258	0.925640472423	
0.259	0.925086618397	
0.26	0.924530797257	
0.261	0.923973009623	
0.262	0.923413256111	
0.263	0.922851537337	
0.264	0.922287853912	
0.265	0.921722206445	
0.266	0.921154595544	
0.267	0.920585021812	
0.268	0.920013485853	
0.269	0.919439988264	
0.27	0.918864529645	
0.271	0.918287110588	
0.272	0.917707731687	
0.273	0.917126393532	
0.274	0.916543096709	
0.275	0.915957841806	
0.276	0.915370629404	
0.277	0.914781460084	
0.278	0.914190334425	
0.279	0.913597253003	
0.28	0.913002216393	
0.281	0.912405225164	
0.282	0.911806279889	
0.283	0.911205381132	
0.284	0.910602529461	
0.285	0.909997725437	
0.286	0.909390969622	
0.287	0.908782262575	
0.288	0.908171604852	
0.289	0.907558997007	
0.29	0.906944439594	
0.291	0.906327933162	
0.292	0.90570947826	
0.293	0.905089075435	
0.294	0.90446672523	
0.295	0.903842428188	
0.296	0.90321618485	
0.297	0.902587995753	
0.298	0.901957861434	
0.299	0.901325782427	
0.3	0.900691759265	
0.301	0.900055792479	
0.302	0.899417882596	
0.303	0.898778030145	
0.304	0.898136235649	
0.305	0.897492499632	
0.306	0.896846822615	
0.307	0.896199205117	
0.308	0.895549647655	
0.309	0.894898150746	
0.31	0.894244714903	
0.311	0.893589340639	
0.312	0.892932028462	
0.313	0.892272778883	
0.314	0.891611592407	
0.315	0.89094846954	
0.316	0.890283410785	
0.317	0.889616416643	
0.318	0.888947487614	
0.319	0.888276624197	
0.32	0.887603826887	
0.321	0.88692909618	
0.322	0.886252432568	
0.323	0.885573836543	
0.324	0.884893308595	
0.325	0.884210849212	
0.326	0.88352645888	
0.327	0.882840138084	
0.328	0.882151887307	
0.329	0.881461707032	
0.33	0.880769597737	
0.331	0.880075559903	
0.332	0.879379594005	
0.333	0.878681700519	
0.334	0.877981879918	
0.335	0.877280132676	
0.336	0.876576459263	
0.337	0.875870860148	
0.338	0.875163335799	
0.339	0.874453886682	
0.34	0.873742513263	
0.341	0.873029216003	
0.342	0.872313995365	
0.343	0.87159685181	
0.344	0.870877785796	
0.345	0.870156797781	
0.346	0.86943388822	
0.347	0.868709057569	
0.348	0.86798230628	
0.349	0.867253634806	
0.35	0.866523043596	
0.351	0.8657905331	
0.352	0.865056103765	
0.353	0.864319756037	
0.354	0.863581490361	
0.355	0.862841307181	
0.356	0.862099206938	
0.357	0.861355190074	
0.358	0.860609257028	
0.359	0.859861408238	
0.36	0.859111644141	
0.361	0.858359965172	
0.362	0.857606371765	
0.363	0.856850864354	
0.364	0.856093443369	
0.365	0.855334109242	
0.366	0.854572862401	
0.367	0.853809703274	
0.368	0.853044632287	
0.369	0.852277649865	
0.37	0.851508756433	
0.371	0.850737952414	
0.372	0.849965238228	
0.373	0.849190614296	
0.374	0.848414081037	
0.375	0.847635638869	
0.376	0.846855288209	
0.377	0.846073029472	
0.378	0.845288863072	
0.379	0.844502789422	
0.38	0.843714808934	
0.381	0.842924922019	
0.382	0.842133129086	
0.383	0.841339430545	
0.384	0.840543826801	
0.385	0.83974631826	
0.386	0.838946905329	
0.387	0.838145588411	
0.388	0.837342367908	
0.389	0.836537244222	
0.39	0.835730217753	
0.391	0.8349212889	
0.392	0.834110458062	
0.393	0.833297725637	
0.394	0.832483092019	
0.395	0.831666557604	
0.396	0.830848122785	
0.397	0.830027787956	
0.398	0.829205553508	
0.399	0.828381419831	
0.4	0.827555387316	
0.401	0.82672745635	
0.402	0.825897627321	
0.403	0.825065900616	
0.404	0.82423227662	
0.405	0.823396755717	
0.406	0.822559338291	
0.407	0.821720024724	
0.408	0.820878815396	
0.409	0.820035710689	
0.41	0.819190710982	
0.411	0.818343816652	
0.412	0.817495028078	
0.413	0.816644345635	
0.414	0.815791769698	
0.415	0.814937300643	
0.416	0.814080938842	
0.417	0.813222684667	
0.418	0.81236253849	
0.419	0.811500500682	
0.42	0.810636571611	
0.421	0.809770751647	
0.422	0.808903041156	
0.423	0.808033440506	
0.424	0.807161950063	
0.425	0.80628857019	
0.426	0.805413301252	
0.427	0.804536143611	
0.428	0.80365709763	
0.429	0.802776163669	
0.43	0.80189334209	
0.431	0.80100863325	
0.432	0.800122037509	
0.433	0.799233555223	
0.434	0.798343186749	
0.435	0.797450932444	
0.436	0.796556792661	
0.437	0.795660767754	
0.438	0.794762858078	
0.439	0.793863063982	
0.44	0.79296138582	
0.441	0.792057823941	
0.442	0.791152378695	
0.443	0.790245050431	
0.444	0.789335839496	
0.445	0.788424746237	
0.446	0.787511771	
0.447	0.786596914132	
0.448	0.785680175976	
0.449	0.784761556875	
0.45	0.783841057173	
0.451	0.782918677212	
0.452	0.781994417333	
0.453	0.781068277876	
0.454	0.78014025918	
0.455	0.779210361585	
0.456	0.778278585428	
0.457	0.777344931046	
0.458	0.776409398776	
0.459	0.775471988953	
0.46	0.774532701912	
0.461	0.773591537987	
0.462	0.772648497511	
0.463	0.771703580816	
0.464	0.770756788234	
0.465	0.769808120095	
0.466	0.768857576731	
0.467	0.767905158469	
0.468	0.766950865639	
0.469	0.765994698568	
0.47	0.765036657584	
0.471	0.764076743012	
0.472	0.763114955178	
0.473	0.762151294407	
0.474	0.761185761022	
0.475	0.760218355348	
0.476	0.759249077706	
0.477	0.758277928418	
0.478	0.757304907806	
0.479	0.756330016189	
0.48	0.755353253888	
0.481	0.754374621221	
0.482	0.753394118507	
0.483	0.752411746062	
0.484	0.751427504204	
0.485	0.750441393249	
0.486	0.749453413511	
0.487	0.748463565306	
0.488	0.747471848947	
0.489	0.746478264749	
0.49	0.745482813022	
0.491	0.74448549408	
0.492	0.743486308233	
0.493	0.742485255791	
0.494	0.741482337066	
0.495	0.740477552364	
0.496	0.739470901996	
0.497	0.738462386269	
0.498	0.73745200549	
0.499	0.736439759965	
0.5	0.73542565	
0.501	0.734409675901	
0.502	0.733391837971	
0.503	0.732372136514	
0.504	0.731350571834	
0.505	0.730327144234	
0.506	0.729301854014	
0.507	0.728274701476	
0.508	0.72724568692	
0.509	0.726214810648	
0.51	0.725182072957	
0.511	0.724147474146	
0.512	0.723111014514	
0.513	0.722072694357	
0.514	0.721032513973	
0.515	0.719990473658	
0.516	0.718946573706	
0.517	0.717900814414	
0.518	0.716853196075	
0.519	0.715803718982	
0.52	0.71475238343	
0.521	0.71369918971	
0.522	0.712644138113	
0.523	0.711587228933	
0.524	0.710528462457	
0.525	0.709467838978	
0.526	0.708405358784	
0.527	0.707341022164	
0.528	0.706274829407	
0.529	0.705206780799	
0.53	0.704136876628	
0.531	0.703065117181	
0.532	0.701991502743	
0.533	0.700916033599	
0.534	0.699838710034	
0.535	0.698759532333	
0.536	0.697678500779	
0.537	0.696595615654	
0.538	0.695510877242	
0.539	0.694424285824	
0.54	0.693335841681	
0.541	0.692245545094	
0.542	0.691153396344	
0.543	0.690059395709	
0.544	0.688963543469	
0.545	0.687865839902	
0.546	0.686766285286	
0.547	0.685664879899	
0.548	0.684561624018	
0.549	0.683456517918	
0.55	0.682349561875	
0.551	0.681240756165	
0.552	0.680130101062	
0.553	0.67901759684	
0.554	0.677903243773	
0.555	0.676787042134	
0.556	0.675668992196	
0.557	0.674549094229	
0.558	0.673427348507	
0.559	0.672303755299	
0.56	0.671178314876	
0.561	0.670051027509	
0.562	0.668921893465	
0.563	0.667790913015	
0.564	0.666658086426	
0.565	0.665523413967	
0.566	0.664386895904	
0.567	0.663248532504	
0.568	0.662108324034	
0.569	0.660966270759	
0.57	0.659822372944	
0.571	0.658676630855	
0.572	0.657529044755	
0.573	0.656379614909	
0.574	0.655228341579	
0.575	0.654075225029	
0.576	0.65292026552	
0.577	0.651763463314	
0.578	0.650604818673	
0.579	0.649444331857	
0.58	0.648282003126	
0.581	0.647117832742	
0.582	0.645951820961	
0.583	0.644783968045	
0.584	0.64361427425	
0.585	0.642442739835	
0.586	0.641269365058	
0.587	0.640094150174	
0.588	0.638917095441	
0.589	0.637738201115	
0.59	0.63655746745	
0.591	0.635374894703	
0.592	0.634190483128	
0.593	0.633004232978	
0.594	0.631816144508	
0.595	0.63062621797	
0.596	0.629434453618	
0.597	0.628240851703	
0.598	0.627045412478	
0.599	0.625848136194	
0.6	0.624649023101	
0.601	0.62344807345	
0.602	0.622245287491	
0.603	0.621040665474	
0.604	0.619834207648	
0.605	0.618625914261	
0.606	0.617415785562	
0.607	0.616203821798	
0.608	0.614990023217	
0.609	0.613774390065	
0.61	0.612556922589	
0.611	0.611337621035	
0.612	0.610116485649	
0.613	0.608893516675	
0.614	0.607668714359	
0.615	0.606442078944	
0.616	0.605213610675	
0.617	0.603983309794	
0.618	0.602751176546	
0.619	0.601517211172	
0.62	0.600281413914	
0.621	0.599043785014	
0.622	0.597804324715	
0.623	0.596563033255	
0.624	0.595319910876	
0.625	0.594074957819	
0.626	0.592828174321	
0.627	0.591579560624	
0.628	0.590329116965	
0.629	0.589076843582	
0.63	0.587822740715	
0.631	0.586566808599	
0.632	0.585309047474	
0.633	0.584049457574	
0.634	0.582788039138	
0.635	0.581524792399	
0.636	0.580259717595	
0.637	0.57899281496	
0.638	0.577724084729	
0.639	0.576453527136	
0.64	0.575181142416	
0.641	0.573906930801	
0.642	0.572630892525	
0.643	0.57135302782	
0.644	0.57007333692	
0.645	0.568791820056	
0.646	0.567508477459	
0.647	0.566223309361	
0.648	0.564936315992	
0.649	0.563647497583	
0.65	0.562356854365	
0.651	0.561064386566	
0.652	0.559770094416	
0.653	0.558473978144	
0.654	0.557176037978	
0.655	0.555876274146	
0.656	0.554574686877	
0.657	0.553271276398	
0.658	0.551966042935	
0.659	0.550658986715	
0.66	0.549350107965	
0.661	0.54803940691	
0.662	0.546726883776	
0.663	0.545412538788	
0.664	0.544096372171	
0.665	0.542778384149	
0.666	0.541458574947	
0.667	0.540136944787	
0.668	0.538813493894	
0.669	0.53748822249	
0.67	0.536161130799	
0.671	0.534832219041	
0.672	0.533501487439	
0.673	0.532168936215	
0.674	0.530834565589	
0.675	0.529498375783	
0.676	0.528160367017	
0.677	0.526820539511	
0.678	0.525478893485	
0.679	0.524135429158	
0.68	0.522790146749	
0.681	0.521443046478	
0.682	0.520094128561	
0.683	0.518743393218	
0.684	0.517390840666	
0.685	0.516036471123	
0.686	0.514680284805	
0.687	0.513322281929	
0.688	0.511962462711	
0.689	0.510600827367	
0.69	0.509237376113	
0.691	0.507872109164	
0.692	0.506505026736	
0.693	0.505136129042	
0.694	0.503765416297	
0.695	0.502392888714	
0.696	0.501018546508	
0.697	0.499642389892	
0.698	0.498264419079	
0.699	0.496884634281	
0.7	0.49550303571	
0.701	0.494119623579	
0.702	0.492734398099	
0.703	0.491347359481	
0.704	0.489958507937	
0.705	0.488567843677	
0.706	0.487175366911	
0.707	0.48578107785	
0.708	0.484384976702	
0.709	0.482987063678	
0.71	0.481587338986	
0.711	0.480185802836	
0.712	0.478782455435	
0.713	0.477377296991	
0.714	0.475970327714	
0.715	0.474561547808	
0.716	0.473150957483	
0.717	0.471738556945	
0.718	0.4703243464	
0.719	0.468908326055	
0.72	0.467490496115	
0.721	0.466070856786	
0.722	0.464649408273	
0.723	0.463226150782	
0.724	0.461801084516	
0.725	0.460374209681	
0.726	0.45894552648	
0.727	0.457515035117	
0.728	0.456082735796	
0.729	0.454648628719	
0.73	0.45321271409	
0.731	0.451774992111	
0.732	0.450335462984	
0.733	0.448894126911	
0.734	0.447450984094	
0.735	0.446006034734	
0.736	0.444559279033	
0.737	0.44311071719	
0.738	0.441660349407	
0.739	0.440208175883	
0.74	0.438754196819	
0.741	0.437298412414	
0.742	0.435840822867	
0.743	0.434381428378	
0.744	0.432920229144	
0.745	0.431457225365	
0.746	0.429992417239	
0.747	0.428525804963	
0.748	0.427057388735	
0.749	0.425587168752	
0.75	0.424115145211	
0.751	0.422641318309	
0.752	0.421165688242	
0.753	0.419688255207	
0.754	0.418209019399	
0.755	0.416727981014	
0.756	0.415245140247	
0.757	0.413760497293	
0.758	0.412274052347	
0.759	0.410785805604	
0.76	0.409295757256	
0.761	0.4078039075	
0.762	0.406310256527	
0.763	0.404814804531	
0.764	0.403317551706	
0.765	0.401818498245	
0.766	0.400317644339	
0.767	0.398814990181	
0.768	0.397310535962	
0.769	0.395804281876	
0.77	0.394296228113	
0.771	0.392786374864	
0.772	0.39127472232	
0.773	0.389761270672	
0.774	0.388246020111	
0.775	0.386728970825	
0.776	0.385210123006	
0.777	0.383689476842	
0.778	0.382167032524	
0.779	0.38064279024	
0.78	0.379116750178	
0.781	0.377588912528	
0.782	0.376059277477	
0.783	0.374527845215	
0.784	0.372994615927	
0.785	0.371459589802	
0.786	0.369922767028	
0.787	0.36838414779	
0.788	0.366843732277	
0.789	0.365301520673	
0.79	0.363757513166	
0.791	0.362211709941	
0.792	0.360664111184	
0.793	0.359114717081	
0.794	0.357563527816	
0.795	0.356010543575	
0.796	0.354455764542	
0.797	0.352899190902	
0.798	0.351340822838	
0.799	0.349780660536	
0.8	0.348218704177	
0.801	0.346654953947	
0.802	0.345089410027	
0.803	0.343522072602	
0.804	0.341952941853	
0.805	0.340382017963	
0.806	0.338809301114	
0.807	0.337234791489	
0.808	0.335658489269	
0.809	0.334080394634	
0.81	0.332500507768	
0.811	0.33091882885	
0.812	0.329335358061	
0.813	0.327750095582	
0.814	0.326163041593	
0.815	0.324574196275	
0.816	0.322983559806	
0.817	0.321391132366	
0.818	0.319796914135	
0.819	0.318200905292	
0.82	0.316603106015	
0.821	0.315003516483	
0.822	0.313402136875	
0.823	0.311798967368	
0.824	0.310194008141	
0.825	0.308587259371	
0.826	0.306978721236	
0.827	0.305368393912	
0.828	0.303756277577	
0.829	0.302142372407	
0.83	0.300526678579	
0.831	0.29890919627	
0.832	0.297289925654	
0.833	0.295668866909	
0.834	0.294046020209	
0.835	0.29242138573	
0.836	0.290794963646	
0.837	0.289166754134	
0.838	0.287536757367	
0.839	0.285904973521	
0.84	0.284271402768	
0.841	0.282636045284	
0.842	0.280998901242	
0.843	0.279359970815	
0.844	0.277719254177	
0.845	0.276076751501	
0.846	0.274432462959	
0.847	0.272786388725	
0.848	0.271138528971	
0.849	0.26948888387	
0.85	0.267837453592	
0.851	0.26618423831	
0.852	0.264529238195	
0.853	0.262872453419	
0.854	0.261213884153	
0.855	0.259553530568	
0.856	0.257891392835	
0.857	0.256227471123	
0.858	0.254561765603	
0.859	0.252894276446	
0.86	0.251225003821	
0.861	0.249553947897	
0.862	0.247881108845	
0.863	0.246206486833	
0.864	0.24453008203	
0.865	0.242851894605	
0.866	0.241171924726	
0.867	0.239490172563	
0.868	0.237806638282	
0.869	0.236121322053	
0.87	0.234434224042	
0.871	0.232745344417	
0.872	0.231054683346	
0.873	0.229362240995	
0.874	0.227668017532	
0.875	0.225972013123	
0.876	0.224274227934	
0.877	0.222574662132	
0.878	0.220873315884	
0.879	0.219170189354	
0.88	0.217465282708	
0.881	0.215758596112	
0.882	0.214050129731	
0.883	0.212339883731	
0.884	0.210627858275	
0.885	0.208914053529	
0.886	0.207198469657	
0.887	0.205481106823	
0.888	0.203761965192	
0.889	0.202041044927	
0.89	0.200318346191	
0.891	0.198593869149	
0.892	0.196867613963	
0.893	0.195139580797	
0.894	0.193409769812	
0.895	0.191678181173	
0.896	0.189944815042	
0.897	0.188209671579	
0.898	0.186472750949	
0.899	0.184734053312	
0.9	0.182993578831	
0.901	0.181251327666	
0.902	0.179507299979	
0.903	0.177761495931	
0.904	0.176013915683	
0.905	0.174264559396	
0.906	0.172513427229	
0.907	0.170760519345	
0.908	0.169005835902	
0.909	0.16724937706	
0.91	0.16549114298	
0.911	0.16373113382	
0.912	0.161969349741	
0.913	0.160205790901	
0.914	0.158440457459	
0.915	0.156673349574	
0.916	0.154904467405	
0.917	0.15313381111	
0.918	0.151361380848	
0.919	0.149587176776	
0.92	0.147811199052	
0.921	0.146033447834	
0.922	0.14425392328	
0.923	0.142472625546	
0.924	0.140689554791	
0.925	0.138904711169	
0.926	0.13711809484	
0.927	0.135329705959	
0.928	0.133539544682	
0.929	0.131747611166	
0.93	0.129953905566	
0.931	0.128158428039	
0.932	0.12636117874	
0.933	0.124562157825	
0.934	0.122761365449	
0.935	0.120958801768	
0.936	0.119154466935	
0.937	0.117348361106	
0.938	0.115540484435	
0.939	0.113730837077	
0.94	0.111919419186	
0.941	0.110106230916	
0.942	0.108291272422	
0.943	0.106474543855	
0.944	0.104656045371	
0.945	0.102835777122	
0.946	0.101013739262	
0.947	0.0991899319439	
0.948	0.0973643553199	
0.949	0.095537009543	
0.95	0.0937078947656	
0.951	0.0918770111401	
0.952	0.0900443588185	
0.953	0.0882099379528	
0.954	0.0863737486948	
0.955	0.084535791196	
0.956	0.082696065608	
0.957	0.0808545720819	
0.958	0.0790113107689	
0.959	0.0771662818198	
0.96	0.0753194853854	
0.961	0.0734709216163	
0.962	0.0716205906629	
0.963	0.0697684926754	
0.964	0.0679146278039	
0.965	0.0660589961983	
0.966	0.0642015980083	
0.967	0.0623424333835	
0.968	0.0604815024732	
0.969	0.0586188054268	
0.97	0.0567543423933	
0.971	0.0548881135215	
0.972	0.0530201189602	
0.973	0.051150358858	
0.974	0.0492788333633	
0.975	0.0474055426242	
0.976	0.0455304867889	
0.977	0.0436536660053	
0.978	0.0417750804211	
0.979	0.0398947301839	
0.98	0.0380126154411	
0.981	0.0361287363399	
0.982	0.0342430930275	
0.983	0.0323556856508	
0.984	0.0304665143566	
0.985	0.0285755792913	
0.986	0.0266828806016	
0.987	0.0247884184337	
0.988	0.0228921929336	
0.989	0.0209942042474	
0.99	0.0190944525209	
0.991	0.0171929378996	
0.992	0.0152896605292	
0.993	0.0133846205549	
0.994	0.0114778181218	
0.995	0.00956925337508	
0.996	0.00765892645948	
0.997	0.00574683751971	
0.998	0.00383298670031	
0.999	0.00191737414567	
1.0	0.0	
