0.0	2.0	
0.001	1.96837667851	
0.002	1.95527646042	
0.003	1.9452228325	
0.004	1.93674570022	
0.005	1.9292756312	
0.006	1.92252058321	
0.007	1.91630706768	
0.008	1.91052204557	
0.009	1.90508699826	
0.01	1.89994475566	
0.011	1.89505215791	
0.012	1.8903756732	
0.013	1.88588863463	
0.014	1.88156942004	
0.015	1.87740020902	
0.016	1.87336610795	
0.017	1.86945451815	
0.018	1.86565466923	
0.019	1.86195726778	
0.02	1.85835422847	
0.021	1.85483846484	
0.022	1.85140372462	
0.023	1.84804445835	
0.024	1.84475571344	
0.025	1.84153304796	
0.026	1.83837245977	
0.027	1.83527032787	
0.028	1.83222336336	
0.029	1.82922856832	
0.03	1.82628320092	
0.031	1.82338474582	
0.032	1.82053088875	
0.033	1.8177194947	
0.034	1.81494858902	
0.035	1.81221634108	
0.036	1.80952104989	
0.037	1.80686113164	
0.038	1.80423510865	
0.039	1.80164159967	
0.04	1.79907931129	
0.041	1.79654703026	
0.042	1.79404361676	
0.043	1.79156799823	
0.044	1.78911916398	
0.045	1.78669616029	
0.046	1.784298086	
0.047	1.78192408851	
0.048	1.77957336021	
0.049	1.77724513521	
0.05	1.77493868638	
0.051	1.77265332262	
0.052	1.77038838644	
0.053	1.76814325169	
0.054	1.76591732149	
0.055	1.76371002637	
0.056	1.76152082249	
0.057	1.7593491901	
0.058	1.75719463201	
0.059	1.7550566723	
0.06	1.752934855	
0.061	1.75082874296	
0.062	1.74873791678	
0.063	1.74666197381	
0.064	1.74460052721	
0.065	1.7425532051	
0.066	1.74051964975	
0.067	1.73849951686	
0.068	1.73649247481	
0.069	1.73449820406	
0.07	1.7325163965	
0.071	1.73054675493	
0.072	1.72858899246	
0.073	1.72664283206	
0.074	1.72470800608	
0.075	1.72278425578	
0.076	1.72087133096	
0.077	1.71896898953	
0.078	1.71707699717	
0.079	1.71519512696	
0.08	1.71332315906	
0.081	1.71146088043	
0.082	1.70960808447	
0.083	1.70776457083	
0.084	1.70593014508	
0.085	1.70410461851	
0.086	1.70228780785	
0.087	1.70047953509	
0.088	1.69867962725	
0.089	1.69688791619	
0.09	1.6951042384	
0.091	1.69332843485	
0.092	1.6915603508	
0.093	1.68979983563	
0.094	1.68804674271	
0.095	1.68630092922	
0.096	1.68456225605	
0.097	1.68283058762	
0.098	1.68110579179	
0.099	1.67938773973	
0.1	1.67767630578	
0.101	1.67597136736	
0.102	1.67427280486	
0.103	1.67258050155	
0.104	1.67089434346	
0.105	1.6692142193	
0.106	1.66754002036	
0.107	1.66587164045	
0.108	1.66420897579	
0.109	1.66255192495	
0.11	1.66090038877	
0.111	1.65925427027	
0.112	1.65761347462	
0.113	1.65597790904	
0.114	1.65434748275	
0.115	1.65272210689	
0.116	1.65110169452	
0.117	1.64948616047	
0.118	1.64787542138	
0.119	1.64626939557	
0.12	1.64466800304	
0.121	1.64307116541	
0.122	1.64147880587	
0.123	1.63989084913	
0.124	1.63830722136	
0.125	1.63672785021	
0.126	1.63515266469	
0.127	1.6335815952	
0.128	1.63201457345	
0.129	1.63045153244	
0.13	1.62889240641	
0.131	1.62733713084	
0.132	1.62578564238	
0.133	1.62423787883	
0.134	1.62269377914	
0.135	1.62115328332	
0.136	1.61961633247	
0.137	1.61808286872	
0.138	1.61655283523	
0.139	1.61502617612	
0.14	1.61350283649	
0.141	1.61198276237	
0.142	1.61046590071	
0.143	1.60895219935	
0.144	1.607441607	
0.145	1.60593407322	
0.146	1.60442954841	
0.147	1.60292798376	
0.148	1.60142933125	
0.149	1.59993354366	
0.15	1.5984405745	
0.151	1.59695037801	
0.152	1.59546290916	
0.153	1.59397812362	
0.154	1.59249597775	
0.155	1.59101642857	
0.156	1.58953943377	
0.157	1.58806495167	
0.158	1.58659294122	
0.159	1.58512336198	
0.16	1.58365617411	
0.161	1.58219133835	
0.162	1.58072881604	
0.163	1.57926856904	
0.164	1.57781055979	
0.165	1.57635475126	
0.166	1.57490110693	
0.167	1.57344959083	
0.168	1.57200016745	
0.169	1.5705528018	
0.17	1.56910745937	
0.171	1.56766410612	
0.172	1.56622270849	
0.173	1.56478323333	
0.174	1.56334564799	
0.175	1.56190992022	
0.176	1.56047601821	
0.177	1.55904391056	
0.178	1.55761356629	
0.179	1.55618495482	
0.18	1.55475804596	
0.181	1.55333280992	
0.182	1.55190921728	
0.183	1.55048723898	
0.184	1.54906684635	
0.185	1.54764801105	
0.186	1.54623070513	
0.187	1.54481490094	
0.188	1.54340057119	
0.189	1.54198768894	
0.19	1.54057622754	
0.191	1.53916616068	
0.192	1.53775746236	
0.193	1.5363501069	
0.194	1.5349440689	
0.195	1.53353932327	
0.196	1.53213584521	
0.197	1.53073361021	
0.198	1.52933259404	
0.199	1.52793277274	
0.2	1.52653412263	
0.201	1.52513662028	
0.202	1.52374024255	
0.203	1.52234496654	
0.204	1.5209507696	
0.205	1.51955762934	
0.206	1.51816552361	
0.207	1.5167744305	
0.208	1.51538432832	
0.209	1.51399519565	
0.21	1.51260701127	
0.211	1.51121975418	
0.212	1.50983340362	
0.213	1.50844793904	
0.214	1.5070633401	
0.215	1.50567958668	
0.216	1.50429665885	
0.217	1.50291453689	
0.218	1.50153320129	
0.219	1.50015263274	
0.22	1.49877281209	
0.221	1.49739372041	
0.222	1.49601533896	
0.223	1.49463764917	
0.224	1.49326063266	
0.225	1.49188427122	
0.226	1.49050854683	
0.227	1.48913344163	
0.228	1.48775893793	
0.229	1.48638501822	
0.23	1.48501166514	
0.231	1.48363886152	
0.232	1.48226659032	
0.233	1.48089483466	
0.234	1.47952357784	
0.235	1.4781528033	
0.236	1.47678249461	
0.237	1.47541263553	
0.238	1.47404320993	
0.239	1.47267420184	
0.24	1.47130559543	
0.241	1.46993737501	
0.242	1.46856952504	
0.243	1.46720203008	
0.244	1.46583487487	
0.245	1.46446804425	
0.246	1.4631015232	
0.247	1.46173529683	
0.248	1.46036935037	
0.249	1.45900366919	
0.25	1.45763823876	
0.251	1.45627304468	
0.252	1.45490807269	
0.253	1.45354330862	
0.254	1.45217873842	
0.255	1.45081434817	
0.256	1.44945012405	
0.257	1.44808605236	
0.258	1.44672211949	
0.259	1.44535831197	
0.26	1.44399461641	
0.261	1.44263101953	
0.262	1.44126750816	
0.263	1.43990406924	
0.264	1.4385406898	
0.265	1.43717735697	
0.266	1.43581405797	
0.267	1.43445078014	
0.268	1.4330875109	
0.269	1.43172423777	
0.27	1.43036094835	
0.271	1.42899763035	
0.272	1.42763427157	
0.273	1.42627085988	
0.274	1.42490738325	
0.275	1.42354382976	
0.276	1.42218018753	
0.277	1.42081644481	
0.278	1.41945258991	
0.279	1.41808861121	
0.28	1.41672449721	
0.281	1.41536023646	
0.282	1.4139958176	
0.283	1.41263122934	
0.284	1.41126646049	
0.285	1.40990149992	
0.286	1.40853633657	
0.287	1.40717095948	
0.288	1.40580535772	
0.289	1.40443952048	
0.29	1.403073437	
0.291	1.4017070966	
0.292	1.40034048864	
0.293	1.3989736026	
0.294	1.39760642799	
0.295	1.39623895439	
0.296	1.39487117148	
0.297	1.39350306896	
0.298	1.39213463663	
0.299	1.39076586435	
0.3	1.38939674202	
0.301	1.38802725962	
0.302	1.38665740721	
0.303	1.38528717488	
0.304	1.38391655279	
0.305	1.38254553117	
0.306	1.38117410031	
0.307	1.37980225054	
0.308	1.37842997227	
0.309	1.37705725595	
0.31	1.3756840921	
0.311	1.37431047129	
0.312	1.37293638414	
0.313	1.37156182133	
0.314	1.3701867736	
0.315	1.36881123173	
0.316	1.36743518657	
0.317	1.366058629	
0.318	1.36468154997	
0.319	1.36330394048	
0.32	1.36192579157	
0.321	1.36054709434	
0.322	1.35916783992	
0.323	1.35778801952	
0.324	1.35640762438	
0.325	1.35502664578	
0.326	1.35364507506	
0.327	1.3522629036	
0.328	1.35088012283	
0.329	1.34949672423	
0.33	1.34811269932	
0.331	1.34672803965	
0.332	1.34534273685	
0.333	1.34395678255	
0.334	1.34257016845	
0.335	1.34118288629	
0.336	1.33979492786	
0.337	1.33840628496	
0.338	1.33701694947	
0.339	1.33562691328	
0.34	1.33423616834	
0.341	1.33284470663	
0.342	1.33145252018	
0.343	1.33005960104	
0.344	1.32866594132	
0.345	1.32727153316	
0.346	1.32587636872	
0.347	1.32448044023	
0.348	1.32308373994	
0.349	1.32168626013	
0.35	1.32028799312	
0.351	1.31888893128	
0.352	1.317489067	
0.353	1.31608839271	
0.354	1.31468690088	
0.355	1.31328458399	
0.356	1.3118814346	
0.357	1.31047744525	
0.358	1.30907260856	
0.359	1.30766691716	
0.36	1.3062603637	
0.361	1.30485294089	
0.362	1.30344464146	
0.363	1.30203545816	
0.364	1.30062538379	
0.365	1.29921441118	
0.366	1.29780253317	
0.367	1.29638974266	
0.368	1.29497603255	
0.369	1.29356139578	
0.37	1.29214582534	
0.371	1.29072931422	
0.372	1.28931185546	
0.373	1.2878934421	
0.374	1.28647406725	
0.375	1.28505372402	
0.376	1.28363240554	
0.377	1.282210105	
0.378	1.28078681558	
0.379	1.27936253052	
0.38	1.27793724305	
0.381	1.27651094647	
0.382	1.27508363407	
0.383	1.27365529918	
0.384	1.27222593516	
0.385	1.27079553538	
0.386	1.26936409325	
0.387	1.2679316022	
0.388	1.26649805569	
0.389	1.26506344719	
0.39	1.26362777019	
0.391	1.26219101824	
0.392	1.26075318488	
0.393	1.25931426368	
0.394	1.25787424823	
0.395	1.25643313216	
0.396	1.2549909091	
0.397	1.25354757273	
0.398	1.25210311672	
0.399	1.25065753478	
0.4	1.24921082065	
0.401	1.24776296806	
0.402	1.24631397081	
0.403	1.24486382267	
0.404	1.24341251747	
0.405	1.24196004903	
0.406	1.24050641122	
0.407	1.2390515979	
0.408	1.23759560299	
0.409	1.23613842038	
0.41	1.23468004402	
0.411	1.23322046786	
0.412	1.23175968588	
0.413	1.23029769206	
0.414	1.22883448043	
0.415	1.22737004502	
0.416	1.22590437986	
0.417	1.22443747904	
0.418	1.22296933664	
0.419	1.22149994676	
0.42	1.22002930352	
0.421	1.21855740107	
0.422	1.21708423357	
0.423	1.21560979519	
0.424	1.21413408011	
0.425	1.21265708256	
0.426	1.21117879676	
0.427	1.20969921695	
0.428	1.20821833739	
0.429	1.20673615236	
0.43	1.20525265615	
0.431	1.20376784306	
0.432	1.20228170743	
0.433	1.2007942436	
0.434	1.19930544591	
0.435	1.19781530875	
0.436	1.19632382649	
0.437	1.19483099355	
0.438	1.19333680433	
0.439	1.19184125328	
0.44	1.19034433483	
0.441	1.18884604345	
0.442	1.18734637362	
0.443	1.18584531982	
0.444	1.18434287656	
0.445	1.18283903837	
0.446	1.18133379976	
0.447	1.1798271553	
0.448	1.17831909954	
0.449	1.17680962705	
0.45	1.17529873242	
0.451	1.17378641025	
0.452	1.17227265516	
0.453	1.17075746177	
0.454	1.16924082473	
0.455	1.16772273868	
0.456	1.1662031983	
0.457	1.16468219826	
0.458	1.16315973324	
0.459	1.16163579796	
0.46	1.16011038714	
0.461	1.15858349548	
0.462	1.15705511775	
0.463	1.15552524868	
0.464	1.15399388304	
0.465	1.15246101561	
0.466	1.15092664117	
0.467	1.14939075452	
0.468	1.14785335047	
0.469	1.14631442384	
0.47	1.14477396946	
0.471	1.14323198218	
0.472	1.14168845684	
0.473	1.14014338831	
0.474	1.13859677147	
0.475	1.1370486012	
0.476	1.1354988724	
0.477	1.13394757997	
0.478	1.13239471884	
0.479	1.13084028393	
0.48	1.12928427017	
0.481	1.12772667251	
0.482	1.12616748592	
0.483	1.12460670536	
0.484	1.1230443258	
0.485	1.12148034223	
0.486	1.11991474965	
0.487	1.11834754306	
0.488	1.11677871748	
0.489	1.11520826793	
0.49	1.11363618945	
0.491	1.11206247707	
0.492	1.11048712586	
0.493	1.10891013086	
0.494	1.10733148716	
0.495	1.10575118982	
0.496	1.10416923394	
0.497	1.10258561461	
0.498	1.10100032693	
0.499	1.09941336601	
0.5	1.09782472698	
0.501	1.09623440497	
0.502	1.09464239511	
0.503	1.09304869255	
0.504	1.09145329245	
0.505	1.08985618995	
0.506	1.08825738024	
0.507	1.08665685848	
0.508	1.08505461987	
0.509	1.08345065959	
0.51	1.08184497286	
0.511	1.08023755486	
0.512	1.07862840082	
0.513	1.07701750597	
0.514	1.07540486552	
0.515	1.07379047472	
0.516	1.07217432881	
0.517	1.07055642304	
0.518	1.06893675267	
0.519	1.06731531297	
0.52	1.0656920992	
0.521	1.06406710665	
0.522	1.06244033059	
0.523	1.06081176633	
0.524	1.05918140916	
0.525	1.05754925438	
0.526	1.05591529731	
0.527	1.05427953327	
0.528	1.05264195757	
0.529	1.05100256555	
0.53	1.04936135255	
0.531	1.04771831391	
0.532	1.04607344497	
0.533	1.0444267411	
0.534	1.04277819765	
0.535	1.04112780999	
0.536	1.03947557349	
0.537	1.03782148353	
0.538	1.03616553549	
0.539	1.03450772478	
0.54	1.03284804676	
0.541	1.03118649686	
0.542	1.02952307048	
0.543	1.02785776302	
0.544	1.02619056991	
0.545	1.02452148657	
0.546	1.02285050842	
0.547	1.0211776309	
0.548	1.01950284944	
0.549	1.01782615949	
0.55	1.0161475565	
0.551	1.01446703591	
0.552	1.0127845932	
0.553	1.01110022381	
0.554	1.00941392322	
0.555	1.0077256869	
0.556	1.00603551032	
0.557	1.00434338897	
0.558	1.00264931833	
0.559	1.0009532939	
0.56	0.999255311171	
0.561	0.997555365637	
0.562	0.995853452807	
0.563	0.994149568188	
0.564	0.992443707293	
0.565	0.990735865638	
0.566	0.989026038745	
0.567	0.987314222139	
0.568	0.985600411349	
0.569	0.983884601909	
0.57	0.982166789356	
0.571	0.980446969231	
0.572	0.978725137079	
0.573	0.97700128845	
0.574	0.975275418895	
0.575	0.973547523973	
0.576	0.971817599243	
0.577	0.970085640269	
0.578	0.968351642619	
0.579	0.966615601864	
0.58	0.964877513578	
0.581	0.963137373341	
0.582	0.961395176734	
0.583	0.959650919342	
0.584	0.957904596753	
0.585	0.956156204559	
0.586	0.954405738355	
0.587	0.952653193741	
0.588	0.950898566316	
0.589	0.949141851686	
0.59	0.947383045459	
0.591	0.945622143246	
0.592	0.943859140659	
0.593	0.942094033317	
0.594	0.94032681684	
0.595	0.938557486848	
0.596	0.93678603897	
0.597	0.935012468832	
0.598	0.933236772066	
0.599	0.931458944306	
0.6	0.929678981189	
0.601	0.927896878354	
0.602	0.926112631442	
0.603	0.9243262361	
0.604	0.922537687973	
0.605	0.920746982711	
0.606	0.918954115967	
0.607	0.917159083394	
0.608	0.915361880651	
0.609	0.913562503396	
0.61	0.91176094729	
0.611	0.909957207999	
0.612	0.908151281188	
0.613	0.906343162526	
0.614	0.904532847682	
0.615	0.902720332331	
0.616	0.900905612147	
0.617	0.899088682806	
0.618	0.897269539989	
0.619	0.895448179376	
0.62	0.893624596649	
0.621	0.891798787495	
0.622	0.889970747599	
0.623	0.888140472652	
0.624	0.886307958342	
0.625	0.884473200363	
0.626	0.882636194409	
0.627	0.880796936176	
0.628	0.878955421361	
0.629	0.877111645663	
0.63	0.875265604784	
0.631	0.873417294427	
0.632	0.871566710295	
0.633	0.869713848093	
0.634	0.86785870353	
0.635	0.866001272314	
0.636	0.864141550154	
0.637	0.862279532764	
0.638	0.860415215854	
0.639	0.858548595141	
0.64	0.856679666339	
0.641	0.854808425165	
0.642	0.852934867337	
0.643	0.851058988576	
0.644	0.849180784601	
0.645	0.847300251135	
0.646	0.845417383899	
0.647	0.843532178619	
0.648	0.84164463102	
0.649	0.839754736827	
0.65	0.837862491769	
0.651	0.835967891572	
0.652	0.834070931967	
0.653	0.832171608684	
0.654	0.830269917453	
0.655	0.828365854006	
0.656	0.826459414077	
0.657	0.824550593399	
0.658	0.822639387706	
0.659	0.820725792734	
0.66	0.818809804219	
0.661	0.816891417897	
0.662	0.814970629505	
0.663	0.813047434782	
0.664	0.811121829466	
0.665	0.809193809296	
0.666	0.807263370013	
0.667	0.805330507356	
0.668	0.803395217068	
0.669	0.801457494888	
0.67	0.799517336559	
0.671	0.797574737823	
0.672	0.795629694424	
0.673	0.793682202103	
0.674	0.791732256606	
0.675	0.789779853674	
0.676	0.787824989054	
0.677	0.785867658489	
0.678	0.783907857724	
0.679	0.781945582505	
0.68	0.779980828575	
0.681	0.778013591681	
0.682	0.776043867569	
0.683	0.774071651983	
0.684	0.772096940671	
0.685	0.770119729377	
0.686	0.768140013848	
0.687	0.76615778983	
0.688	0.764173053068	
0.689	0.76218579931	
0.69	0.760196024301	
0.691	0.758203723787	
0.692	0.756208893514	
0.693	0.754211529227	
0.694	0.752211626673	
0.695	0.750209181598	
0.696	0.748204189745	
0.697	0.746196646862	
0.698	0.744186548691	
0.699	0.74217389098	
0.7	0.740158669471	
0.701	0.738140879909	
0.702	0.736120518039	
0.703	0.734097579602	
0.704	0.732072060344	
0.705	0.730043956006	
0.706	0.728013262331	
0.707	0.725979975061	
0.708	0.723944089938	
0.709	0.721905602703	
0.71	0.719864509096	
0.711	0.717820804858	
0.712	0.715774485727	
0.713	0.713725547444	
0.714	0.711673985747	
0.715	0.709619796373	
0.716	0.70756297506	
0.717	0.705503517544	
0.718	0.703441419562	
0.719	0.701376676849	
0.72	0.699309285139	
0.721	0.697239240166	
0.722	0.695166537663	
0.723	0.693091173364	
0.724	0.691013142998	
0.725	0.688932442298	
0.726	0.686849066992	
0.727	0.684763012811	
0.728	0.682674275483	
0.729	0.680582850734	
0.73	0.678488734291	
0.731	0.67639192188	
0.732	0.674292409225	
0.733	0.672190192051	
0.734	0.670085266079	
0.735	0.667977627031	
0.736	0.665867270628	
0.737	0.663754192589	
0.738	0.661638388633	
0.739	0.659519854477	
0.74	0.657398585837	
0.741	0.65527457843	
0.742	0.653147827967	
0.743	0.651018330164	
0.744	0.64888608073	
0.745	0.646751075377	
0.746	0.644613309814	
0.747	0.642472779749	
0.748	0.640329480888	
0.749	0.638183408937	
0.75	0.636034559601	
0.751	0.633882928581	
0.752	0.63172851158	
0.753	0.629571304298	
0.754	0.627411302433	
0.755	0.625248501683	
0.756	0.623082897743	
0.757	0.620914486309	
0.758	0.618743263073	
0.759	0.616569223728	
0.76	0.614392363962	
0.761	0.612212679465	
0.762	0.610030165925	
0.763	0.607844819025	
0.764	0.605656634452	
0.765	0.603465607886	
0.766	0.601271735009	
0.767	0.5990750115	
0.768	0.596875433037	
0.769	0.594672995295	
0.77	0.592467693949	
0.771	0.590259524672	
0.772	0.588048483134	
0.773	0.585834565005	
0.774	0.583617765951	
0.775	0.58139808164	
0.776	0.579175507734	
0.777	0.576950039897	
0.778	0.574721673787	
0.779	0.572490405064	
0.78	0.570256229385	
0.781	0.568019142404	
0.782	0.565779139774	
0.783	0.563536217146	
0.784	0.561290370169	
0.785	0.559041594491	
0.786	0.556789885757	
0.787	0.55453523961	
0.788	0.552277651692	
0.789	0.550017117642	
0.79	0.547753633096	
0.791	0.545487193691	
0.792	0.54321779506	
0.793	0.540945432834	
0.794	0.538670102642	
0.795	0.536391800112	
0.796	0.534110520867	
0.797	0.531826260531	
0.798	0.529539014724	
0.799	0.527248779066	
0.8	0.524955549172	
0.801	0.522659320656	
0.802	0.52036008913	
0.803	0.518057850205	
0.804	0.515752599487	
0.805	0.513444332582	
0.806	0.511133045092	
0.807	0.508818732619	
0.808	0.50650139076	
0.809	0.504181015111	
0.81	0.501857601267	
0.811	0.499531144818	
0.812	0.497201641353	
0.813	0.49486908646	
0.814	0.492533475721	
0.815	0.49019480472	
0.816	0.487853069034	
0.817	0.485508264242	
0.818	0.483160385917	
0.819	0.480809429631	
0.82	0.478455390953	
0.821	0.476098265451	
0.822	0.473738048689	
0.823	0.471374736229	
0.824	0.46900832363	
0.825	0.466638806448	
0.826	0.464266180238	
0.827	0.461890440552	
0.828	0.459511582937	
0.829	0.457129602941	
0.83	0.454744496106	
0.831	0.452356257975	
0.832	0.449964884084	
0.833	0.447570369971	
0.834	0.445172711166	
0.835	0.442771903201	
0.836	0.440367941603	
0.837	0.437960821896	
0.838	0.435550539602	
0.839	0.433137090241	
0.84	0.430720469328	
0.841	0.428300672378	
0.842	0.425877694899	
0.843	0.423451532401	
0.844	0.421022180388	
0.845	0.418589634362	
0.846	0.416153889821	
0.847	0.413714942264	
0.848	0.411272787181	
0.849	0.408827420065	
0.85	0.406378836402	
0.851	0.403927031676	
0.852	0.40147200137	
0.853	0.39901374096	
0.854	0.396552245924	
0.855	0.394087511733	
0.856	0.391619533856	
0.857	0.38914830776	
0.858	0.386673828908	
0.859	0.384196092761	
0.86	0.381715094774	
0.861	0.379230830402	
0.862	0.376743295096	
0.863	0.374252484304	
0.864	0.371758393469	
0.865	0.369261018034	
0.866	0.366760353435	
0.867	0.364256395109	
0.868	0.361749138487	
0.869	0.359238578997	
0.87	0.356724712065	
0.871	0.354207533112	
0.872	0.351687037557	
0.873	0.349163220816	
0.874	0.3466360783	
0.875	0.344105605418	
0.876	0.341571797577	
0.877	0.339034650177	
0.878	0.336494158618	
0.879	0.333950318295	
0.88	0.331403124599	
0.881	0.328852572921	
0.882	0.326298658643	
0.883	0.323741377149	
0.884	0.321180723817	
0.885	0.318616694021	
0.886	0.316049283132	
0.887	0.31347848652	
0.888	0.310904299547	
0.889	0.308326717574	
0.89	0.30574573596	
0.891	0.303161350057	
0.892	0.300573555216	
0.893	0.297982346784	
0.894	0.295387720103	
0.895	0.292789670513	
0.896	0.29018819335	
0.897	0.287583283946	
0.898	0.284974937629	
0.899	0.282363149725	
0.9	0.279747915554	
0.901	0.277129230434	
0.902	0.274507089679	
0.903	0.271881488599	
0.904	0.2692524225	
0.905	0.266619886686	
0.906	0.263983876454	
0.907	0.2613443871	
0.908	0.258701413916	
0.909	0.256054952188	
0.91	0.253404997201	
0.911	0.250751544234	
0.912	0.248094588564	
0.913	0.245434125463	
0.914	0.242770150199	
0.915	0.240102658037	
0.916	0.237431644236	
0.917	0.234757104054	
0.918	0.232079032744	
0.919	0.229397425555	
0.92	0.22671227773	
0.921	0.224023584512	
0.922	0.221331341136	
0.923	0.218635542837	
0.924	0.215936184842	
0.925	0.213233262377	
0.926	0.210526770663	
0.927	0.207816704916	
0.928	0.20510306035	
0.929	0.202385832173	
0.93	0.199665015589	
0.931	0.196940605799	
0.932	0.194212598	
0.933	0.191480987383	
0.934	0.188745769138	
0.935	0.186006938447	
0.936	0.183264490491	
0.937	0.180518420445	
0.938	0.177768723481	
0.939	0.175015394766	
0.94	0.172258429463	
0.941	0.16949782273	
0.942	0.166733569723	
0.943	0.163965665591	
0.944	0.161194105481	
0.945	0.158418884533	
0.946	0.155639997886	
0.947	0.152857440673	
0.948	0.150071208022	
0.949	0.147281295058	
0.95	0.1444876969	
0.951	0.141690408664	
0.952	0.138889425462	
0.953	0.136084742401	
0.954	0.133276354582	
0.955	0.130464257104	
0.956	0.12764844506	
0.957	0.12482891354	
0.958	0.122005657628	
0.959	0.119178672404	
0.96	0.116347952944	
0.961	0.113513494319	
0.962	0.110675291597	
0.963	0.107833339837	
0.964	0.1049876341	
0.965	0.102138169436	
0.966	0.0992849408959	
0.967	0.096427943522	
0.968	0.0935671723539	
0.969	0.0907026224261	
0.97	0.0878342887687	
0.971	0.084962166407	
0.972	0.0820862503615	
0.973	0.0792065356483	
0.974	0.0763230172788	
0.975	0.0734356902593	
0.976	0.0705445495919	
0.977	0.0676495902737	
0.978	0.0647508072971	
0.979	0.0618481956498	
0.98	0.0589417503146	
0.981	0.0560314662697	
0.982	0.0531173384882	
0.983	0.0501993619389	
0.984	0.0472775315853	
0.985	0.0443518423862	
0.986	0.0414222892957	
0.987	0.0384888672629	
0.988	0.0355515712319	
0.989	0.0326103961423	
0.99	0.0296653369284	
0.991	0.0267163885198	
0.992	0.0237635458411	
0.993	0.0208068038118	
0.994	0.0178461573468	
0.995	0.0148816013557	
0.996	0.0119131307434	
0.997	0.00894074040938	
0.998	0.00596442524854	
0.999	0.00298418015053	
1.0	0.0	
