0.0	1.0	
0.001	0.999997310251	
0.002	0.99999025789	
0.003	0.999979317038	
0.004	0.999964714658	
0.005	0.999946600987	
0.006	0.999925087548	
0.007	0.999900262536	
0.008	0.999872198601	
0.009	0.999840957313	
0.01	0.999806591967	
0.011	0.999769149455	
0.012	0.999728671573	
0.013	0.999685195972	
0.014	0.999638756866	
0.015	0.999589385579	
0.016	0.999537110971	
0.017	0.999481959778	
0.018	0.999423956891	
0.019	0.999363125574	
0.02	0.999299487661	
0.021	0.999233063705	
0.022	0.99916387312	
0.023	0.999091934286	
0.024	0.999017264652	
0.025	0.998939880821	
0.026	0.998859798622	
0.027	0.998777033177	
0.028	0.998691598954	
0.029	0.998603509825	
0.03	0.998512779102	
0.031	0.998419419585	
0.032	0.998323443595	
0.033	0.998224863005	
0.034	0.998123689272	
0.035	0.998019933463	
0.036	0.997913606278	
0.037	0.997804718074	
0.038	0.997693278884	
0.039	0.997579298434	
0.04	0.997462786164	
0.041	0.997343751239	
0.042	0.997222202567	
0.043	0.997098148811	
0.044	0.996971598401	
0.045	0.996842559545	
0.046	0.996711040242	
0.047	0.996577048288	
0.048	0.99644059129	
0.049	0.99630167667	
0.05	0.996160311678	
0.051	0.996016503394	
0.052	0.99587025874	
0.053	0.995721584482	
0.054	0.995570487242	
0.055	0.995416973498	
0.056	0.995261049593	
0.057	0.995102721741	
0.058	0.994941996029	
0.059	0.994778878423	
0.06	0.994613374772	
0.061	0.994445490815	
0.062	0.994275232181	
0.063	0.994102604394	
0.064	0.993927612879	
0.065	0.99375026296	
0.066	0.993570559872	
0.067	0.993388508753	
0.068	0.993204114656	
0.069	0.993017382549	
0.07	0.992828317316	
0.071	0.992636923759	
0.072	0.992443206606	
0.073	0.992247170507	
0.074	0.992048820039	
0.075	0.991848159707	
0.076	0.99164519395	
0.077	0.991439927136	
0.078	0.991232363572	
0.079	0.991022507496	
0.08	0.990810363091	
0.081	0.990595934473	
0.082	0.990379225706	
0.083	0.990160240791	
0.084	0.989938983679	
0.085	0.989715458264	
0.086	0.989489668388	
0.087	0.989261617841	
0.088	0.989031310363	
0.089	0.988798749648	
0.09	0.988563939337	
0.091	0.98832688303	
0.092	0.988087584279	
0.093	0.98784604659	
0.094	0.987602273428	
0.095	0.987356268216	
0.096	0.987108034335	
0.097	0.986857575124	
0.098	0.986604893884	
0.099	0.986349993878	
0.1	0.98609287833	
0.101	0.985833550426	
0.102	0.985572013318	
0.103	0.985308270122	
0.104	0.985042323918	
0.105	0.984774177753	
0.106	0.98450383464	
0.107	0.984231297561	
0.108	0.983956569464	
0.109	0.983679653267	
0.11	0.983400551856	
0.111	0.983119268088	
0.112	0.982835804791	
0.113	0.982550164762	
0.114	0.982262350772	
0.115	0.981972365561	
0.116	0.981680211846	
0.117	0.981385892312	
0.118	0.981089409622	
0.119	0.980790766412	
0.12	0.98048996529	
0.121	0.980187008842	
0.122	0.979881899629	
0.123	0.979574640187	
0.124	0.979265233029	
0.125	0.978953680645	
0.126	0.9786399855	
0.127	0.97832415004	
0.128	0.978006176687	
0.129	0.977686067841	
0.13	0.97736382588	
0.131	0.977039453164	
0.132	0.97671295203	
0.133	0.976384324795	
0.134	0.976053573756	
0.135	0.975720701191	
0.136	0.975385709357	
0.137	0.975048600495	
0.138	0.974709376823	
0.139	0.974368040545	
0.14	0.974024593844	
0.141	0.973679038886	
0.142	0.97333137782	
0.143	0.972981612775	
0.144	0.972629745866	
0.145	0.97227577919	
0.146	0.971919714828	
0.147	0.971561554843	
0.148	0.971201301283	
0.149	0.970838956181	
0.15	0.970474521553	
0.151	0.9701079994	
0.152	0.969739391707	
0.153	0.969368700447	
0.154	0.968995927574	
0.155	0.968621075031	
0.156	0.968244144745	
0.157	0.967865138628	
0.158	0.96748405858	
0.159	0.967100906486	
0.16	0.966715684218	
0.161	0.966328393634	
0.162	0.965939036579	
0.163	0.965547614885	
0.164	0.965154130371	
0.165	0.964758584844	
0.166	0.964360980097	
0.167	0.963961317912	
0.168	0.963559600058	
0.169	0.963155828293	
0.17	0.962750004361	
0.171	0.962342129996	
0.172	0.96193220692	
0.173	0.961520236843	
0.174	0.961106221465	
0.175	0.960690162473	
0.176	0.960272061544	
0.177	0.959851920343	
0.178	0.959429740527	
0.179	0.95900552374	
0.18	0.958579271614	
0.181	0.958150985775	
0.182	0.957720667835	
0.183	0.957288319397	
0.184	0.956853942054	
0.185	0.95641753739	
0.186	0.955979106978	
0.187	0.955538652381	
0.188	0.955096175153	
0.189	0.954651676839	
0.19	0.954205158975	
0.191	0.953756623086	
0.192	0.953306070689	
0.193	0.952853503291	
0.194	0.952398922392	
0.195	0.951942329482	
0.196	0.951483726041	
0.197	0.951023113542	
0.198	0.950560493449	
0.199	0.950095867218	
0.2	0.949629236296	
0.201	0.949160602121	
0.202	0.948689966125	
0.203	0.948217329729	
0.204	0.947742694348	
0.205	0.947266061389	
0.206	0.946787432251	
0.207	0.946306808323	
0.208	0.945824190991	
0.209	0.945339581628	
0.21	0.944852981603	
0.211	0.944364392277	
0.212	0.943873815003	
0.213	0.943381251127	
0.214	0.942886701987	
0.215	0.942390168915	
0.216	0.941891653235	
0.217	0.941391156265	
0.218	0.940888679315	
0.219	0.940384223688	
0.22	0.939877790682	
0.221	0.939369381586	
0.222	0.938858997683	
0.223	0.93834664025	
0.224	0.937832310558	
0.225	0.937316009869	
0.226	0.936797739441	
0.227	0.936277500525	
0.228	0.935755294365	
0.229	0.9352311222	
0.23	0.934704985261	
0.231	0.934176884774	
0.232	0.933646821959	
0.233	0.93311479803	
0.234	0.932580814196	
0.235	0.932044871656	
0.236	0.931506971609	
0.237	0.930967115243	
0.238	0.930425303744	
0.239	0.92988153829	
0.24	0.929335820054	
0.241	0.928788150205	
0.242	0.928238529903	
0.243	0.927686960306	
0.244	0.927133442565	
0.245	0.926577977825	
0.246	0.926020567226	
0.247	0.925461211904	
0.248	0.924899912987	
0.249	0.924336671602	
0.25	0.923771488867	
0.251	0.923204365895	
0.252	0.922635303798	
0.253	0.922064303677	
0.254	0.921491366633	
0.255	0.92091649376	
0.256	0.920339686147	
0.257	0.919760944878	
0.258	0.919180271033	
0.259	0.918597665686	
0.26	0.918013129908	
0.261	0.917426664763	
0.262	0.916838271313	
0.263	0.916247950613	
0.264	0.915655703715	
0.265	0.915061531665	
0.266	0.914465435505	
0.267	0.913867416274	
0.268	0.913267475005	
0.269	0.912665612726	
0.27	0.912061830463	
0.271	0.911456129235	
0.272	0.910848510059	
0.273	0.910238973945	
0.274	0.909627521901	
0.275	0.909014154931	
0.276	0.908398874034	
0.277	0.907781680203	
0.278	0.90716257443	
0.279	0.906541557702	
0.28	0.905918631001	
0.281	0.905293795306	
0.282	0.904667051591	
0.283	0.904038400827	
0.284	0.903407843981	
0.285	0.902775382015	
0.286	0.902141015888	
0.287	0.901504746556	
0.288	0.90086657497	
0.289	0.900226502077	
0.29	0.89958452882	
0.291	0.898940656141	
0.292	0.898294884975	
0.293	0.897647216255	
0.294	0.89699765091	
0.295	0.896346189866	
0.296	0.895692834043	
0.297	0.895037584361	
0.298	0.894380441734	
0.299	0.893721407074	
0.3	0.893060481287	
0.301	0.892397665279	
0.302	0.891732959949	
0.303	0.891066366196	
0.304	0.890397884913	
0.305	0.889727516991	
0.306	0.889055263318	
0.307	0.888381124776	
0.308	0.887705102248	
0.309	0.887027196609	
0.31	0.886347408735	
0.311	0.885665739496	
0.312	0.88498218976	
0.313	0.884296760392	
0.314	0.883609452252	
0.315	0.882920266199	
0.316	0.882229203089	
0.317	0.881536263773	
0.318	0.880841449099	
0.319	0.880144759915	
0.32	0.879446197062	
0.321	0.878745761381	
0.322	0.878043453708	
0.323	0.877339274877	
0.324	0.876633225719	
0.325	0.875925307063	
0.326	0.875215519732	
0.327	0.87450386455	
0.328	0.873790342335	
0.329	0.873074953904	
0.33	0.87235770007	
0.331	0.871638581644	
0.332	0.870917599435	
0.333	0.870194754246	
0.334	0.869470046882	
0.335	0.86874347814	
0.336	0.868015048819	
0.337	0.867284759712	
0.338	0.866552611611	
0.339	0.865818605304	
0.34	0.865082741578	
0.341	0.864345021217	
0.342	0.863605445	
0.343	0.862864013707	
0.344	0.862120728113	
0.345	0.861375588991	
0.346	0.860628597111	
0.347	0.859879753242	
0.348	0.859129058149	
0.349	0.858376512595	
0.35	0.85762211734	
0.351	0.856865873142	
0.352	0.856107780757	
0.353	0.855347840938	
0.354	0.854586054434	
0.355	0.853822421996	
0.356	0.853056944367	
0.357	0.852289622291	
0.358	0.85152045651	
0.359	0.850749447761	
0.36	0.849976596781	
0.361	0.849201904305	
0.362	0.848425371062	
0.363	0.847646997784	
0.364	0.846866785196	
0.365	0.846084734023	
0.366	0.845300844987	
0.367	0.84451511881	
0.368	0.843727556208	
0.369	0.842938157897	
0.37	0.84214692459	
0.371	0.841353857	
0.372	0.840558955834	
0.373	0.8397622218	
0.374	0.838963655602	
0.375	0.838163257943	
0.376	0.837361029523	
0.377	0.83655697104	
0.378	0.835751083191	
0.379	0.834943366669	
0.38	0.834133822167	
0.381	0.833322450373	
0.382	0.832509251977	
0.383	0.831694227663	
0.384	0.830877378116	
0.385	0.830058704016	
0.386	0.829238206044	
0.387	0.828415884877	
0.388	0.82759174119	
0.389	0.826765775658	
0.39	0.825937988951	
0.391	0.825108381739	
0.392	0.824276954691	
0.393	0.823443708471	
0.394	0.822608643743	
0.395	0.821771761169	
0.396	0.82093306141	
0.397	0.820092545123	
0.398	0.819250212964	
0.399	0.818406065588	
0.4	0.817560103646	
0.401	0.81671232779	
0.402	0.815862738667	
0.403	0.815011336926	
0.404	0.814158123209	
0.405	0.813303098162	
0.406	0.812446262425	
0.407	0.811587616637	
0.408	0.810727161437	
0.409	0.80986489746	
0.41	0.80900082534	
0.411	0.808134945709	
0.412	0.807267259199	
0.413	0.806397766438	
0.414	0.805526468053	
0.415	0.804653364669	
0.416	0.803778456911	
0.417	0.8029017454	
0.418	0.802023230756	
0.419	0.801142913598	
0.42	0.800260794542	
0.421	0.799376874205	
0.422	0.798491153198	
0.423	0.797603632135	
0.424	0.796714311625	
0.425	0.795823192277	
0.426	0.794930274697	
0.427	0.794035559491	
0.428	0.793139047263	
0.429	0.792240738614	
0.43	0.791340634145	
0.431	0.790438734455	
0.432	0.78953504014	
0.433	0.788629551798	
0.434	0.78772227002	
0.435	0.786813195401	
0.436	0.785902328531	
0.437	0.78498967	
0.438	0.784075220394	
0.439	0.783158980301	
0.44	0.782240950306	
0.441	0.781321130991	
0.442	0.780399522938	
0.443	0.779476126728	
0.444	0.778550942939	
0.445	0.777623972149	
0.446	0.776695214933	
0.447	0.775764671865	
0.448	0.774832343519	
0.449	0.773898230466	
0.45	0.772962333275	
0.451	0.772024652515	
0.452	0.771085188753	
0.453	0.770143942555	
0.454	0.769200914485	
0.455	0.768256105105	
0.456	0.767309514977	
0.457	0.76636114466	
0.458	0.765410994714	
0.459	0.764459065695	
0.46	0.763505358159	
0.461	0.76254987266	
0.462	0.761592609751	
0.463	0.760633569984	
0.464	0.759672753909	
0.465	0.758710162074	
0.466	0.757745795029	
0.467	0.756779653317	
0.468	0.755811737485	
0.469	0.754842048076	
0.47	0.753870585632	
0.471	0.752897350693	
0.472	0.7519223438	
0.473	0.750945565491	
0.474	0.749967016302	
0.475	0.748986696769	
0.476	0.748004607426	
0.477	0.747020748808	
0.478	0.746035121444	
0.479	0.745047725866	
0.48	0.744058562603	
0.481	0.743067632183	
0.482	0.742074935133	
0.483	0.741080471978	
0.484	0.740084243242	
0.485	0.739086249449	
0.486	0.738086491119	
0.487	0.737084968775	
0.488	0.736081682934	
0.489	0.735076634115	
0.49	0.734069822835	
0.491	0.733061249609	
0.492	0.732050914953	
0.493	0.731038819378	
0.494	0.730024963398	
0.495	0.729009347523	
0.496	0.727991972263	
0.497	0.726972838126	
0.498	0.72595194562	
0.499	0.724929295251	
0.5	0.723904887523	
0.501	0.722878722942	
0.502	0.721850802009	
0.503	0.720821125226	
0.504	0.719789693094	
0.505	0.718756506111	
0.506	0.717721564777	
0.507	0.716684869587	
0.508	0.715646421038	
0.509	0.714606219626	
0.51	0.713564265842	
0.511	0.712520560181	
0.512	0.711475103133	
0.513	0.710427895189	
0.514	0.709378936838	
0.515	0.708328228569	
0.516	0.707275770867	
0.517	0.706221564221	
0.518	0.705165609114	
0.519	0.70410790603	
0.52	0.703048455452	
0.521	0.701987257863	
0.522	0.700924313742	
0.523	0.699859623569	
0.524	0.698793187823	
0.525	0.697725006981	
0.526	0.69665508152	
0.527	0.695583411916	
0.528	0.694509998642	
0.529	0.693434842173	
0.53	0.69235794298	
0.531	0.691279301536	
0.532	0.690198918309	
0.533	0.689116793771	
0.534	0.688032928388	
0.535	0.686947322628	
0.536	0.685859976959	
0.537	0.684770891844	
0.538	0.683680067749	
0.539	0.682587505136	
0.54	0.681493204469	
0.541	0.680397166207	
0.542	0.679299390813	
0.543	0.678199878745	
0.544	0.677098630462	
0.545	0.675995646421	
0.546	0.67489092708	
0.547	0.673784472892	
0.548	0.672676284314	
0.549	0.671566361798	
0.55	0.670454705798	
0.551	0.669341316766	
0.552	0.668226195151	
0.553	0.667109341405	
0.554	0.665990755976	
0.555	0.664870439312	
0.556	0.663748391861	
0.557	0.662624614068	
0.558	0.661499106379	
0.559	0.660371869239	
0.56	0.65924290309	
0.561	0.658112208376	
0.562	0.656979785538	
0.563	0.655845635016	
0.564	0.654709757252	
0.565	0.653572152683	
0.566	0.652432821748	
0.567	0.651291764884	
0.568	0.650148982528	
0.569	0.649004475114	
0.57	0.647858243078	
0.571	0.646710286854	
0.572	0.645560606873	
0.573	0.644409203568	
0.574	0.643256077371	
0.575	0.64210122871	
0.576	0.640944658017	
0.577	0.639786365719	
0.578	0.638626352244	
0.579	0.637464618018	
0.58	0.636301163469	
0.581	0.635135989021	
0.582	0.633969095098	
0.583	0.632800482124	
0.584	0.631630150522	
0.585	0.630458100713	
0.586	0.629284333118	
0.587	0.628108848158	
0.588	0.626931646252	
0.589	0.625752727818	
0.59	0.624572093275	
0.591	0.623389743038	
0.592	0.622205677526	
0.593	0.621019897151	
0.594	0.61983240233	
0.595	0.618643193476	
0.596	0.617452271001	
0.597	0.616259635319	
0.598	0.61506528684	
0.599	0.613869225974	
0.6	0.612671453132	
0.601	0.611471968723	
0.602	0.610270773155	
0.603	0.609067866834	
0.604	0.607863250169	
0.605	0.606656923564	
0.606	0.605448887426	
0.607	0.604239142157	
0.608	0.603027688163	
0.609	0.601814525845	
0.61	0.600599655606	
0.611	0.599383077847	
0.612	0.598164792969	
0.613	0.596944801371	
0.614	0.595723103453	
0.615	0.594499699613	
0.616	0.593274590248	
0.617	0.592047775756	
0.618	0.590819256533	
0.619	0.589589032973	
0.62	0.588357105472	
0.621	0.587123474423	
0.622	0.58588814022	
0.623	0.584651103255	
0.624	0.58341236392	
0.625	0.582171922607	
0.626	0.580929779704	
0.627	0.579685935602	
0.628	0.578440390691	
0.629	0.577193145357	
0.63	0.575944199989	
0.631	0.574693554973	
0.632	0.573441210695	
0.633	0.572187167541	
0.634	0.570931425896	
0.635	0.569673986143	
0.636	0.568414848666	
0.637	0.567154013847	
0.638	0.565891482069	
0.639	0.564627253712	
0.64	0.563361329157	
0.641	0.562093708784	
0.642	0.560824392972	
0.643	0.5595533821	
0.644	0.558280676545	
0.645	0.557006276686	
0.646	0.555730182897	
0.647	0.554452395555	
0.648	0.553172915036	
0.649	0.551891741714	
0.65	0.550608875962	
0.651	0.549324318154	
0.652	0.548038068662	
0.653	0.546750127858	
0.654	0.545460496114	
0.655	0.5441691738	
0.656	0.542876161287	
0.657	0.541581458942	
0.658	0.540285067135	
0.659	0.538986986235	
0.66	0.537687216607	
0.661	0.53638575862	
0.662	0.535082612639	
0.663	0.53377777903	
0.664	0.532471258157	
0.665	0.531163050385	
0.666	0.529853156077	
0.667	0.528541575596	
0.668	0.527228309305	
0.669	0.525913357565	
0.67	0.524596720738	
0.671	0.523278399183	
0.672	0.521958393261	
0.673	0.520636703332	
0.674	0.519313329753	
0.675	0.517988272882	
0.676	0.516661533078	
0.677	0.515333110696	
0.678	0.514003006094	
0.679	0.512671219626	
0.68	0.511337751649	
0.681	0.510002602515	
0.682	0.508665772579	
0.683	0.507327262195	
0.684	0.505987071715	
0.685	0.50464520149	
0.686	0.503301651873	
0.687	0.501956423214	
0.688	0.500609515864	
0.689	0.499260930172	
0.69	0.497910666488	
0.691	0.496558725159	
0.692	0.495205106535	
0.693	0.493849810962	
0.694	0.492492838787	
0.695	0.491134190356	
0.696	0.489773866015	
0.697	0.48841186611	
0.698	0.487048190985	
0.699	0.485682840983	
0.7	0.484315816449	
0.701	0.482947117724	
0.702	0.481576745152	
0.703	0.480204699074	
0.704	0.478830979831	
0.705	0.477455587764	
0.706	0.476078523214	
0.707	0.474699786518	
0.708	0.473319378017	
0.709	0.47193729805	
0.71	0.470553546953	
0.711	0.469168125064	
0.712	0.46778103272	
0.713	0.466392270257	
0.714	0.465001838011	
0.715	0.463609736317	
0.716	0.462215965511	
0.717	0.460820525925	
0.718	0.459423417893	
0.719	0.458024641749	
0.72	0.456624197825	
0.721	0.455222086453	
0.722	0.453818307964	
0.723	0.45241286269	
0.724	0.45100575096	
0.725	0.449596973106	
0.726	0.448186529455	
0.727	0.446774420337	
0.728	0.44536064608	
0.729	0.443945207013	
0.73	0.442528103462	
0.731	0.441109335754	
0.732	0.439688904215	
0.733	0.438266809172	
0.734	0.436843050949	
0.735	0.435417629871	
0.736	0.433990546263	
0.737	0.432561800448	
0.738	0.431131392749	
0.739	0.42969932349	
0.74	0.428265592992	
0.741	0.426830201577	
0.742	0.425393149567	
0.743	0.423954437281	
0.744	0.422514065041	
0.745	0.421072033167	
0.746	0.419628341976	
0.747	0.418182991789	
0.748	0.416735982924	
0.749	0.415287315698	
0.75	0.413836990428	
0.751	0.412385007432	
0.752	0.410931367026	
0.753	0.409476069526	
0.754	0.408019115247	
0.755	0.406560504503	
0.756	0.405100237611	
0.757	0.403638314882	
0.758	0.402174736632	
0.759	0.400709503173	
0.76	0.399242614817	
0.761	0.397774071876	
0.762	0.396303874663	
0.763	0.394832023488	
0.764	0.393358518663	
0.765	0.391883360496	
0.766	0.390406549298	
0.767	0.388928085379	
0.768	0.387447969046	
0.769	0.385966200609	
0.77	0.384482780375	
0.771	0.382997708652	
0.772	0.381510985747	
0.773	0.380022611966	
0.774	0.378532587615	
0.775	0.377040913001	
0.776	0.375547588427	
0.777	0.374052614199	
0.778	0.372555990622	
0.779	0.371057717998	
0.78	0.369557796632	
0.781	0.368056226826	
0.782	0.366553008882	
0.783	0.365048143104	
0.784	0.363541629792	
0.785	0.362033469247	
0.786	0.360523661771	
0.787	0.359012207664	
0.788	0.357499107225	
0.789	0.355984360754	
0.79	0.35446796855	
0.791	0.352949930911	
0.792	0.351430248136	
0.793	0.349908920522	
0.794	0.348385948367	
0.795	0.346861331967	
0.796	0.345335071619	
0.797	0.343807167618	
0.798	0.342277620261	
0.799	0.340746429842	
0.8	0.339213596657	
0.801	0.337679120999	
0.802	0.336143003162	
0.803	0.33460524344	
0.804	0.333065842126	
0.805	0.331524799512	
0.806	0.329982115891	
0.807	0.328437791554	
0.808	0.326891826793	
0.809	0.325344221899	
0.81	0.323794977162	
0.811	0.322244092872	
0.812	0.32069156932	
0.813	0.319137406794	
0.814	0.317581605583	
0.815	0.316024165976	
0.816	0.314465088262	
0.817	0.312904372726	
0.818	0.311342019658	
0.819	0.309778029344	
0.82	0.30821240207	
0.821	0.306645138123	
0.822	0.305076237787	
0.823	0.30350570135	
0.824	0.301933529094	
0.825	0.300359721305	
0.826	0.298784278268	
0.827	0.297207200265	
0.828	0.295628487579	
0.829	0.294048140495	
0.83	0.292466159295	
0.831	0.29088254426	
0.832	0.289297295672	
0.833	0.287710413813	
0.834	0.286121898964	
0.835	0.284531751405	
0.836	0.282939971417	
0.837	0.28134655928	
0.838	0.279751515272	
0.839	0.278154839673	
0.84	0.276556532762	
0.841	0.274956594816	
0.842	0.273355026115	
0.843	0.271751826935	
0.844	0.270146997554	
0.845	0.268540538248	
0.846	0.266932449294	
0.847	0.265322730968	
0.848	0.263711383546	
0.849	0.262098407303	
0.85	0.260483802513	
0.851	0.258867569452	
0.852	0.257249708393	
0.853	0.255630219612	
0.854	0.25400910338	
0.855	0.252386359971	
0.856	0.250761989657	
0.857	0.249135992712	
0.858	0.247508369408	
0.859	0.245879120015	
0.86	0.244248244805	
0.861	0.242615744049	
0.862	0.240981618017	
0.863	0.239345866981	
0.864	0.237708491209	
0.865	0.236069490971	
0.866	0.234428866537	
0.867	0.232786618174	
0.868	0.231142746152	
0.869	0.229497250739	
0.87	0.227850132201	
0.871	0.226201390808	
0.872	0.224551026825	
0.873	0.222899040519	
0.874	0.221245432157	
0.875	0.219590202004	
0.876	0.217933350327	
0.877	0.21627487739	
0.878	0.214614783458	
0.879	0.212953068796	
0.88	0.211289733669	
0.881	0.20962477834	
0.882	0.207958203072	
0.883	0.206290008129	
0.884	0.204620193773	
0.885	0.202948760268	
0.886	0.201275707876	
0.887	0.199601036857	
0.888	0.197924747475	
0.889	0.196246839989	
0.89	0.194567314661	
0.891	0.192886171751	
0.892	0.19120341152	
0.893	0.189519034227	
0.894	0.187833040132	
0.895	0.186145429493	
0.896	0.184456202571	
0.897	0.182765359623	
0.898	0.181072900907	
0.899	0.179378826682	
0.9	0.177683137204	
0.901	0.175985832732	
0.902	0.174286913521	
0.903	0.172586379829	
0.904	0.170884231912	
0.905	0.169180470025	
0.906	0.167475094424	
0.907	0.165768105364	
0.908	0.164059503101	
0.909	0.162349287889	
0.91	0.160637459982	
0.911	0.158924019634	
0.912	0.157208967099	
0.913	0.15549230263	
0.914	0.15377402648	
0.915	0.152054138902	
0.916	0.150332640148	
0.917	0.14860953047	
0.918	0.146884810121	
0.919	0.145158479351	
0.92	0.143430538411	
0.921	0.141700987553	
0.922	0.139969827026	
0.923	0.138237057082	
0.924	0.13650267797	
0.925	0.134766689939	
0.926	0.133029093239	
0.927	0.131289888118	
0.928	0.129549074826	
0.929	0.127806653611	
0.93	0.12606262472	
0.931	0.124316988401	
0.932	0.122569744903	
0.933	0.120820894472	
0.934	0.119070437354	
0.935	0.117318373797	
0.936	0.115564704046	
0.937	0.113809428347	
0.938	0.112052546947	
0.939	0.11029406009	
0.94	0.108533968021	
0.941	0.106772270986	
0.942	0.105008969228	
0.943	0.103244062991	
0.944	0.10147755252	
0.945	0.099709438058	
0.946	0.0979397198482	
0.947	0.0961683981334	
0.948	0.0943954731564	
0.949	0.0926209451596	
0.95	0.090844814385	
0.951	0.0890670810743	
0.952	0.087287745469	
0.953	0.0855068078104	
0.954	0.0837242683394	
0.955	0.0819401272964	
0.956	0.080154384922	
0.957	0.078367041456	
0.958	0.0765780971383	
0.959	0.0747875522083	
0.96	0.0729954069052	
0.961	0.0712016614678	
0.962	0.0694063161348	
0.963	0.0676093711446	
0.964	0.0658108267351	
0.965	0.0640106831441	
0.966	0.062208940609	
0.967	0.0604055993672	
0.968	0.0586006596554	
0.969	0.0567941217104	
0.97	0.0549859857684	
0.971	0.0531762520656	
0.972	0.0513649208377	
0.973	0.0495519923203	
0.974	0.0477374667486	
0.975	0.0459213443576	
0.976	0.044103625382	
0.977	0.0422843100562	
0.978	0.0404633986143	
0.979	0.0386408912902	
0.98	0.0368167883175	
0.981	0.0349910899295	
0.982	0.0331637963593	
0.983	0.0313349078397	
0.984	0.0295044246031	
0.985	0.0276723468818	
0.986	0.0258386749078	
0.987	0.0240034089127	
0.988	0.022166549128	
0.989	0.0203280957849	
0.99	0.0184880491143	
0.991	0.0166464093467	
0.992	0.0148031767126	
0.993	0.0129583514421	
0.994	0.0111119337649	
0.995	0.00926392391062	
0.996	0.00741432210862	
0.997	0.00556312858791	
0.998	0.00371034357728	
0.999	0.00185596730522	
1.0	0.0	
