0.0	1.0	
0.001	0.999975511495	
0.002	0.999928936079	
0.003	0.99986747322	
0.004	0.999793777497	
0.005	0.999709405117	
0.006	0.999615416601	
0.007	0.999512596559	
0.008	0.999401556791	
0.009	0.999282792185	
0.01	0.999156714076	
0.011	0.999023671585	
0.012	0.998883966009	
0.013	0.998737860913	
0.014	0.998585589474	
0.015	0.998427359953	
0.016	0.998263359874	
0.017	0.998093759285	
0.018	0.997918713335	
0.019	0.99773836435	
0.02	0.997552843523	
0.021	0.997362272306	
0.022	0.997166763568	
0.023	0.996966422574	
0.024	0.996761347805	
0.025	0.996551631664	
0.026	0.996337361086	
0.027	0.996118618057	
0.028	0.995895480074	
0.029	0.995668020542	
0.03	0.995436309126	
0.031	0.99520041206	
0.032	0.994960392425	
0.033	0.994716310391	
0.034	0.994468223438	
0.035	0.99421618655	
0.036	0.993960252396	
0.037	0.993700471486	
0.038	0.993436892319	
0.039	0.993169561511	
0.04	0.992898523919	
0.041	0.992623822746	
0.042	0.992345499642	
0.043	0.992063594798	
0.044	0.991778147029	
0.045	0.991489193849	
0.046	0.991196771546	
0.047	0.990900915247	
0.048	0.99060165898	
0.049	0.990299035727	
0.05	0.989993077481	
0.051	0.989683815295	
0.052	0.989371279325	
0.053	0.989055498874	
0.054	0.988736502432	
0.055	0.988414317713	
0.056	0.98808897169	
0.057	0.987760490628	
0.058	0.987428900116	
0.059	0.987094225091	
0.06	0.986756489873	
0.061	0.986415718182	
0.062	0.98607193317	
0.063	0.985725157438	
0.064	0.985375413061	
0.065	0.985022721607	
0.066	0.984667104155	
0.067	0.984308581318	
0.068	0.983947173255	
0.069	0.983582899688	
0.07	0.983215779922	
0.071	0.982845832855	
0.072	0.982473076996	
0.073	0.982097530475	
0.074	0.981719211057	
0.075	0.981338136155	
0.076	0.980954322841	
0.077	0.980567787858	
0.078	0.980178547629	
0.079	0.979786618268	
0.08	0.979392015589	
0.081	0.978994755116	
0.082	0.978594852093	
0.083	0.978192321489	
0.084	0.977787178009	
0.085	0.977379436103	
0.086	0.976969109968	
0.087	0.976556213562	
0.088	0.976140760606	
0.089	0.975722764591	
0.09	0.975302238788	
0.091	0.974879196251	
0.092	0.974453649821	
0.093	0.974025612137	
0.094	0.973595095639	
0.095	0.973162112569	
0.096	0.972726674985	
0.097	0.972288794757	
0.098	0.971848483576	
0.099	0.97140575296	
0.1	0.970960614255	
0.101	0.970513078639	
0.102	0.97006315713	
0.103	0.969610860587	
0.104	0.969156199713	
0.105	0.968699185063	
0.106	0.968239827041	
0.107	0.967778135909	
0.108	0.967314121788	
0.109	0.966847794662	
0.11	0.96637916438	
0.111	0.965908240659	
0.112	0.96543503309	
0.113	0.964959551137	
0.114	0.964481804139	
0.115	0.96400180132	
0.116	0.96351955178	
0.117	0.96303506451	
0.118	0.962548348384	
0.119	0.962059412169	
0.12	0.96156826452	
0.121	0.96107491399	
0.122	0.960579369027	
0.123	0.960081637977	
0.124	0.959581729087	
0.125	0.959079650506	
0.126	0.958575410288	
0.127	0.958069016394	
0.128	0.95756047669	
0.129	0.957049798956	
0.13	0.956536990881	
0.131	0.956022060068	
0.132	0.955505014035	
0.133	0.954985860216	
0.134	0.954464605963	
0.135	0.953941258549	
0.136	0.953415825166	
0.137	0.95288831293	
0.138	0.95235872888	
0.139	0.951827079982	
0.14	0.951293373125	
0.141	0.950757615129	
0.142	0.950219812742	
0.143	0.949679972643	
0.144	0.949138101441	
0.145	0.948594205679	
0.146	0.948048291833	
0.147	0.947500366316	
0.148	0.946950435474	
0.149	0.946398505593	
0.15	0.945844582896	
0.151	0.945288673543	
0.152	0.944730783639	
0.153	0.944170919225	
0.154	0.943609086289	
0.155	0.943045290758	
0.156	0.942479538505	
0.157	0.941911835347	
0.158	0.941342187047	
0.159	0.940770599316	
0.16	0.94019707781	
0.161	0.939621628134	
0.162	0.939044255842	
0.163	0.938464966438	
0.164	0.937883765378	
0.165	0.937300658065	
0.166	0.936715649859	
0.167	0.93612874607	
0.168	0.93553995196	
0.169	0.934949272749	
0.17	0.934356713609	
0.171	0.933762279668	
0.172	0.93316597601	
0.173	0.932567807675	
0.174	0.931967779663	
0.175	0.931365896928	
0.176	0.930762164386	
0.177	0.93015658691	
0.178	0.929549169333	
0.179	0.928939916449	
0.18	0.928328833013	
0.181	0.927715923739	
0.182	0.927101193304	
0.183	0.92648464635	
0.184	0.925866287478	
0.185	0.925246121254	
0.186	0.924624152207	
0.187	0.924000384833	
0.188	0.92337482359	
0.189	0.922747472902	
0.19	0.922118337158	
0.191	0.921487420716	
0.192	0.920854727896	
0.193	0.92022026299	
0.194	0.919584030253	
0.195	0.918946033912	
0.196	0.918306278158	
0.197	0.917664767154	
0.198	0.91702150503	
0.199	0.916376495888	
0.2	0.915729743796	
0.201	0.915081252795	
0.202	0.914431026897	
0.203	0.913779070082	
0.204	0.913125386304	
0.205	0.912469979487	
0.206	0.911812853528	
0.207	0.911154012296	
0.208	0.910493459632	
0.209	0.909831199351	
0.21	0.90916723524	
0.211	0.908501571062	
0.212	0.907834210549	
0.213	0.907165157414	
0.214	0.906494415338	
0.215	0.90582198798	
0.216	0.905147878975	
0.217	0.904472091932	
0.218	0.903794630435	
0.219	0.903115498044	
0.22	0.902434698297	
0.221	0.901752234706	
0.222	0.901068110762	
0.223	0.900382329932	
0.224	0.89969489566	
0.225	0.899005811367	
0.226	0.898315080453	
0.227	0.897622706295	
0.228	0.896928692248	
0.229	0.896233041648	
0.23	0.895535757805	
0.231	0.894836844013	
0.232	0.89413630354	
0.233	0.893434139639	
0.234	0.892730355538	
0.235	0.892024954446	
0.236	0.891317939553	
0.237	0.890609314029	
0.238	0.889899081023	
0.239	0.889187243666	
0.24	0.88847380507	
0.241	0.887758768328	
0.242	0.887042136512	
0.243	0.886323912677	
0.244	0.885604099861	
0.245	0.884882701082	
0.246	0.884159719341	
0.247	0.883435157618	
0.248	0.882709018881	
0.249	0.881981306075	
0.25	0.881252022131	
0.251	0.880521169962	
0.252	0.879788752463	
0.253	0.879054772514	
0.254	0.878319232976	
0.255	0.877582136696	
0.256	0.876843486503	
0.257	0.876103285211	
0.258	0.875361535616	
0.259	0.874618240499	
0.26	0.873873402628	
0.261	0.873127024751	
0.262	0.872379109604	
0.263	0.871629659905	
0.264	0.870878678359	
0.265	0.870126167655	
0.266	0.869372130468	
0.267	0.868616569456	
0.268	0.867859487266	
0.269	0.867100886528	
0.27	0.866340769857	
0.271	0.865579139856	
0.272	0.864815999114	
0.273	0.864051350203	
0.274	0.863285195685	
0.275	0.862517538106	
0.276	0.861748379999	
0.277	0.860977723883	
0.278	0.860205572265	
0.279	0.859431927638	
0.28	0.858656792482	
0.281	0.857880169264	
0.282	0.857102060437	
0.283	0.856322468444	
0.284	0.855541395714	
0.285	0.854758844661	
0.286	0.853974817692	
0.287	0.853189317195	
0.288	0.852402345552	
0.289	0.851613905129	
0.29	0.850823998282	
0.291	0.850032627354	
0.292	0.849239794676	
0.293	0.848445502569	
0.294	0.84764975334	
0.295	0.846852549286	
0.296	0.846053892693	
0.297	0.845253785835	
0.298	0.844452230974	
0.299	0.843649230363	
0.3	0.842844786241	
0.301	0.84203890084	
0.302	0.841231576377	
0.303	0.840422815061	
0.304	0.839612619089	
0.305	0.838800990648	
0.306	0.837987931915	
0.307	0.837173445056	
0.308	0.836357532226	
0.309	0.83554019557	
0.31	0.834721437225	
0.311	0.833901259314	
0.312	0.833079663954	
0.313	0.832256653249	
0.314	0.831432229295	
0.315	0.830606394177	
0.316	0.829779149971	
0.317	0.828950498745	
0.318	0.828120442553	
0.319	0.827288983444	
0.32	0.826456123455	
0.321	0.825621864616	
0.322	0.824786208945	
0.323	0.823949158452	
0.324	0.823110715138	
0.325	0.822270880996	
0.326	0.821429658009	
0.327	0.82058704815	
0.328	0.819743053384	
0.329	0.818897675669	
0.33	0.818050916952	
0.331	0.817202779171	
0.332	0.816353264259	
0.333	0.815502374136	
0.334	0.814650110716	
0.335	0.813796475904	
0.336	0.812941471598	
0.337	0.812085099685	
0.338	0.811227362047	
0.339	0.810368260555	
0.34	0.809507797074	
0.341	0.80864597346	
0.342	0.80778279156	
0.343	0.806918253216	
0.344	0.806052360259	
0.345	0.805185114515	
0.346	0.804316517799	
0.347	0.803446571921	
0.348	0.802575278684	
0.349	0.801702639879	
0.35	0.800828657295	
0.351	0.79995333271	
0.352	0.799076667896	
0.353	0.798198664616	
0.354	0.797319324627	
0.355	0.79643864968	
0.356	0.795556641516	
0.357	0.794673301871	
0.358	0.793788632473	
0.359	0.792902635042	
0.36	0.792015311294	
0.361	0.791126662934	
0.362	0.790236691663	
0.363	0.789345399174	
0.364	0.788452787153	
0.365	0.787558857281	
0.366	0.786663611229	
0.367	0.785767050665	
0.368	0.784869177248	
0.369	0.78396999263	
0.37	0.783069498458	
0.371	0.782167696372	
0.372	0.781264588005	
0.373	0.780360174985	
0.374	0.779454458931	
0.375	0.778547441459	
0.376	0.777639124175	
0.377	0.776729508682	
0.378	0.775818596575	
0.379	0.774906389444	
0.38	0.773992888871	
0.381	0.773078096433	
0.382	0.772162013702	
0.383	0.771244642243	
0.384	0.770325983613	
0.385	0.769406039368	
0.386	0.768484811053	
0.387	0.767562300209	
0.388	0.766638508373	
0.389	0.765713437074	
0.39	0.764787087836	
0.391	0.763859462176	
0.392	0.762930561608	
0.393	0.762000387638	
0.394	0.761068941767	
0.395	0.760136225491	
0.396	0.7592022403	
0.397	0.758266987679	
0.398	0.757330469107	
0.399	0.756392686057	
0.4	0.755453639998	
0.401	0.754513332392	
0.402	0.753571764698	
0.403	0.752628938367	
0.404	0.751684854846	
0.405	0.750739515576	
0.406	0.749792921996	
0.407	0.748845075535	
0.408	0.74789597762	
0.409	0.746945629673	
0.41	0.745994033108	
0.411	0.745041189337	
0.412	0.744087099766	
0.413	0.743131765795	
0.414	0.742175188822	
0.415	0.741217370235	
0.416	0.740258311423	
0.417	0.739298013765	
0.418	0.738336478639	
0.419	0.737373707415	
0.42	0.736409701461	
0.421	0.735444462138	
0.422	0.734477990804	
0.423	0.733510288811	
0.424	0.732541357508	
0.425	0.731571198237	
0.426	0.730599812336	
0.427	0.729627201141	
0.428	0.72865336598	
0.429	0.727678308178	
0.43	0.726702029055	
0.431	0.725724529928	
0.432	0.724745812107	
0.433	0.7237658769	
0.434	0.722784725609	
0.435	0.721802359533	
0.436	0.720818779964	
0.437	0.719833988192	
0.438	0.718847985503	
0.439	0.717860773178	
0.44	0.716872352492	
0.441	0.715882724718	
0.442	0.714891891124	
0.443	0.713899852974	
0.444	0.712906611527	
0.445	0.71191216804	
0.446	0.710916523763	
0.447	0.709919679944	
0.448	0.708921637825	
0.449	0.707922398647	
0.45	0.706921963644	
0.451	0.705920334048	
0.452	0.704917511084	
0.453	0.703913495977	
0.454	0.702908289946	
0.455	0.701901894205	
0.456	0.700894309966	
0.457	0.699885538437	
0.458	0.698875580822	
0.459	0.697864438318	
0.46	0.696852112124	
0.461	0.69583860343	
0.462	0.694823913426	
0.463	0.693808043294	
0.464	0.692790994218	
0.465	0.691772767372	
0.466	0.690753363932	
0.467	0.689732785065	
0.468	0.68871103194	
0.469	0.687688105717	
0.47	0.686664007555	
0.471	0.68563873861	
0.472	0.684612300033	
0.473	0.683584692973	
0.474	0.682555918572	
0.475	0.681525977974	
0.476	0.680494872313	
0.477	0.679462602726	
0.478	0.678429170341	
0.479	0.677394576286	
0.48	0.676358821685	
0.481	0.675321907656	
0.482	0.674283835318	
0.483	0.673244605783	
0.484	0.672204220161	
0.485	0.671162679559	
0.486	0.670119985079	
0.487	0.669076137822	
0.488	0.668031138884	
0.489	0.666984989359	
0.49	0.665937690336	
0.491	0.664889242902	
0.492	0.663839648141	
0.493	0.662788907132	
0.494	0.661737020954	
0.495	0.660683990679	
0.496	0.659629817379	
0.497	0.658574502121	
0.498	0.657518045969	
0.499	0.656460449985	
0.5	0.655401715227	
0.501	0.654341842749	
0.502	0.653280833604	
0.503	0.652218688841	
0.504	0.651155409506	
0.505	0.650090996641	
0.506	0.649025451285	
0.507	0.647958774477	
0.508	0.64689096725	
0.509	0.645822030634	
0.51	0.644751965657	
0.511	0.643680773344	
0.512	0.642608454718	
0.513	0.641535010797	
0.514	0.640460442597	
0.515	0.639384751131	
0.516	0.638307937411	
0.517	0.637230002442	
0.518	0.636150947231	
0.519	0.635070772779	
0.52	0.633989480084	
0.521	0.632907070143	
0.522	0.63182354395	
0.523	0.630738902494	
0.524	0.629653146764	
0.525	0.628566277745	
0.526	0.627478296418	
0.527	0.626389203764	
0.528	0.62529900076	
0.529	0.624207688379	
0.53	0.623115267593	
0.531	0.62202173937	
0.532	0.620927104677	
0.533	0.619831364478	
0.534	0.618734519732	
0.535	0.617636571398	
0.536	0.616537520432	
0.537	0.615437367787	
0.538	0.614336114412	
0.539	0.613233761256	
0.54	0.612130309264	
0.541	0.611025759378	
0.542	0.609920112539	
0.543	0.608813369683	
0.544	0.607705531746	
0.545	0.606596599661	
0.546	0.605486574356	
0.547	0.604375456761	
0.548	0.603263247799	
0.549	0.602149948393	
0.55	0.601035559464	
0.551	0.599920081929	
0.552	0.598803516702	
0.553	0.597685864698	
0.554	0.596567126825	
0.555	0.595447303993	
0.556	0.594326397106	
0.557	0.593204407068	
0.558	0.592081334779	
0.559	0.590957181139	
0.56	0.589831947042	
0.561	0.588705633383	
0.562	0.587578241053	
0.563	0.586449770941	
0.564	0.585320223933	
0.565	0.584189600916	
0.566	0.583057902769	
0.567	0.581925130374	
0.568	0.580791284608	
0.569	0.579656366346	
0.57	0.578520376461	
0.571	0.577383315824	
0.572	0.576245185305	
0.573	0.575105985768	
0.574	0.573965718079	
0.575	0.572824383099	
0.576	0.571681981688	
0.577	0.570538514704	
0.578	0.569393983002	
0.579	0.568248387436	
0.58	0.567101728856	
0.581	0.565954008111	
0.582	0.564805226048	
0.583	0.563655383513	
0.584	0.562504481347	
0.585	0.561352520391	
0.586	0.560199501483	
0.587	0.55904542546	
0.588	0.557890293155	
0.589	0.556734105401	
0.59	0.555576863028	
0.591	0.554418566864	
0.592	0.553259217734	
0.593	0.552098816463	
0.594	0.550937363873	
0.595	0.549774860782	
0.596	0.54861130801	
0.597	0.547446706371	
0.598	0.54628105668	
0.599	0.545114359748	
0.6	0.543946616385	
0.601	0.5427778274	
0.602	0.541607993597	
0.603	0.540437115781	
0.604	0.539265194754	
0.605	0.538092231315	
0.606	0.536918226264	
0.607	0.535743180395	
0.608	0.534567094504	
0.609	0.533389969382	
0.61	0.53221180582	
0.611	0.531032604607	
0.612	0.529852366528	
0.613	0.52867109237	
0.614	0.527488782914	
0.615	0.526305438942	
0.616	0.525121061233	
0.617	0.523935650564	
0.618	0.522749207711	
0.619	0.521561733447	
0.62	0.520373228544	
0.621	0.519183693772	
0.622	0.517993129899	
0.623	0.516801537692	
0.624	0.515608917915	
0.625	0.51441527133	
0.626	0.5132205987	
0.627	0.512024900782	
0.628	0.510828178335	
0.629	0.509630432114	
0.63	0.508431662872	
0.631	0.507231871363	
0.632	0.506031058336	
0.633	0.504829224541	
0.634	0.503626370723	
0.635	0.502422497629	
0.636	0.501217606001	
0.637	0.500011696582	
0.638	0.498804770112	
0.639	0.497596827328	
0.64	0.496387868968	
0.641	0.495177895767	
0.642	0.493966908457	
0.643	0.492754907771	
0.644	0.491541894439	
0.645	0.490327869188	
0.646	0.489112832747	
0.647	0.487896785838	
0.648	0.486679729187	
0.649	0.485461663514	
0.65	0.48424258954	
0.651	0.483022507984	
0.652	0.481801419561	
0.653	0.480579324988	
0.654	0.479356224979	
0.655	0.478132120244	
0.656	0.476907011495	
0.657	0.475680899441	
0.658	0.474453784789	
0.659	0.473225668244	
0.66	0.471996550511	
0.661	0.470766432293	
0.662	0.46953531429	
0.663	0.468303197202	
0.664	0.467070081727	
0.665	0.465835968561	
0.666	0.4646008584	
0.667	0.463364751937	
0.668	0.462127649863	
0.669	0.460889552869	
0.67	0.459650461643	
0.671	0.458410376874	
0.672	0.457169299246	
0.673	0.455927229445	
0.674	0.454684168152	
0.675	0.45344011605	
0.676	0.452195073818	
0.677	0.450949042134	
0.678	0.449702021676	
0.679	0.448454013119	
0.68	0.447205017138	
0.681	0.445955034403	
0.682	0.444704065588	
0.683	0.44345211136	
0.684	0.44219917239	
0.685	0.440945249343	
0.686	0.439690342884	
0.687	0.438434453679	
0.688	0.437177582389	
0.689	0.435919729676	
0.69	0.434660896198	
0.691	0.433401082616	
0.692	0.432140289585	
0.693	0.430878517761	
0.694	0.429615767798	
0.695	0.42835204035	
0.696	0.427087336067	
0.697	0.425821655599	
0.698	0.424554999596	
0.699	0.423287368705	
0.7	0.422018763571	
0.701	0.420749184839	
0.702	0.419478633153	
0.703	0.418207109154	
0.704	0.416934613483	
0.705	0.41566114678	
0.706	0.414386709682	
0.707	0.413111302825	
0.708	0.411834926846	
0.709	0.410557582377	
0.71	0.409279270053	
0.711	0.407999990504	
0.712	0.40671974436	
0.713	0.40543853225	
0.714	0.404156354801	
0.715	0.40287321264	
0.716	0.401589106392	
0.717	0.40030403668	
0.718	0.399018004127	
0.719	0.397731009353	
0.72	0.396443052979	
0.721	0.395154135624	
0.722	0.393864257903	
0.723	0.392573420435	
0.724	0.391281623832	
0.725	0.38998886871	
0.726	0.38869515568	
0.727	0.387400485353	
0.728	0.386104858339	
0.729	0.384808275248	
0.73	0.383510736686	
0.731	0.382212243259	
0.732	0.380912795573	
0.733	0.379612394231	
0.734	0.378311039836	
0.735	0.37700873299	
0.736	0.375705474292	
0.737	0.374401264341	
0.738	0.373096103736	
0.739	0.371789993073	
0.74	0.370482932947	
0.741	0.369174923952	
0.742	0.367865966682	
0.743	0.366556061729	
0.744	0.365245209683	
0.745	0.363933411134	
0.746	0.362620666671	
0.747	0.36130697688	
0.748	0.359992342348	
0.749	0.358676763659	
0.75	0.357360241398	
0.751	0.356042776147	
0.752	0.354724368488	
0.753	0.353405019001	
0.754	0.352084728266	
0.755	0.35076349686	
0.756	0.349441325362	
0.757	0.348118214345	
0.758	0.346794164387	
0.759	0.345469176059	
0.76	0.344143249935	
0.761	0.342816386587	
0.762	0.341488586584	
0.763	0.340159850496	
0.764	0.338830178892	
0.765	0.337499572337	
0.766	0.3361680314	
0.767	0.334835556643	
0.768	0.333502148632	
0.769	0.332167807929	
0.77	0.330832535096	
0.771	0.329496330693	
0.772	0.32815919528	
0.773	0.326821129416	
0.774	0.325482133657	
0.775	0.324142208562	
0.776	0.322801354684	
0.777	0.321459572578	
0.778	0.320116862798	
0.779	0.318773225896	
0.78	0.317428662423	
0.781	0.316083172929	
0.782	0.314736757963	
0.783	0.313389418074	
0.784	0.312041153808	
0.785	0.310691965712	
0.786	0.30934185433	
0.787	0.307990820208	
0.788	0.306638863886	
0.789	0.305285985909	
0.79	0.303932186816	
0.791	0.302577467149	
0.792	0.301221827445	
0.793	0.299865268242	
0.794	0.298507790079	
0.795	0.29714939349	
0.796	0.295790079012	
0.797	0.294429847177	
0.798	0.293068698519	
0.799	0.291706633571	
0.8	0.290343652863	
0.801	0.288979756925	
0.802	0.287614946287	
0.803	0.286249221477	
0.804	0.284882583022	
0.805	0.283515031448	
0.806	0.282146567281	
0.807	0.280777191046	
0.808	0.279406903265	
0.809	0.278035704461	
0.81	0.276663595156	
0.811	0.27529057587	
0.812	0.273916647123	
0.813	0.272541809433	
0.814	0.271166063319	
0.815	0.269789409298	
0.816	0.268411847884	
0.817	0.267033379594	
0.818	0.265654004941	
0.819	0.264273724439	
0.82	0.2628925386	
0.821	0.261510447934	
0.822	0.260127452954	
0.823	0.258743554167	
0.824	0.257358752083	
0.825	0.255973047209	
0.826	0.254586440053	
0.827	0.253198931119	
0.828	0.251810520914	
0.829	0.250421209941	
0.83	0.249030998704	
0.831	0.247639887704	
0.832	0.246247877444	
0.833	0.244854968423	
0.834	0.243461161142	
0.835	0.242066456099	
0.836	0.240670853793	
0.837	0.23927435472	
0.838	0.237876959377	
0.839	0.236478668258	
0.84	0.235079481859	
0.841	0.233679400673	
0.842	0.232278425193	
0.843	0.230876555911	
0.844	0.229473793317	
0.845	0.228070137902	
0.846	0.226665590156	
0.847	0.225260150566	
0.848	0.223853819621	
0.849	0.222446597807	
0.85	0.22103848561	
0.851	0.219629483515	
0.852	0.218219592008	
0.853	0.21680881157	
0.854	0.215397142685	
0.855	0.213984585835	
0.856	0.2125711415	
0.857	0.211156810161	
0.858	0.209741592297	
0.859	0.208325488386	
0.86	0.206908498907	
0.861	0.205490624336	
0.862	0.20407186515	
0.863	0.202652221823	
0.864	0.20123169483	
0.865	0.199810284645	
0.866	0.198387991741	
0.867	0.196964816589	
0.868	0.195540759661	
0.869	0.194115821428	
0.87	0.192690002359	
0.871	0.191263302923	
0.872	0.189835723588	
0.873	0.188407264821	
0.874	0.18697792709	
0.875	0.185547710859	
0.876	0.184116616594	
0.877	0.18268464476	
0.878	0.181251795818	
0.879	0.179818070233	
0.88	0.178383468465	
0.881	0.176947990977	
0.882	0.175511638228	
0.883	0.174074410678	
0.884	0.172636308785	
0.885	0.171197333009	
0.886	0.169757483806	
0.887	0.168316761633	
0.888	0.166875166945	
0.889	0.165432700198	
0.89	0.163989361846	
0.891	0.162545152342	
0.892	0.16110007214	
0.893	0.159654121691	
0.894	0.158207301446	
0.895	0.156759611857	
0.896	0.155311053373	
0.897	0.153861626444	
0.898	0.152411331517	
0.899	0.15096016904	
0.9	0.14950813946	
0.901	0.148055243224	
0.902	0.146601480777	
0.903	0.145146852563	
0.904	0.143691359027	
0.905	0.142235000612	
0.906	0.14077777776	
0.907	0.139319690914	
0.908	0.137860740515	
0.909	0.136400927002	
0.91	0.134940250817	
0.911	0.133478712397	
0.912	0.132016312181	
0.913	0.130553050608	
0.914	0.129088928113	
0.915	0.127623945132	
0.916	0.126158102103	
0.917	0.124691399459	
0.918	0.123223837634	
0.919	0.121755417062	
0.92	0.120286138175	
0.921	0.118816001407	
0.922	0.117345007188	
0.923	0.115873155948	
0.924	0.114400448118	
0.925	0.112926884128	
0.926	0.111452464405	
0.927	0.109977189378	
0.928	0.108501059475	
0.929	0.10702407512	
0.93	0.105546236742	
0.931	0.104067544765	
0.932	0.102587999613	
0.933	0.101107601711	
0.934	0.0996263514817	
0.935	0.0981442493479	
0.936	0.0966612957315	
0.937	0.0951774910538	
0.938	0.0936928357355	
0.939	0.0922073301966	
0.94	0.0907209748564	
0.941	0.0892337701336	
0.942	0.0877457164462	
0.943	0.0862568142116	
0.944	0.0847670638465	
0.945	0.083276465767	
0.946	0.0817850203885	
0.947	0.080292728126	
0.948	0.0787995893934	
0.949	0.0773056046044	
0.95	0.0758107741717	
0.951	0.0743150985078	
0.952	0.0728185780241	
0.953	0.0713212131316	
0.954	0.0698230042407	
0.955	0.0683239517612	
0.956	0.066824056102	
0.957	0.0653233176718	
0.958	0.0638217368782	
0.959	0.0623193141285	
0.96	0.0608160498294	
0.961	0.0593119443867	
0.962	0.0578069982059	
0.963	0.0563012116917	
0.964	0.0547945852482	
0.965	0.0532871192789	
0.966	0.0517788141867	
0.967	0.050269670374	
0.968	0.0487596882424	
0.969	0.0472488681929	
0.97	0.045737210626	
0.971	0.0442247159417	
0.972	0.0427113845391	
0.973	0.0411972168169	
0.974	0.0396822131732	
0.975	0.0381663740054	
0.976	0.0366496997105	
0.977	0.0351321906846	
0.978	0.0336138473235	
0.979	0.0320946700222	
0.98	0.0305746591752	
0.981	0.0290538151765	
0.982	0.0275321384194	
0.983	0.0260096292965	
0.984	0.0244862882001	
0.985	0.0229621155216	
0.986	0.0214371116521	
0.987	0.0199112769821	
0.988	0.0183846119012	
0.989	0.0168571167987	
0.99	0.0153287920634	
0.991	0.0137996380833	
0.992	0.0122696552459	
0.993	0.0107388439383	
0.994	0.00920720454663	
0.995	0.00767473745688	
0.996	0.00614144305425	
0.997	0.00460732172341	
0.998	0.00307237384849	
0.999	0.00153659981302	
1.0	0.0	
