0.0	1.0	
0.001	0.998967592095	
0.002	0.997941771424	
0.003	0.996918406353	
0.004	0.995896615906	
0.005	0.994875977331	
0.006	0.993856237951	
0.007	0.992837227676	
0.008	0.991818822911	
0.009	0.990800928868	
0.01	0.989783469853	
0.011	0.988766383487	
0.012	0.987749617051	
0.013	0.986733125051	
0.014	0.985716867549	
0.015	0.984700808962	
0.016	0.98368491719	
0.017	0.982669162961	
0.018	0.981653519333	
0.019	0.980637961301	
0.02	0.979622465495	
0.021	0.978607009932	
0.022	0.97759157382	
0.023	0.976576137393	
0.024	0.97556068178	
0.025	0.974545188894	
0.026	0.973529641336	
0.027	0.972514022316	
0.028	0.971498315587	
0.029	0.970482505389	
0.03	0.969466576394	
0.031	0.968450513667	
0.032	0.967434302629	
0.033	0.966417929021	
0.034	0.965401378877	
0.035	0.964384638499	
0.036	0.963367694433	
0.037	0.962350533451	
0.038	0.961333142531	
0.039	0.960315508843	
0.04	0.959297619733	
0.041	0.958279462711	
0.042	0.957261025439	
0.043	0.956242295723	
0.044	0.955223261498	
0.045	0.954203910825	
0.046	0.95318423188	
0.047	0.952164212948	
0.048	0.951143842416	
0.049	0.950123108766	
0.05	0.949102000573	
0.051	0.948080506494	
0.052	0.947058615269	
0.053	0.946036315716	
0.054	0.945013596722	
0.055	0.943990447246	
0.056	0.94296685631	
0.057	0.941942812999	
0.058	0.94091830646	
0.059	0.939893325893	
0.06	0.938867860554	
0.061	0.937841899751	
0.062	0.93681543284	
0.063	0.935788449227	
0.064	0.934760938361	
0.065	0.933732889737	
0.066	0.932704292891	
0.067	0.9316751374	
0.068	0.93064541288	
0.069	0.929615108985	
0.07	0.928584215403	
0.071	0.927552721862	
0.072	0.92652061812	
0.073	0.92548789397	
0.074	0.924454539235	
0.075	0.923420543772	
0.076	0.922385897465	
0.077	0.921350590229	
0.078	0.920314612007	
0.079	0.91927795277	
0.08	0.918240602516	
0.081	0.917202551267	
0.082	0.916163789075	
0.083	0.915124306012	
0.084	0.914084092179	
0.085	0.913043137699	
0.086	0.912001432717	
0.087	0.910958967402	
0.088	0.909915731947	
0.089	0.908871716565	
0.09	0.90782691149	
0.091	0.90678130698	
0.092	0.905734893312	
0.093	0.904687660782	
0.094	0.90363959971	
0.095	0.902590700432	
0.096	0.901540953306	
0.097	0.900490348708	
0.098	0.899438877032	
0.099	0.898386528694	
0.1	0.897333294124	
0.101	0.896279163775	
0.102	0.895224128114	
0.103	0.894168177627	
0.104	0.893111302819	
0.105	0.892053494211	
0.106	0.890994742341	
0.107	0.889935037765	
0.108	0.888874371055	
0.109	0.887812732801	
0.11	0.886750113608	
0.111	0.885686504098	
0.112	0.88462189491	
0.113	0.883556276698	
0.114	0.882489640134	
0.115	0.881421975905	
0.116	0.880353274712	
0.117	0.879283527275	
0.118	0.878212724328	
0.119	0.87714085662	
0.12	0.876067914917	
0.121	0.87499389	
0.122	0.873918772665	
0.123	0.872842553723	
0.124	0.871765224002	
0.125	0.870686774343	
0.126	0.869607195603	
0.127	0.868526478655	
0.128	0.867444614386	
0.129	0.866361593699	
0.13	0.86527740751	
0.131	0.864192046753	
0.132	0.863105502374	
0.133	0.862017765336	
0.134	0.860928826616	
0.135	0.859838677205	
0.136	0.85874730811	
0.137	0.857654710353	
0.138	0.85656087497	
0.139	0.855465793011	
0.14	0.854369455544	
0.141	0.853271853648	
0.142	0.852172978419	
0.143	0.851072820968	
0.144	0.849971372418	
0.145	0.848868623909	
0.146	0.847764566597	
0.147	0.84665919165	
0.148	0.845552490252	
0.149	0.844444453602	
0.15	0.843335072914	
0.151	0.842224339415	
0.152	0.841112244349	
0.153	0.839998778974	
0.154	0.838883934562	
0.155	0.837767702402	
0.156	0.836650073796	
0.157	0.835531040061	
0.158	0.834410592529	
0.159	0.833288722549	
0.16	0.832165421482	
0.161	0.831040680705	
0.162	0.829914491612	
0.163	0.828786845608	
0.164	0.827657734116	
0.165	0.826527148575	
0.166	0.825395080436	
0.167	0.824261521167	
0.168	0.823126462251	
0.169	0.821989895187	
0.17	0.820851811487	
0.171	0.819712202681	
0.172	0.818571060312	
0.173	0.81742837594	
0.174	0.816284141139	
0.175	0.8151383475	
0.176	0.813990986628	
0.177	0.812842050144	
0.178	0.811691529686	
0.179	0.810539416904	
0.18	0.809385703468	
0.181	0.808230381061	
0.182	0.807073441381	
0.183	0.805914876144	
0.184	0.804754677081	
0.185	0.803592835938	
0.186	0.802429344478	
0.187	0.801264194478	
0.188	0.800097377734	
0.189	0.798928886056	
0.19	0.797758711269	
0.191	0.796586845217	
0.192	0.795413279757	
0.193	0.794238006766	
0.194	0.793061018133	
0.195	0.791882305766	
0.196	0.790701861589	
0.197	0.789519677541	
0.198	0.788335745579	
0.199	0.787150057676	
0.2	0.785962605821	
0.201	0.784773382021	
0.202	0.783582378296	
0.203	0.782389586688	
0.204	0.781194999252	
0.205	0.77999860806	
0.206	0.778800405202	
0.207	0.777600382784	
0.208	0.77639853293	
0.209	0.77519484778	
0.21	0.77398931949	
0.211	0.772781940237	
0.212	0.77157270221	
0.213	0.770361597619	
0.214	0.769148618689	
0.215	0.767933757664	
0.216	0.766717006804	
0.217	0.765498358386	
0.218	0.764277804707	
0.219	0.763055338079	
0.22	0.761830950831	
0.221	0.760604635313	
0.222	0.75937638389	
0.223	0.758146188944	
0.224	0.756914042878	
0.225	0.755679938109	
0.226	0.754443867074	
0.227	0.753205822229	
0.228	0.751965796045	
0.229	0.750723781013	
0.23	0.749479769643	
0.231	0.74823375446	
0.232	0.746985728009	
0.233	0.745735682855	
0.234	0.744483611578	
0.235	0.743229506779	
0.236	0.741973361076	
0.237	0.740715167105	
0.238	0.739454917522	
0.239	0.738192605001	
0.24	0.736928222234	
0.241	0.735661761933	
0.242	0.734393216827	
0.243	0.733122579666	
0.244	0.731849843217	
0.245	0.730575000265	
0.246	0.729298043618	
0.247	0.728018966099	
0.248	0.726737760552	
0.249	0.72545441984	
0.25	0.724168936845	
0.251	0.722881304467	
0.252	0.721591515627	
0.253	0.720299563266	
0.254	0.719005440342	
0.255	0.717709139833	
0.256	0.716410654739	
0.257	0.715109978077	
0.258	0.713807102885	
0.259	0.712502022219	
0.26	0.711194729156	
0.261	0.709885216794	
0.262	0.708573478248	
0.263	0.707259506656	
0.264	0.705943295173	
0.265	0.704624836976	
0.266	0.703304125262	
0.267	0.701981153248	
0.268	0.700655914169	
0.269	0.699328401285	
0.27	0.697998607871	
0.271	0.696666527226	
0.272	0.695332152668	
0.273	0.693995477536	
0.274	0.692656495189	
0.275	0.691315199007	
0.276	0.689971582391	
0.277	0.688625638761	
0.278	0.687277361561	
0.279	0.685926744251	
0.28	0.684573780317	
0.281	0.683218463263	
0.282	0.681860786614	
0.283	0.680500743917	
0.284	0.67913832874	
0.285	0.677773534671	
0.286	0.676406355321	
0.287	0.675036784322	
0.288	0.673664815324	
0.289	0.672290442004	
0.29	0.670913658056	
0.291	0.669534457196	
0.292	0.668152833165	
0.293	0.666768779721	
0.294	0.665382290646	
0.295	0.663993359744	
0.296	0.66260198084	
0.297	0.661208147781	
0.298	0.659811854436	
0.299	0.658413094695	
0.3	0.657011862472	
0.301	0.655608151701	
0.302	0.654201956339	
0.303	0.652793270366	
0.304	0.651382087781	
0.305	0.64996840261	
0.306	0.648552208897	
0.307	0.647133500711	
0.308	0.645712272143	
0.309	0.644288517305	
0.31	0.642862230333	
0.311	0.641433405385	
0.312	0.640002036643	
0.313	0.638568118309	
0.314	0.637131644609	
0.315	0.635692609794	
0.316	0.634251008134	
0.317	0.632806833925	
0.318	0.631360081483	
0.319	0.629910745151	
0.32	0.628458819291	
0.321	0.627004298292	
0.322	0.625547176561	
0.323	0.624087448534	
0.324	0.622625108667	
0.325	0.621160151439	
0.326	0.619692571355	
0.327	0.61822236294	
0.328	0.616749520745	
0.329	0.615274039343	
0.33	0.613795913333	
0.331	0.612315137335	
0.332	0.610831705995	
0.333	0.609345613979	
0.334	0.607856855981	
0.335	0.606365426717	
0.336	0.604871320928	
0.337	0.603374533376	
0.338	0.60187505885	
0.339	0.600372892162	
0.34	0.598868028149	
0.341	0.59736046167	
0.342	0.595850187611	
0.343	0.59433720088	
0.344	0.59282149641	
0.345	0.59130306916	
0.346	0.58978191411	
0.347	0.588258026269	
0.348	0.586731400665	
0.349	0.585202032356	
0.35	0.583669916422	
0.351	0.582135047967	
0.352	0.58059742212	
0.353	0.579057034037	
0.354	0.577513878897	
0.355	0.575967951904	
0.356	0.574419248286	
0.357	0.572867763299	
0.358	0.57131349222	
0.359	0.569756430355	
0.36	0.568196573032	
0.361	0.566633915606	
0.362	0.565068453456	
0.363	0.563500181989	
0.364	0.561929096633	
0.365	0.560355192845	
0.366	0.558778466106	
0.367	0.557198911922	
0.368	0.555616525826	
0.369	0.554031303375	
0.37	0.552443240152	
0.371	0.550852331768	
0.372	0.549258573855	
0.373	0.547661962076	
0.374	0.546062492115	
0.375	0.544460159686	
0.376	0.542854960526	
0.377	0.5412468904	
0.378	0.539635945097	
0.379	0.538022120434	
0.38	0.536405412252	
0.381	0.534785816421	
0.382	0.533163328834	
0.383	0.531537945413	
0.384	0.529909662104	
0.385	0.528278474882	
0.386	0.526644379745	
0.387	0.52500737272	
0.388	0.523367449861	
0.389	0.521724607245	
0.39	0.520078840979	
0.391	0.518430147195	
0.392	0.516778522053	
0.393	0.515123961738	
0.394	0.513466462463	
0.395	0.511806020466	
0.396	0.510142632016	
0.397	0.508476293403	
0.398	0.506807000949	
0.399	0.505134751	
0.4	0.503459539931	
0.401	0.501781364143	
0.402	0.500100220063	
0.403	0.498416104147	
0.404	0.496729012878	
0.405	0.495038942766	
0.406	0.493345890347	
0.407	0.491649852187	
0.408	0.489950824876	
0.409	0.488248805035	
0.41	0.486543789309	
0.411	0.484835774374	
0.412	0.483124756931	
0.413	0.481410733709	
0.414	0.479693701465	
0.415	0.477973656985	
0.416	0.47625059708	
0.417	0.474524518591	
0.418	0.472795418385	
0.419	0.47106329336	
0.42	0.469328140437	
0.421	0.46758995657	
0.422	0.465848738737	
0.423	0.464104483947	
0.424	0.462357189236	
0.425	0.460606851666	
0.426	0.458853468331	
0.427	0.457097036349	
0.428	0.455337552871	
0.429	0.453575015072	
0.43	0.451809420158	
0.431	0.450040765362	
0.432	0.448269047945	
0.433	0.446494265198	
0.434	0.44471641444	
0.435	0.442935493017	
0.436	0.441151498306	
0.437	0.439364427711	
0.438	0.437574278664	
0.439	0.435781048628	
0.44	0.433984735092	
0.441	0.432185335577	
0.442	0.430382847629	
0.443	0.428577268825	
0.444	0.426768596772	
0.445	0.424956829103	
0.446	0.423141963482	
0.447	0.421323997601	
0.448	0.419502929182	
0.449	0.417678755976	
0.45	0.415851475761	
0.451	0.414021086347	
0.452	0.412187585572	
0.453	0.410350971302	
0.454	0.408511241435	
0.455	0.406668393895	
0.456	0.404822426638	
0.457	0.402973337648	
0.458	0.401121124938	
0.459	0.399265786553	
0.46	0.397407320565	
0.461	0.395545725075	
0.462	0.393680998215	
0.463	0.391813138148	
0.464	0.389942143063	
0.465	0.388068011181	
0.466	0.386190740753	
0.467	0.384310330058	
0.468	0.382426777406	
0.469	0.380540081136	
0.47	0.378650239618	
0.471	0.376757251252	
0.472	0.374861114465	
0.473	0.372961827718	
0.474	0.371059389499	
0.475	0.369153798326	
0.476	0.36724505275	
0.477	0.365333151349	
0.478	0.363418092732	
0.479	0.361499875539	
0.48	0.359578498439	
0.481	0.357653960132	
0.482	0.355726259348	
0.483	0.353795394846	
0.484	0.351861365418	
0.485	0.349924169884	
0.486	0.347983807095	
0.487	0.346040275933	
0.488	0.34409357531	
0.489	0.342143704169	
0.49	0.340190661482	
0.491	0.338234446253	
0.492	0.336275057515	
0.493	0.334312494335	
0.494	0.332346755806	
0.495	0.330377841054	
0.496	0.328405749237	
0.497	0.326430479542	
0.498	0.324452031186	
0.499	0.322470403419	
0.5	0.320485595519	
0.501	0.318497606798	
0.502	0.316506436597	
0.503	0.314512084288	
0.504	0.312514549274	
0.505	0.31051383099	
0.506	0.308509928899	
0.507	0.306502842499	
0.508	0.304492571317	
0.509	0.30247911491	
0.51	0.300462472868	
0.511	0.298442644812	
0.512	0.296419630392	
0.513	0.294393429292	
0.514	0.292364041226	
0.515	0.290331465938	
0.516	0.288295703206	
0.517	0.286256752837	
0.518	0.28421461467	
0.519	0.282169288575	
0.52	0.280120774454	
0.521	0.278069072242	
0.522	0.276014181901	
0.523	0.273956103428	
0.524	0.271894836851	
0.525	0.269830382229	
0.526	0.267762739652	
0.527	0.265691909243	
0.528	0.263617891155	
0.529	0.261540685574	
0.53	0.259460292716	
0.531	0.257376712831	
0.532	0.255289946198	
0.533	0.253199993129	
0.534	0.251106853969	
0.535	0.249010529093	
0.536	0.246911018909	
0.537	0.244808323854	
0.538	0.242702444401	
0.539	0.240593381052	
0.54	0.238481134342	
0.541	0.236365704837	
0.542	0.234247093137	
0.543	0.23212529987	
0.544	0.2300003257	
0.545	0.227872171322	
0.546	0.225740837461	
0.547	0.223606324877	
0.548	0.221468634359	
0.549	0.219327766731	
0.55	0.217183722846	
0.551	0.215036503593	
0.552	0.21288610989	
0.553	0.210732542687	
0.554	0.20857580297	
0.555	0.206415891752	
0.556	0.204252810083	
0.557	0.202086559041	
0.558	0.19991713974	
0.559	0.197744553324	
0.56	0.19556880097	
0.561	0.193389883887	
0.562	0.191207803317	
0.563	0.189022560534	
0.564	0.186834156845	
0.565	0.184642593587	
0.566	0.182447872134	
0.567	0.180249993887	
0.568	0.178048960284	
0.569	0.175844772793	
0.57	0.173637432915	
0.571	0.171426942184	
0.572	0.169213302167	
0.573	0.166996514461	
0.574	0.164776580699	
0.575	0.162553502545	
0.576	0.160327281694	
0.577	0.158097919877	
0.578	0.155865418855	
0.579	0.153629780423	
0.58	0.151391006407	
0.581	0.149149098669	
0.582	0.1469040591	
0.583	0.144655889626	
0.584	0.142404592206	
0.585	0.140150168829	
0.586	0.137892621519	
0.587	0.135631952334	
0.588	0.133368163363	
0.589	0.131101256726	
0.59	0.12883123458	
0.591	0.126558099113	
0.592	0.124281852544	
0.593	0.122002497127	
0.594	0.119720035149	
0.595	0.11743446893	
0.596	0.11514580082	
0.597	0.112854033207	
0.598	0.110559168507	
0.599	0.108261209172	
0.6	0.105960157686	
0.601	0.103656016566	
0.602	0.101348788363	
0.603	0.0990384756586	
0.604	0.0967250810698	
0.605	0.0944086072456	
0.606	0.0920890568682	
0.607	0.089766432653	
0.608	0.0874407373484	
0.609	0.0851119737357	
0.61	0.0827801446297	
0.611	0.0804452528778	
0.612	0.0781073013609	
0.613	0.075766292993	
0.614	0.0734222307211	
0.615	0.0710751175254	
0.616	0.0687249564194	
0.617	0.0663717504494	
0.618	0.0640155026954	
0.619	0.0616562162702	
0.62	0.0592938943199	
0.621	0.056928540024	
0.622	0.0545601565948	
0.623	0.0521887472783	
0.624	0.0498143153535	
0.625	0.0474368641325	
0.626	0.0450563969611	
0.627	0.0426729172179	
0.628	0.040286428315	
0.629	0.0378969336977	
0.63	0.0355044368447	
0.631	0.0331089412679	
0.632	0.0307104505125	
0.633	0.028308968157	
0.634	0.0259044978133	
0.635	0.0234970431265	
0.636	0.0210866077751	
0.637	0.018673195471	
0.638	0.0162568099593	
0.639	0.0138374550185	
0.64	0.0114151344605	
0.641	0.00898985213051	
0.642	0.00656161190709	
0.643	0.0041304177022	
0.644	0.00169627346118	
0.645	-0.000740816837277	
0.646	-0.00318084918108	
0.647	-0.00562381952476	
0.648	-0.00806972378946	
0.649	-0.0105185578629	
0.65	-0.0129703175994	
0.651	-0.01542499882	
0.652	-0.0178825973121	
0.653	-0.0203431088299	
0.654	-0.0228065290941	
0.655	-0.0252728537919	
0.656	-0.0277420785773	
0.657	-0.0302141990707	
0.658	-0.0326892108591	
0.659	-0.0351671094961	
0.66	-0.0376478905019	
0.661	-0.0401315493632	
0.662	-0.0426180815333	
0.663	-0.0451074824322	
0.664	-0.0475997474461	
0.665	-0.0500948719283	
0.666	-0.0525928511981	
0.667	-0.0550936805418	
0.668	-0.057597355212	
0.669	-0.060103870428	
0.67	-0.0626132213755	
0.671	-0.0651254032071	
0.672	-0.0676404110415	
0.673	-0.0701582399643	
0.674	-0.0726788850276	
0.675	-0.07520234125	
0.676	-0.0777286036166	
0.677	-0.0802576670793	
0.678	-0.0827895265563	
0.679	-0.0853241769326	
0.68	-0.0878616130595	
0.681	-0.0904018297551	
0.682	-0.0929448218041	
0.683	-0.0954905839575	
0.684	-0.0980391109332	
0.685	-0.100590397415	
0.686	-0.103144438055	
0.687	-0.10570122747	
0.688	-0.108260760244	
0.689	-0.110823030928	
0.69	-0.113388034039	
0.691	-0.115955764061	
0.692	-0.118526215444	
0.693	-0.121099382606	
0.694	-0.12367525993	
0.695	-0.126253841767	
0.696	-0.128835122434	
0.697	-0.131419096214	
0.698	-0.134005757357	
0.699	-0.13659510008	
0.7	-0.139187118568	
0.701	-0.141781806969	
0.702	-0.144379159401	
0.703	-0.146979169947	
0.704	-0.149581832658	
0.705	-0.15218714155	
0.706	-0.154795090606	
0.707	-0.157405673778	
0.708	-0.160018884981	
0.709	-0.162634718099	
0.71	-0.165253166983	
0.711	-0.16787422545	
0.712	-0.170497887282	
0.713	-0.173124146232	
0.714	-0.175752996016	
0.715	-0.178384430317	
0.716	-0.181018442787	
0.717	-0.183655027043	
0.718	-0.18629417667	
0.719	-0.188935885217	
0.72	-0.191580146204	
0.721	-0.194226953115	
0.722	-0.196876299401	
0.723	-0.199528178481	
0.724	-0.202182583739	
0.725	-0.204839508527	
0.726	-0.207498946165	
0.727	-0.210160889938	
0.728	-0.212825333099	
0.729	-0.215492268866	
0.73	-0.218161690426	
0.731	-0.220833590933	
0.732	-0.223507963507	
0.733	-0.226184801234	
0.734	-0.228864097168	
0.735	-0.231545844332	
0.736	-0.234230035712	
0.737	-0.236916664263	
0.738	-0.239605722907	
0.739	-0.242297204534	
0.74	-0.244991102	
0.741	-0.247687408126	
0.742	-0.250386115703	
0.743	-0.253087217489	
0.744	-0.255790706207	
0.745	-0.258496574549	
0.746	-0.261204815173	
0.747	-0.263915420704	
0.748	-0.266628383735	
0.749	-0.269343696826	
0.75	-0.272061352504	
0.751	-0.274781343262	
0.752	-0.277503661562	
0.753	-0.280228299832	
0.754	-0.282955250469	
0.755	-0.285684505835	
0.756	-0.28841605826	
0.757	-0.291149900041	
0.758	-0.293886023444	
0.759	-0.2966244207	
0.76	-0.299365084009	
0.761	-0.302108005538	
0.762	-0.30485317742	
0.763	-0.307600591757	
0.764	-0.310350240618	
0.765	-0.313102116039	
0.766	-0.315856210023	
0.767	-0.318612514543	
0.768	-0.321371021536	
0.769	-0.324131722908	
0.77	-0.326894610533	
0.771	-0.329659676252	
0.772	-0.332426911874	
0.773	-0.335196309175	
0.774	-0.337967859898	
0.775	-0.340741555755	
0.776	-0.343517388425	
0.777	-0.346295349554	
0.778	-0.349075430758	
0.779	-0.351857623617	
0.78	-0.354641919681	
0.781	-0.357428310468	
0.782	-0.360216787463	
0.783	-0.363007342118	
0.784	-0.365799965855	
0.785	-0.368594650061	
0.786	-0.371391386094	
0.787	-0.374190165277	
0.788	-0.376990978902	
0.789	-0.379793818229	
0.79	-0.382598674486	
0.791	-0.385405538869	
0.792	-0.388214402541	
0.793	-0.391025256635	
0.794	-0.393838092249	
0.795	-0.396652900452	
0.796	-0.39946967228	
0.797	-0.402288398735	
0.798	-0.405109070792	
0.799	-0.407931679388	
0.8	-0.410756215434	
0.801	-0.413582669805	
0.802	-0.416411033346	
0.803	-0.41924129687	
0.804	-0.422073451157	
0.805	-0.424907486959	
0.806	-0.427743394991	
0.807	-0.430581165941	
0.808	-0.433420790463	
0.809	-0.436262259179	
0.81	-0.439105562681	
0.811	-0.441950691528	
0.812	-0.44479763625	
0.813	-0.447646387341	
0.814	-0.450496935268	
0.815	-0.453349270464	
0.816	-0.456203383331	
0.817	-0.459059264241	
0.818	-0.461916903532	
0.819	-0.464776291513	
0.82	-0.467637418461	
0.821	-0.470500274621	
0.822	-0.473364850208	
0.823	-0.476231135405	
0.824	-0.479099120363	
0.825	-0.481968795203	
0.826	-0.484840150015	
0.827	-0.487713174858	
0.828	-0.490587859758	
0.829	-0.493464194712	
0.83	-0.496342169685	
0.831	-0.499221774612	
0.832	-0.502102999396	
0.833	-0.504985833909	
0.834	-0.507870267993	
0.835	-0.510756291459	
0.836	-0.513643894086	
0.837	-0.516533065623	
0.838	-0.519423795789	
0.839	-0.522316074271	
0.84	-0.525209890727	
0.841	-0.528105234781	
0.842	-0.53100209603	
0.843	-0.533900464039	
0.844	-0.536800328341	
0.845	-0.539701678441	
0.846	-0.542604503811	
0.847	-0.545508793895	
0.848	-0.548414538105	
0.849	-0.551321725823	
0.85	-0.5542303464	
0.851	-0.557140389158	
0.852	-0.560051843387	
0.853	-0.562964698348	
0.854	-0.565878943272	
0.855	-0.568794567358	
0.856	-0.571711559777	
0.857	-0.574629909668	
0.858	-0.577549606142	
0.859	-0.580470638277	
0.86	-0.583392995124	
0.861	-0.586316665703	
0.862	-0.589241639003	
0.863	-0.592167903983	
0.864	-0.595095449575	
0.865	-0.598024264678	
0.866	-0.600954338162	
0.867	-0.603885658867	
0.868	-0.606818215606	
0.869	-0.609751997158	
0.87	-0.612686992275	
0.871	-0.615623189679	
0.872	-0.618560578063	
0.873	-0.621499146089	
0.874	-0.62443888239	
0.875	-0.627379775569	
0.876	-0.630321814202	
0.877	-0.633264986833	
0.878	-0.636209281978	
0.879	-0.639154688123	
0.88	-0.642101193724	
0.881	-0.645048787211	
0.882	-0.647997456981	
0.883	-0.650947191403	
0.884	-0.653897978819	
0.885	-0.656849807538	
0.886	-0.659802665845	
0.887	-0.662756541991	
0.888	-0.665711424201	
0.889	-0.66866730067	
0.89	-0.671624159566	
0.891	-0.674581989025	
0.892	-0.677540777156	
0.893	-0.68050051204	
0.894	-0.683461181729	
0.895	-0.686422774244	
0.896	-0.689385277581	
0.897	-0.692348679704	
0.898	-0.695312968551	
0.899	-0.698278132031	
0.9	-0.701244158024	
0.901	-0.704211034381	
0.902	-0.707178748927	
0.903	-0.710147289455	
0.904	-0.713116643734	
0.905	-0.716086799501	
0.906	-0.719057744467	
0.907	-0.722029466315	
0.908	-0.725001952699	
0.909	-0.727975191244	
0.91	-0.73094916955	
0.911	-0.733923875186	
0.912	-0.736899295695	
0.913	-0.739875418591	
0.914	-0.742852231361	
0.915	-0.745829721464	
0.916	-0.748807876331	
0.917	-0.751786683365	
0.918	-0.754766129943	
0.919	-0.757746203413	
0.92	-0.760726891095	
0.921	-0.763708180282	
0.922	-0.766690058242	
0.923	-0.769672512211	
0.924	-0.772655529401	
0.925	-0.775639096996	
0.926	-0.778623202153	
0.927	-0.781607832	
0.928	-0.784592973639	
0.929	-0.787578614147	
0.93	-0.790564740571	
0.931	-0.793551339931	
0.932	-0.796538399222	
0.933	-0.799525905412	
0.934	-0.802513845439	
0.935	-0.805502206218	
0.936	-0.808490974636	
0.937	-0.811480137551	
0.938	-0.814469681799	
0.939	-0.817459594184	
0.94	-0.820449861488	
0.941	-0.823440470464	
0.942	-0.826431407839	
0.943	-0.829422660313	
0.944	-0.832414214562	
0.945	-0.835406057234	
0.946	-0.838398174949	
0.947	-0.841390554304	
0.948	-0.844383181868	
0.949	-0.847376044184	
0.95	-0.850369127771	
0.951	-0.853362419118	
0.952	-0.856355904692	
0.953	-0.859349570931	
0.954	-0.86234340425	
0.955	-0.865337391036	
0.956	-0.868331517652	
0.957	-0.871325770433	
0.958	-0.874320135691	
0.959	-0.877314599711	
0.96	-0.880309148753	
0.961	-0.88330376905	
0.962	-0.886298446811	
0.963	-0.889293168221	
0.964	-0.892287919437	
0.965	-0.895282686592	
0.966	-0.898277455794	
0.967	-0.901272213125	
0.968	-0.904266944643	
0.969	-0.907261636381	
0.97	-0.910256274345	
0.971	-0.913250844519	
0.972	-0.916245332861	
0.973	-0.919239725302	
0.974	-0.922234007752	
0.975	-0.925228166094	
0.976	-0.928222186186	
0.977	-0.931216053864	
0.978	-0.934209754936	
0.979	-0.937203275189	
0.98	-0.940196600382	
0.981	-0.943189716253	
0.982	-0.946182608514	
0.983	-0.949175262853	
0.984	-0.952167664933	
0.985	-0.955159800395	
0.986	-0.958151654854	
0.987	-0.961143213902	
0.988	-0.964134463106	
0.989	-0.96712538801	
0.99	-0.970115974135	
0.991	-0.973106206977	
0.992	-0.976096072008	
0.993	-0.979085554677	
0.994	-0.98207464041	
0.995	-0.985063314607	
0.996	-0.988051562649	
0.997	-0.991039369889	
0.998	-0.994026721659	
0.999	-0.997013603268	
1.0	-1.0	
