0.0	1.0	
0.001	0.999920928049	
0.002	0.999796000761	
0.003	0.999644857475	
0.004	0.999473698458	
0.005	0.999285927664	
0.006	0.999083761002	
0.007	0.99886878059	
0.008	0.998642184579	
0.009	0.998404918409	
0.01	0.998157751115	
0.011	0.997901323059	
0.012	0.997636177474	
0.013	0.997362782231	
0.014	0.997081545392	
0.015	0.996792826663	
0.016	0.996496946009	
0.017	0.996194190293	
0.018	0.995884818475	
0.019	0.995569065742	
0.02	0.995247146842	
0.021	0.994919258806	
0.022	0.994585583193	
0.023	0.994246287958	
0.024	0.993901529024	
0.025	0.993551451619	
0.026	0.993196191403	
0.027	0.992835875453	
0.028	0.992470623102	
0.029	0.992100546674	
0.03	0.991725752126	
0.031	0.991346339609	
0.032	0.990962403963	
0.033	0.990574035161	
0.034	0.990181318698	
0.035	0.989784335936	
0.036	0.989383164423	
0.037	0.98897787817	
0.038	0.988568547903	
0.039	0.988155241295	
0.04	0.987738023172	
0.041	0.987316955698	
0.042	0.986892098553	
0.043	0.986463509084	
0.044	0.986031242453	
0.045	0.985595351762	
0.046	0.985155888181	
0.047	0.984712901056	
0.048	0.984266438011	
0.049	0.983816545043	
0.05	0.983363266612	
0.051	0.982906645718	
0.052	0.982446723981	
0.053	0.98198354171	
0.054	0.981517137965	
0.055	0.981047550624	
0.056	0.980574816435	
0.057	0.98009897107	
0.058	0.979620049177	
0.059	0.979138084425	
0.06	0.978653109549	
0.061	0.97816515639	
0.062	0.977674255934	
0.063	0.977180438347	
0.064	0.976683733013	
0.065	0.976184168564	
0.066	0.975681772909	
0.067	0.975176573266	
0.068	0.974668596188	
0.069	0.974157867588	
0.07	0.973644412763	
0.071	0.973128256421	
0.072	0.972609422699	
0.073	0.972087935185	
0.074	0.971563816937	
0.075	0.971037090506	
0.076	0.970507777948	
0.077	0.969975900845	
0.078	0.96944148032	
0.079	0.968904537054	
0.08	0.968365091298	
0.081	0.967823162889	
0.082	0.967278771264	
0.083	0.966731935471	
0.084	0.966182674184	
0.085	0.965631005712	
0.086	0.965076948012	
0.087	0.964520518698	
0.088	0.963961735055	
0.089	0.963400614045	
0.09	0.962837172319	
0.091	0.962271426224	
0.092	0.961703391816	
0.093	0.961133084862	
0.094	0.960560520854	
0.095	0.959985715013	
0.096	0.959408682299	
0.097	0.958829437416	
0.098	0.958247994821	
0.099	0.957664368729	
0.1	0.95707857312	
0.101	0.956490621746	
0.102	0.955900528137	
0.103	0.955308305603	
0.104	0.954713967246	
0.105	0.95411752596	
0.106	0.953518994439	
0.107	0.952918385181	
0.108	0.952315710493	
0.109	0.951710982494	
0.11	0.951104213124	
0.111	0.950495414144	
0.112	0.949884597141	
0.113	0.949271773534	
0.114	0.948656954576	
0.115	0.948040151359	
0.116	0.947421374818	
0.117	0.946800635732	
0.118	0.946177944731	
0.119	0.945553312297	
0.12	0.944926748768	
0.121	0.94429826434	
0.122	0.943667869073	
0.123	0.943035572893	
0.124	0.94240138559	
0.125	0.941765316829	
0.126	0.941127376147	
0.127	0.940487572956	
0.128	0.93984591655	
0.129	0.9392024161	
0.13	0.938557080666	
0.131	0.937909919188	
0.132	0.9372609405	
0.133	0.936610153324	
0.134	0.935957566273	
0.135	0.935303187858	
0.136	0.934647026487	
0.137	0.933989090464	
0.138	0.933329387996	
0.139	0.932667927192	
0.14	0.932004716067	
0.141	0.931339762541	
0.142	0.930673074442	
0.143	0.930004659509	
0.144	0.929334525392	
0.145	0.928662679654	
0.146	0.927989129773	
0.147	0.927313883143	
0.148	0.926636947075	
0.149	0.925958328802	
0.15	0.925278035474	
0.151	0.924596074166	
0.152	0.923912451875	
0.153	0.923227175522	
0.154	0.922540251957	
0.155	0.921851687954	
0.156	0.921161490217	
0.157	0.920469665381	
0.158	0.919776220008	
0.159	0.919081160597	
0.16	0.918384493578	
0.161	0.917686225313	
0.162	0.916986362104	
0.163	0.916284910185	
0.164	0.915581875731	
0.165	0.914877264853	
0.166	0.914171083604	
0.167	0.913463337974	
0.168	0.912754033897	
0.169	0.912043177248	
0.17	0.911330773847	
0.171	0.910616829455	
0.172	0.909901349781	
0.173	0.909184340477	
0.174	0.908465807145	
0.175	0.90774575533	
0.176	0.907024190529	
0.177	0.906301118186	
0.178	0.905576543696	
0.179	0.904850472403	
0.18	0.904122909603	
0.181	0.903393860544	
0.182	0.902663330427	
0.183	0.901931324405	
0.184	0.901197847585	
0.185	0.900462905031	
0.186	0.89972650176	
0.187	0.898988642745	
0.188	0.898249332917	
0.189	0.897508577163	
0.19	0.896766380327	
0.191	0.896022747213	
0.192	0.895277682584	
0.193	0.89453119116	
0.194	0.893783277624	
0.195	0.893033946618	
0.196	0.892283202745	
0.197	0.89153105057	
0.198	0.89077749462	
0.199	0.890022539385	
0.2	0.889266189317	
0.201	0.888508448834	
0.202	0.887749322315	
0.203	0.886988814107	
0.204	0.886226928518	
0.205	0.885463669825	
0.206	0.884699042269	
0.207	0.883933050058	
0.208	0.883165697367	
0.209	0.882396988337	
0.21	0.881626927078	
0.211	0.880855517668	
0.212	0.880082764152	
0.213	0.879308670545	
0.214	0.878533240832	
0.215	0.877756478965	
0.216	0.876978388868	
0.217	0.876198974435	
0.218	0.875418239531	
0.219	0.87463618799	
0.22	0.87385282362	
0.221	0.873068150199	
0.222	0.872282171478	
0.223	0.871494891181	
0.224	0.870706313002	
0.225	0.869916440611	
0.226	0.869125277649	
0.227	0.868332827733	
0.228	0.867539094453	
0.229	0.866744081372	
0.23	0.86594779203	
0.231	0.865150229939	
0.232	0.864351398589	
0.233	0.863551301443	
0.234	0.862749941941	
0.235	0.861947323499	
0.236	0.86114344951	
0.237	0.860338323341	
0.238	0.859531948337	
0.239	0.858724327823	
0.24	0.857915465096	
0.241	0.857105363434	
0.242	0.856294026092	
0.243	0.855481456303	
0.244	0.854667657279	
0.245	0.853852632208	
0.246	0.85303638426	
0.247	0.852218916582	
0.248	0.851400232301	
0.249	0.850580334521	
0.25	0.84975922633	
0.251	0.848936910793	
0.252	0.848113390954	
0.253	0.847288669841	
0.254	0.846462750458	
0.255	0.845635635793	
0.256	0.844807328814	
0.257	0.84397783247	
0.258	0.84314714969	
0.259	0.842315283385	
0.26	0.84148223645	
0.261	0.840648011759	
0.262	0.839812612169	
0.263	0.838976040519	
0.264	0.838138299631	
0.265	0.837299392308	
0.266	0.836459321338	
0.267	0.83561808949	
0.268	0.834775699516	
0.269	0.833932154153	
0.27	0.833087456121	
0.271	0.83224160812	
0.272	0.831394612839	
0.273	0.830546472948	
0.274	0.829697191101	
0.275	0.828846769937	
0.276	0.827995212078	
0.277	0.827142520132	
0.278	0.826288696691	
0.279	0.825433744332	
0.28	0.824577665616	
0.281	0.823720463091	
0.282	0.822862139287	
0.283	0.822002696723	
0.284	0.821142137902	
0.285	0.82028046531	
0.286	0.819417681424	
0.287	0.818553788701	
0.288	0.817688789589	
0.289	0.81682268652	
0.29	0.815955481911	
0.291	0.815087178168	
0.292	0.814217777682	
0.293	0.81334728283	
0.294	0.812475695977	
0.295	0.811603019474	
0.296	0.81072925566	
0.297	0.809854406861	
0.298	0.808978475388	
0.299	0.808101463543	
0.3	0.807223373612	
0.301	0.806344207871	
0.302	0.805463968581	
0.303	0.804582657994	
0.304	0.803700278348	
0.305	0.802816831869	
0.306	0.801932320771	
0.307	0.801046747258	
0.308	0.800160113518	
0.309	0.799272421733	
0.31	0.798383674068	
0.311	0.797493872682	
0.312	0.796603019718	
0.313	0.79571111731	
0.314	0.79481816758	
0.315	0.793924172641	
0.316	0.793029134593	
0.317	0.792133055525	
0.318	0.791235937516	
0.319	0.790337782634	
0.32	0.789438592937	
0.321	0.788538370473	
0.322	0.787637117278	
0.323	0.786734835378	
0.324	0.785831526789	
0.325	0.784927193517	
0.326	0.784021837559	
0.327	0.7831154609	
0.328	0.782208065516	
0.329	0.781299653373	
0.33	0.780390226427	
0.331	0.779479786626	
0.332	0.778568335905	
0.333	0.777655876194	
0.334	0.776742409409	
0.335	0.77582793746	
0.336	0.774912462246	
0.337	0.773995985656	
0.338	0.773078509573	
0.339	0.772160035868	
0.34	0.771240566403	
0.341	0.770320103033	
0.342	0.769398647602	
0.343	0.768476201948	
0.344	0.767552767897	
0.345	0.766628347268	
0.346	0.765702941872	
0.347	0.76477655351	
0.348	0.763849183975	
0.349	0.762920835052	
0.35	0.761991508517	
0.351	0.761061206139	
0.352	0.760129929677	
0.353	0.759197680884	
0.354	0.758264461502	
0.355	0.757330273267	
0.356	0.756395117907	
0.357	0.755458997141	
0.358	0.754521912682	
0.359	0.753583866232	
0.36	0.752644859489	
0.361	0.751704894141	
0.362	0.750763971869	
0.363	0.749822094346	
0.364	0.748879263237	
0.365	0.747935480202	
0.366	0.746990746891	
0.367	0.746045064947	
0.368	0.745098436006	
0.369	0.744150861699	
0.37	0.743202343645	
0.371	0.74225288346	
0.372	0.741302482752	
0.373	0.74035114312	
0.374	0.739398866158	
0.375	0.738445653452	
0.376	0.737491506582	
0.377	0.736536427121	
0.378	0.735580416634	
0.379	0.73462347668	
0.38	0.733665608813	
0.381	0.732706814576	
0.382	0.73174709551	
0.383	0.730786453147	
0.384	0.729824889013	
0.385	0.728862404627	
0.386	0.727899001502	
0.387	0.726934681145	
0.388	0.725969445056	
0.389	0.725003294729	
0.39	0.724036231651	
0.391	0.723068257305	
0.392	0.722099373164	
0.393	0.721129580699	
0.394	0.720158881372	
0.395	0.71918727664	
0.396	0.718214767954	
0.397	0.717241356759	
0.398	0.716267044494	
0.399	0.715291832592	
0.4	0.714315722479	
0.401	0.713338715578	
0.402	0.712360813304	
0.403	0.711382017067	
0.404	0.71040232827	
0.405	0.709421748313	
0.406	0.708440278587	
0.407	0.707457920481	
0.408	0.706474675375	
0.409	0.705490544646	
0.41	0.704505529665	
0.411	0.703519631796	
0.412	0.702532852399	
0.413	0.701545192828	
0.414	0.700556654433	
0.415	0.699567238557	
0.416	0.698576946539	
0.417	0.69758577971	
0.418	0.6965937394	
0.419	0.695600826931	
0.42	0.694607043621	
0.421	0.693612390781	
0.422	0.692616869719	
0.423	0.691620481738	
0.424	0.690623228134	
0.425	0.6896251102	
0.426	0.688626129223	
0.427	0.687626286485	
0.428	0.686625583264	
0.429	0.685624020832	
0.43	0.684621600457	
0.431	0.683618323401	
0.432	0.682614190924	
0.433	0.681609204278	
0.434	0.680603364711	
0.435	0.679596673468	
0.436	0.678589131788	
0.437	0.677580740906	
0.438	0.676571502051	
0.439	0.675561416448	
0.44	0.67455048532	
0.441	0.673538709881	
0.442	0.672526091344	
0.443	0.671512630915	
0.444	0.670498329799	
0.445	0.669483189193	
0.446	0.668467210291	
0.447	0.667450394284	
0.448	0.666432742355	
0.449	0.665414255687	
0.45	0.664394935456	
0.451	0.663374782834	
0.452	0.662353798989	
0.453	0.661331985086	
0.454	0.660309342285	
0.455	0.65928587174	
0.456	0.658261574604	
0.457	0.657236452023	
0.458	0.656210505141	
0.459	0.655183735097	
0.46	0.654156143026	
0.461	0.653127730059	
0.462	0.652098497323	
0.463	0.651068445942	
0.464	0.650037577033	
0.465	0.649005891713	
0.466	0.647973391093	
0.467	0.64694007628	
0.468	0.645905948378	
0.469	0.644871008485	
0.47	0.643835257698	
0.471	0.64279869711	
0.472	0.641761327807	
0.473	0.640723150875	
0.474	0.639684167394	
0.475	0.638644378442	
0.476	0.637603785091	
0.477	0.636562388411	
0.478	0.635520189467	
0.479	0.634477189323	
0.48	0.633433389037	
0.481	0.632388789664	
0.482	0.631343392256	
0.483	0.630297197859	
0.484	0.629250207519	
0.485	0.628202422277	
0.486	0.627153843169	
0.487	0.626104471231	
0.488	0.625054307491	
0.489	0.624003352977	
0.49	0.622951608713	
0.491	0.621899075718	
0.492	0.620845755009	
0.493	0.619791647601	
0.494	0.618736754501	
0.495	0.617681076718	
0.496	0.616624615254	
0.497	0.61556737111	
0.498	0.614509345282	
0.499	0.613450538763	
0.5	0.612390952544	
0.501	0.611330587612	
0.502	0.610269444951	
0.503	0.60920752554	
0.504	0.608144830358	
0.505	0.607081360379	
0.506	0.606017116573	
0.507	0.604952099908	
0.508	0.60388631135	
0.509	0.60281975186	
0.51	0.601752422396	
0.511	0.600684323915	
0.512	0.599615457368	
0.513	0.598545823705	
0.514	0.597475423873	
0.515	0.596404258814	
0.516	0.59533232947	
0.517	0.594259636777	
0.518	0.59318618167	
0.519	0.592111965081	
0.52	0.591036987939	
0.521	0.589961251168	
0.522	0.588884755692	
0.523	0.58780750243	
0.524	0.586729492301	
0.525	0.585650726217	
0.526	0.58457120509	
0.527	0.583490929829	
0.528	0.582409901339	
0.529	0.581328120523	
0.53	0.580245588281	
0.531	0.579162305511	
0.532	0.578078273107	
0.533	0.57699349196	
0.534	0.575907962961	
0.535	0.574821686995	
0.536	0.573734664946	
0.537	0.572646897695	
0.538	0.57155838612	
0.539	0.570469131096	
0.54	0.569379133498	
0.541	0.568288394194	
0.542	0.567196914053	
0.543	0.56610469394	
0.544	0.565011734718	
0.545	0.563918037245	
0.546	0.56282360238	
0.547	0.561728430976	
0.548	0.560632523888	
0.549	0.559535881963	
0.55	0.558438506049	
0.551	0.557340396991	
0.552	0.556241555631	
0.553	0.555141982808	
0.554	0.55404167936	
0.555	0.552940646121	
0.556	0.551838883924	
0.557	0.550736393597	
0.558	0.549633175969	
0.559	0.548529231865	
0.56	0.547424562106	
0.561	0.546319167514	
0.562	0.545213048905	
0.563	0.544106207095	
0.564	0.542998642897	
0.565	0.541890357122	
0.566	0.540781350578	
0.567	0.53967162407	
0.568	0.538561178403	
0.569	0.537450014378	
0.57	0.536338132793	
0.571	0.535225534446	
0.572	0.534112220131	
0.573	0.532998190639	
0.574	0.531883446762	
0.575	0.530767989287	
0.576	0.529651818998	
0.577	0.52853493668	
0.578	0.527417343113	
0.579	0.526299039076	
0.58	0.525180025346	
0.581	0.524060302696	
0.582	0.5229398719	
0.583	0.521818733727	
0.584	0.520696888946	
0.585	0.519574338321	
0.586	0.518451082617	
0.587	0.517327122594	
0.588	0.516202459013	
0.589	0.515077092631	
0.59	0.513951024202	
0.591	0.51282425448	
0.592	0.511696784216	
0.593	0.510568614158	
0.594	0.509439745055	
0.595	0.508310177649	
0.596	0.507179912684	
0.597	0.506048950902	
0.598	0.504917293039	
0.599	0.503784939834	
0.6	0.502651892021	
0.601	0.501518150332	
0.602	0.500383715498	
0.603	0.499248588248	
0.604	0.498112769308	
0.605	0.496976259404	
0.606	0.495839059258	
0.607	0.49470116959	
0.608	0.493562591121	
0.609	0.492423324566	
0.61	0.491283370641	
0.611	0.490142730059	
0.612	0.489001403531	
0.613	0.487859391767	
0.614	0.486716695474	
0.615	0.485573315357	
0.616	0.48442925212	
0.617	0.483284506466	
0.618	0.482139079093	
0.619	0.4809929707	
0.62	0.479846181984	
0.621	0.478698713639	
0.622	0.477550566357	
0.623	0.476401740829	
0.624	0.475252237745	
0.625	0.474102057791	
0.626	0.472951201652	
0.627	0.471799670013	
0.628	0.470647463556	
0.629	0.469494582959	
0.63	0.468341028902	
0.631	0.467186802061	
0.632	0.46603190311	
0.633	0.464876332724	
0.634	0.463720091572	
0.635	0.462563180325	
0.636	0.461405599651	
0.637	0.460247350215	
0.638	0.459088432682	
0.639	0.457928847715	
0.64	0.456768595974	
0.641	0.45560767812	
0.642	0.454446094809	
0.643	0.453283846698	
0.644	0.452120934441	
0.645	0.450957358691	
0.646	0.449793120098	
0.647	0.448628219312	
0.648	0.447462656981	
0.649	0.446296433751	
0.65	0.445129550266	
0.651	0.443962007169	
0.652	0.442793805102	
0.653	0.441624944703	
0.654	0.440455426611	
0.655	0.439285251463	
0.656	0.438114419893	
0.657	0.436942932534	
0.658	0.435770790019	
0.659	0.434597992977	
0.66	0.433424542037	
0.661	0.432250437825	
0.662	0.431075680968	
0.663	0.429900272089	
0.664	0.428724211811	
0.665	0.427547500754	
0.666	0.426370139537	
0.667	0.42519212878	
0.668	0.424013469097	
0.669	0.422834161103	
0.67	0.421654205413	
0.671	0.420473602637	
0.672	0.419292353386	
0.673	0.418110458269	
0.674	0.416927917893	
0.675	0.415744732864	
0.676	0.414560903786	
0.677	0.413376431262	
0.678	0.412191315894	
0.679	0.411005558282	
0.68	0.409819159024	
0.681	0.408632118718	
0.682	0.407444437959	
0.683	0.406256117342	
0.684	0.405067157459	
0.685	0.403877558902	
0.686	0.40268732226	
0.687	0.401496448124	
0.688	0.400304937079	
0.689	0.399112789711	
0.69	0.397920006606	
0.691	0.396726588346	
0.692	0.395532535513	
0.693	0.394337848687	
0.694	0.393142528447	
0.695	0.391946575371	
0.696	0.390749990035	
0.697	0.389552773013	
0.698	0.388354924881	
0.699	0.387156446208	
0.7	0.385957337567	
0.701	0.384757599528	
0.702	0.383557232657	
0.703	0.382356237522	
0.704	0.381154614689	
0.705	0.379952364722	
0.706	0.378749488184	
0.707	0.377545985636	
0.708	0.376341857639	
0.709	0.375137104752	
0.71	0.373931727533	
0.711	0.372725726537	
0.712	0.371519102321	
0.713	0.370311855439	
0.714	0.369103986442	
0.715	0.367895495882	
0.716	0.36668638431	
0.717	0.365476652274	
0.718	0.364266300322	
0.719	0.363055329	
0.72	0.361843738854	
0.721	0.360631530428	
0.722	0.359418704263	
0.723	0.358205260902	
0.724	0.356991200884	
0.725	0.35577652475	
0.726	0.354561233035	
0.727	0.353345326278	
0.728	0.352128805014	
0.729	0.350911669776	
0.73	0.349693921098	
0.731	0.348475559511	
0.732	0.347256585547	
0.733	0.346036999733	
0.734	0.3448168026	
0.735	0.343595994673	
0.736	0.342374576479	
0.737	0.341152548543	
0.738	0.339929911387	
0.739	0.338706665534	
0.74	0.337482811507	
0.741	0.336258349824	
0.742	0.335033281004	
0.743	0.333807605566	
0.744	0.332581324026	
0.745	0.3313544369	
0.746	0.330126944702	
0.747	0.328898847945	
0.748	0.327670147142	
0.749	0.326440842803	
0.75	0.325210935439	
0.751	0.323980425558	
0.752	0.322749313668	
0.753	0.321517600276	
0.754	0.320285285887	
0.755	0.319052371005	
0.756	0.317818856135	
0.757	0.316584741777	
0.758	0.315350028434	
0.759	0.314114716604	
0.76	0.312878806789	
0.761	0.311642299484	
0.762	0.310405195188	
0.763	0.309167494395	
0.764	0.307929197601	
0.765	0.3066903053	
0.766	0.305450817983	
0.767	0.304210736143	
0.768	0.302970060269	
0.769	0.301728790852	
0.77	0.300486928381	
0.771	0.299244473341	
0.772	0.29800142622	
0.773	0.296757787503	
0.774	0.295513557675	
0.775	0.294268737218	
0.776	0.293023326615	
0.777	0.291777326347	
0.778	0.290530736895	
0.779	0.289283558737	
0.78	0.288035792353	
0.781	0.286787438218	
0.782	0.28553849681	
0.783	0.284288968603	
0.784	0.283038854072	
0.785	0.281788153691	
0.786	0.280536867931	
0.787	0.279284997263	
0.788	0.278032542159	
0.789	0.276779503087	
0.79	0.275525880516	
0.791	0.274271674913	
0.792	0.273016886744	
0.793	0.271761516476	
0.794	0.270505564572	
0.795	0.269249031496	
0.796	0.267991917711	
0.797	0.266734223679	
0.798	0.26547594986	
0.799	0.264217096714	
0.8	0.262957664699	
0.801	0.261697654274	
0.802	0.260437065896	
0.803	0.259175900021	
0.804	0.257914157103	
0.805	0.256651837597	
0.806	0.255388941957	
0.807	0.254125470634	
0.808	0.25286142408	
0.809	0.251596802746	
0.81	0.25033160708	
0.811	0.249065837533	
0.812	0.247799494551	
0.813	0.246532578582	
0.814	0.245265090071	
0.815	0.243997029464	
0.816	0.242728397205	
0.817	0.241459193736	
0.818	0.240189419502	
0.819	0.238919074942	
0.82	0.237648160499	
0.821	0.236376676611	
0.822	0.235104623717	
0.823	0.233832002256	
0.824	0.232558812665	
0.825	0.23128505538	
0.826	0.230010730837	
0.827	0.228735839469	
0.828	0.227460381712	
0.829	0.226184357997	
0.83	0.224907768756	
0.831	0.223630614422	
0.832	0.222352895424	
0.833	0.221074612192	
0.834	0.219795765154	
0.835	0.218516354738	
0.836	0.217236381371	
0.837	0.21595584548	
0.838	0.214674747489	
0.839	0.213393087823	
0.84	0.212110866906	
0.841	0.21082808516	
0.842	0.209544743008	
0.843	0.20826084087	
0.844	0.206976379167	
0.845	0.205691358319	
0.846	0.204405778744	
0.847	0.20311964086	
0.848	0.201832945085	
0.849	0.200545691834	
0.85	0.199257881524	
0.851	0.197969514568	
0.852	0.196680591381	
0.853	0.195391112376	
0.854	0.194101077966	
0.855	0.192810488561	
0.856	0.191519344573	
0.857	0.190227646412	
0.858	0.188935394486	
0.859	0.187642589205	
0.86	0.186349230975	
0.861	0.185055320205	
0.862	0.183760857299	
0.863	0.182465842663	
0.864	0.181170276702	
0.865	0.17987415982	
0.866	0.178577492419	
0.867	0.177280274902	
0.868	0.17598250767	
0.869	0.174684191125	
0.87	0.173385325666	
0.871	0.172085911692	
0.872	0.170785949602	
0.873	0.169485439794	
0.874	0.168184382665	
0.875	0.16688277861	
0.876	0.165580628026	
0.877	0.164277931308	
0.878	0.162974688849	
0.879	0.161670901042	
0.88	0.160366568281	
0.881	0.159061690958	
0.882	0.157756269462	
0.883	0.156450304186	
0.884	0.155143795518	
0.885	0.153836743847	
0.886	0.152529149563	
0.887	0.151221013051	
0.888	0.1499123347	
0.889	0.148603114895	
0.89	0.147293354021	
0.891	0.145983052465	
0.892	0.144672210608	
0.893	0.143360828835	
0.894	0.142048907529	
0.895	0.14073644707	
0.896	0.139423447841	
0.897	0.138109910222	
0.898	0.136795834593	
0.899	0.135481221333	
0.9	0.13416607082	
0.901	0.132850383432	
0.902	0.131534159546	
0.903	0.130217399538	
0.904	0.128900103785	
0.905	0.127582272661	
0.906	0.126263906541	
0.907	0.124945005798	
0.908	0.123625570805	
0.909	0.122305601934	
0.91	0.120985099558	
0.911	0.119664064047	
0.912	0.118342495772	
0.913	0.117020395102	
0.914	0.115697762406	
0.915	0.114374598052	
0.916	0.113050902409	
0.917	0.111726675843	
0.918	0.110401918721	
0.919	0.109076631408	
0.92	0.10775081427	
0.921	0.106424467671	
0.922	0.105097591974	
0.923	0.103770187543	
0.924	0.10244225474	
0.925	0.101113793928	
0.926	0.0997848054666	
0.927	0.0984552897174	
0.928	0.0971252470402	
0.929	0.0957946777942	
0.93	0.094463582338	
0.931	0.0931319610298	
0.932	0.0917998142269	
0.933	0.0904671422862	
0.934	0.0891339455638	
0.935	0.0878002244153	
0.936	0.0864659791956	
0.937	0.085131210259	
0.938	0.0837959179592	
0.939	0.0824601026492	
0.94	0.0811237646816	
0.941	0.0797869044081	
0.942	0.0784495221801	
0.943	0.0771116183481	
0.944	0.0757731932622	
0.945	0.0744342472717	
0.946	0.0730947807255	
0.947	0.0717547939719	
0.948	0.0704142873583	
0.949	0.0690732612318	
0.95	0.0677317159389	
0.951	0.0663896518253	
0.952	0.0650470692363	
0.953	0.0637039685165	
0.954	0.06236035001	
0.955	0.0610162140601	
0.956	0.0596715610098	
0.957	0.0583263912014	
0.958	0.0569807049764	
0.959	0.0556345026762	
0.96	0.0542877846411	
0.961	0.0529405512111	
0.962	0.0515928027257	
0.963	0.0502445395235	
0.964	0.0488957619429	
0.965	0.0475464703215	
0.966	0.0461966649964	
0.967	0.044846346304	
0.968	0.0434955145803	
0.969	0.0421441701607	
0.97	0.0407923133801	
0.971	0.0394399445725	
0.972	0.0380870640719	
0.973	0.0367336722111	
0.974	0.0353797693229	
0.975	0.0340253557392	
0.976	0.0326704317915	
0.977	0.0313149978107	
0.978	0.0299590541271	
0.979	0.0286026010705	
0.98	0.0272456389702	
0.981	0.0258881681548	
0.982	0.0245301889525	
0.983	0.0231717016909	
0.984	0.021812706697	
0.985	0.0204532042974	
0.986	0.0190931948181	
0.987	0.0177326785844	
0.988	0.0163716559212	
0.989	0.015010127153	
0.99	0.0136480926036	
0.991	0.0122855525961	
0.992	0.0109225074534	
0.993	0.00955895749777	
0.994	0.0081949030508	
0.995	0.00683034443369	
0.996	0.00546528196708	
0.997	0.00409971597108	
0.998	0.00273364676527	
0.999	0.00136707466873	
1.0	0.0	
