0.0	1.0	
0.001	0.999995439529	
0.002	0.999984334564	
0.003	0.999967756434	
0.004	0.99994618848	
0.005	0.99991994157	
0.006	0.999889241816	
0.007	0.99985426522	
0.008	0.999815154869	
0.009	0.999772030687	
0.01	0.999724995482	
0.011	0.999674138936	
0.012	0.999619540369	
0.013	0.999561270733	
0.014	0.999499394097	
0.015	0.999433968769	
0.016	0.999365048177	
0.017	0.999292681567	
0.018	0.99921691456	
0.019	0.999137789613	
0.02	0.999055346395	
0.021	0.998969622105	
0.022	0.998880651739	
0.023	0.998788468312	
0.024	0.998693103061	
0.025	0.998594585603	
0.026	0.99849294409	
0.027	0.998388205329	
0.028	0.9982803949	
0.029	0.998169537249	
0.03	0.998055655783	
0.031	0.997938772942	
0.032	0.997818910272	
0.033	0.997696088485	
0.034	0.997570327522	
0.035	0.997441646597	
0.036	0.997310064248	
0.037	0.997175598377	
0.038	0.997038266289	
0.039	0.996898084729	
0.04	0.996755069913	
0.041	0.996609237554	
0.042	0.996460602898	
0.043	0.996309180741	
0.044	0.996154985455	
0.045	0.995998031011	
0.046	0.995838330998	
0.047	0.995675898642	
0.048	0.995510746821	
0.049	0.995342888084	
0.05	0.995172334666	
0.051	0.9949990985	
0.052	0.994823191231	
0.053	0.99464462423	
0.054	0.994463408603	
0.055	0.994279555205	
0.056	0.994093074647	
0.057	0.993903977308	
0.058	0.993712273343	
0.059	0.993517972692	
0.06	0.993321085088	
0.061	0.993121620066	
0.062	0.992919586967	
0.063	0.992714994948	
0.064	0.992507852989	
0.065	0.992298169895	
0.066	0.992085954308	
0.067	0.991871214706	
0.068	0.991653959415	
0.069	0.991434196608	
0.07	0.991211934314	
0.071	0.990987180421	
0.072	0.990759942682	
0.073	0.990530228717	
0.074	0.990298046016	
0.075	0.990063401948	
0.076	0.989826303759	
0.077	0.989586758581	
0.078	0.989344773431	
0.079	0.989100355213	
0.08	0.988853510729	
0.081	0.988604246673	
0.082	0.988352569639	
0.083	0.988098486122	
0.084	0.987842002522	
0.085	0.987583125145	
0.086	0.987321860205	
0.087	0.98705821383	
0.088	0.98679219206	
0.089	0.986523800851	
0.09	0.986253046077	
0.091	0.985979933532	
0.092	0.985704468933	
0.093	0.98542665792	
0.094	0.985146506059	
0.095	0.984864018843	
0.096	0.984579201694	
0.097	0.984292059967	
0.098	0.984002598946	
0.099	0.983710823851	
0.1	0.983416739838	
0.101	0.983120351998	
0.102	0.982821665362	
0.103	0.9825206849	
0.104	0.982217415522	
0.105	0.981911862082	
0.106	0.981604029376	
0.107	0.981293922145	
0.108	0.980981545075	
0.109	0.980666902801	
0.11	0.980349999904	
0.111	0.980030840915	
0.112	0.979709430313	
0.113	0.979385772532	
0.114	0.979059871955	
0.115	0.978731732918	
0.116	0.978401359712	
0.117	0.978068756583	
0.118	0.97773392773	
0.119	0.977396877311	
0.12	0.977057609441	
0.121	0.976716128192	
0.122	0.976372437596	
0.123	0.976026541644	
0.124	0.975678444286	
0.125	0.975328149435	
0.126	0.974975660966	
0.127	0.974620982713	
0.128	0.974264118478	
0.129	0.973905072022	
0.13	0.973543847073	
0.131	0.973180447323	
0.132	0.972814876431	
0.133	0.97244713802	
0.134	0.972077235681	
0.135	0.971705172971	
0.136	0.971330953416	
0.137	0.97095458051	
0.138	0.970576057716	
0.139	0.970195388465	
0.14	0.96981257616	
0.141	0.969427624172	
0.142	0.969040535844	
0.143	0.96865131449	
0.144	0.968259963396	
0.145	0.96786648582	
0.146	0.967470884992	
0.147	0.967073164115	
0.148	0.966673326365	
0.149	0.966271374894	
0.15	0.965867312825	
0.151	0.965461143257	
0.152	0.965052869265	
0.153	0.964642493898	
0.154	0.96423002018	
0.155	0.963815451112	
0.156	0.963398789671	
0.157	0.962980038811	
0.158	0.962559201463	
0.159	0.962136280535	
0.16	0.961711278913	
0.161	0.96128419946	
0.162	0.960855045018	
0.163	0.960423818408	
0.164	0.959990522429	
0.165	0.95955515986	
0.166	0.959117733457	
0.167	0.95867824596	
0.168	0.958236700086	
0.169	0.957793098531	
0.17	0.957347443975	
0.171	0.956899739076	
0.172	0.956449986475	
0.173	0.955998188792	
0.174	0.95554434863	
0.175	0.955088468574	
0.176	0.95463055119	
0.177	0.954170599026	
0.178	0.953708614614	
0.179	0.953244600467	
0.18	0.952778559081	
0.181	0.952310492935	
0.182	0.951840404493	
0.183	0.951368296201	
0.184	0.950894170487	
0.185	0.950418029767	
0.186	0.949939876437	
0.187	0.94945971288	
0.188	0.948977541462	
0.189	0.948493364534	
0.19	0.948007184431	
0.191	0.947519003475	
0.192	0.947028823972	
0.193	0.946536648212	
0.194	0.946042478472	
0.195	0.945546317016	
0.196	0.94504816609	
0.197	0.94454802793	
0.198	0.944045904755	
0.199	0.943541798772	
0.2	0.943035712175	
0.201	0.942527647142	
0.202	0.942017605841	
0.203	0.941505590424	
0.204	0.940991603033	
0.205	0.940475645794	
0.206	0.939957720822	
0.207	0.93943783022	
0.208	0.938915976078	
0.209	0.938392160473	
0.21	0.93786638547	
0.211	0.937338653124	
0.212	0.936808965475	
0.213	0.936277324554	
0.214	0.935743732378	
0.215	0.935208190955	
0.216	0.934670702279	
0.217	0.934131268334	
0.218	0.933589891094	
0.219	0.93304657252	
0.22	0.932501314562	
0.221	0.93195411916	
0.222	0.931404988245	
0.223	0.930853923734	
0.224	0.930300927535	
0.225	0.929746001546	
0.226	0.929189147655	
0.227	0.928630367738	
0.228	0.928069663663	
0.229	0.927507037286	
0.23	0.926942490455	
0.231	0.926376025008	
0.232	0.925807642771	
0.233	0.925237345563	
0.234	0.924665135192	
0.235	0.924091013457	
0.236	0.923514982148	
0.237	0.922937043046	
0.238	0.922357197921	
0.239	0.921775448535	
0.24	0.921191796642	
0.241	0.920606243986	
0.242	0.920018792303	
0.243	0.919429443318	
0.244	0.918838198749	
0.245	0.918245060307	
0.246	0.917650029692	
0.247	0.917053108596	
0.248	0.916454298703	
0.249	0.915853601689	
0.25	0.915251019221	
0.251	0.914646552959	
0.252	0.914040204553	
0.253	0.913431975648	
0.254	0.912821867878	
0.255	0.912209882871	
0.256	0.911596022246	
0.257	0.910980287615	
0.258	0.910362680583	
0.259	0.909743202746	
0.26	0.909121855694	
0.261	0.908498641007	
0.262	0.907873560261	
0.263	0.907246615022	
0.264	0.906617806849	
0.265	0.905987137296	
0.266	0.905354607907	
0.267	0.904720220221	
0.268	0.904083975768	
0.269	0.903445876073	
0.27	0.902805922654	
0.271	0.90216411702	
0.272	0.901520460675	
0.273	0.900874955115	
0.274	0.900227601832	
0.275	0.899578402308	
0.276	0.89892735802	
0.277	0.898274470439	
0.278	0.897619741029	
0.279	0.896963171246	
0.28	0.896304762542	
0.281	0.895644516362	
0.282	0.894982434144	
0.283	0.89431851732	
0.284	0.893652767317	
0.285	0.892985185554	
0.286	0.892315773445	
0.287	0.891644532398	
0.288	0.890971463814	
0.289	0.89029656909	
0.29	0.889619849615	
0.291	0.888941306774	
0.292	0.888260941944	
0.293	0.887578756498	
0.294	0.886894751804	
0.295	0.886208929222	
0.296	0.885521290107	
0.297	0.88483183581	
0.298	0.884140567674	
0.299	0.88344748704	
0.3	0.882752595239	
0.301	0.8820558936	
0.302	0.881357383446	
0.303	0.880657066093	
0.304	0.879954942854	
0.305	0.879251015035	
0.306	0.878545283938	
0.307	0.877837750858	
0.308	0.877128417087	
0.309	0.876417283911	
0.31	0.87570435261	
0.311	0.87498962446	
0.312	0.874273100733	
0.313	0.873554782693	
0.314	0.872834671602	
0.315	0.872112768716	
0.316	0.871389075285	
0.317	0.870663592557	
0.318	0.869936321772	
0.319	0.869207264167	
0.32	0.868476420974	
0.321	0.86774379342	
0.322	0.867009382729	
0.323	0.866273190117	
0.324	0.865535216799	
0.325	0.864795463982	
0.326	0.864053932872	
0.327	0.863310624667	
0.328	0.862565540564	
0.329	0.861818681753	
0.33	0.86107004942	
0.331	0.860319644747	
0.332	0.859567468912	
0.333	0.858813523088	
0.334	0.858057808445	
0.335	0.857300326146	
0.336	0.856541077353	
0.337	0.855780063221	
0.338	0.855017284902	
0.339	0.854252743546	
0.34	0.853486440294	
0.341	0.852718376288	
0.342	0.851948552661	
0.343	0.851176970547	
0.344	0.850403631073	
0.345	0.849628535361	
0.346	0.848851684532	
0.347	0.848073079701	
0.348	0.847292721979	
0.349	0.846510612475	
0.35	0.845726752292	
0.351	0.844941142531	
0.352	0.844153784286	
0.353	0.843364678652	
0.354	0.842573826716	
0.355	0.841781229563	
0.356	0.840986888275	
0.357	0.840190803928	
0.358	0.839392977597	
0.359	0.838593410351	
0.36	0.837792103258	
0.361	0.836989057379	
0.362	0.836184273774	
0.363	0.835377753498	
0.364	0.834569497605	
0.365	0.833759507141	
0.366	0.832947783153	
0.367	0.832134326681	
0.368	0.831319138765	
0.369	0.830502220438	
0.37	0.829683572731	
0.371	0.828863196674	
0.372	0.828041093289	
0.373	0.827217263599	
0.374	0.82639170862	
0.375	0.825564429368	
0.376	0.824735426853	
0.377	0.823904702083	
0.378	0.823072256063	
0.379	0.822238089794	
0.38	0.821402204275	
0.381	0.820564600499	
0.382	0.819725279459	
0.383	0.818884242144	
0.384	0.818041489538	
0.385	0.817197022624	
0.386	0.816350842381	
0.387	0.815502949785	
0.388	0.81465334581	
0.389	0.813802031424	
0.39	0.812949007595	
0.391	0.812094275286	
0.392	0.811237835459	
0.393	0.810379689071	
0.394	0.809519837078	
0.395	0.80865828043	
0.396	0.807795020077	
0.397	0.806930056965	
0.398	0.806063392037	
0.399	0.805195026233	
0.4	0.804324960491	
0.401	0.803453195744	
0.402	0.802579732926	
0.403	0.801704572964	
0.404	0.800827716784	
0.405	0.79994916531	
0.406	0.799068919462	
0.407	0.798186980158	
0.408	0.797303348313	
0.409	0.796418024838	
0.41	0.795531010643	
0.411	0.794642306635	
0.412	0.793751913718	
0.413	0.792859832794	
0.414	0.79196606476	
0.415	0.791070610513	
0.416	0.790173470947	
0.417	0.789274646951	
0.418	0.788374139415	
0.419	0.787471949224	
0.42	0.786568077261	
0.421	0.785662524406	
0.422	0.784755291538	
0.423	0.78384637953	
0.424	0.782935789257	
0.425	0.782023521589	
0.426	0.781109577393	
0.427	0.780193957535	
0.428	0.779276662877	
0.429	0.778357694281	
0.43	0.777437052603	
0.431	0.776514738699	
0.432	0.775590753423	
0.433	0.774665097625	
0.434	0.773737772153	
0.435	0.772808777853	
0.436	0.771878115569	
0.437	0.770945786142	
0.438	0.77001179041	
0.439	0.76907612921	
0.44	0.768138803377	
0.441	0.767199813741	
0.442	0.766259161133	
0.443	0.76531684638	
0.444	0.764372870306	
0.445	0.763427233735	
0.446	0.762479937486	
0.447	0.761530982378	
0.448	0.760580369227	
0.449	0.759628098846	
0.45	0.758674172047	
0.451	0.75771858964	
0.452	0.756761352431	
0.453	0.755802461225	
0.454	0.754841916825	
0.455	0.753879720032	
0.456	0.752915871644	
0.457	0.751950372457	
0.458	0.750983223266	
0.459	0.750014424863	
0.46	0.749043978037	
0.461	0.748071883577	
0.462	0.747098142268	
0.463	0.746122754893	
0.464	0.745145722236	
0.465	0.744167045074	
0.466	0.743186724187	
0.467	0.742204760348	
0.468	0.741221154332	
0.469	0.74023590691	
0.47	0.739249018852	
0.471	0.738260490925	
0.472	0.737270323894	
0.473	0.736278518523	
0.474	0.735285075573	
0.475	0.734289995805	
0.476	0.733293279975	
0.477	0.732294928839	
0.478	0.731294943151	
0.479	0.730293323662	
0.48	0.729290071124	
0.481	0.728285186283	
0.482	0.727278669885	
0.483	0.726270522675	
0.484	0.725260745396	
0.485	0.724249338786	
0.486	0.723236303586	
0.487	0.722221640532	
0.488	0.721205350358	
0.489	0.720187433798	
0.49	0.719167891583	
0.491	0.718146724443	
0.492	0.717123933103	
0.493	0.716099518292	
0.494	0.715073480732	
0.495	0.714045821146	
0.496	0.713016540253	
0.497	0.711985638774	
0.498	0.710953117424	
0.499	0.709918976918	
0.5	0.708883217971	
0.501	0.707845841293	
0.502	0.706806847595	
0.503	0.705766237584	
0.504	0.704724011967	
0.505	0.703680171449	
0.506	0.702634716732	
0.507	0.701587648519	
0.508	0.700538967508	
0.509	0.699488674398	
0.51	0.698436769885	
0.511	0.697383254663	
0.512	0.696328129426	
0.513	0.695271394865	
0.514	0.694213051668	
0.515	0.693153100526	
0.516	0.692091542123	
0.517	0.691028377144	
0.518	0.689963606273	
0.519	0.688897230192	
0.52	0.687829249579	
0.521	0.686759665114	
0.522	0.685688477473	
0.523	0.684615687331	
0.524	0.683541295363	
0.525	0.682465302239	
0.526	0.681387708631	
0.527	0.680308515207	
0.528	0.679227722635	
0.529	0.67814533158	
0.53	0.677061342706	
0.531	0.675975756678	
0.532	0.674888574155	
0.533	0.673799795797	
0.534	0.672709422263	
0.535	0.671617454209	
0.536	0.670523892291	
0.537	0.669428737161	
0.538	0.668331989473	
0.539	0.667233649877	
0.54	0.666133719023	
0.541	0.665032197557	
0.542	0.663929086127	
0.543	0.662824385377	
0.544	0.661718095951	
0.545	0.660610218491	
0.546	0.659500753636	
0.547	0.658389702027	
0.548	0.657277064302	
0.549	0.656162841095	
0.55	0.655047033042	
0.551	0.653929640777	
0.552	0.652810664932	
0.553	0.651690106137	
0.554	0.650567965021	
0.555	0.649444242213	
0.556	0.648318938339	
0.557	0.647192054023	
0.558	0.64606358989	
0.559	0.644933546562	
0.56	0.64380192466	
0.561	0.642668724804	
0.562	0.641533947612	
0.563	0.6403975937	
0.564	0.639259663686	
0.565	0.638120158182	
0.566	0.636979077802	
0.567	0.635836423157	
0.568	0.634692194858	
0.569	0.633546393514	
0.57	0.632399019733	
0.571	0.631250074121	
0.572	0.630099557282	
0.573	0.628947469822	
0.574	0.627793812342	
0.575	0.626638585443	
0.576	0.625481789727	
0.577	0.624323425791	
0.578	0.623163494232	
0.579	0.622001995648	
0.58	0.620838930632	
0.581	0.619674299779	
0.582	0.618508103681	
0.583	0.617340342929	
0.584	0.616171018114	
0.585	0.615000129823	
0.586	0.613827678645	
0.587	0.612653665165	
0.588	0.611478089969	
0.589	0.61030095364	
0.59	0.609122256761	
0.591	0.607941999914	
0.592	0.606760183679	
0.593	0.605576808634	
0.594	0.604391875358	
0.595	0.603205384427	
0.596	0.602017336417	
0.597	0.600827731902	
0.598	0.599636571454	
0.599	0.598443855647	
0.6	0.59724958505	
0.601	0.596053760234	
0.602	0.594856381766	
0.603	0.593657450214	
0.604	0.592456966145	
0.605	0.591254930123	
0.606	0.590051342712	
0.607	0.588846204475	
0.608	0.587639515973	
0.609	0.586431277767	
0.61	0.585221490416	
0.611	0.584010154478	
0.612	0.582797270512	
0.613	0.581582839071	
0.614	0.580366860713	
0.615	0.579149335989	
0.616	0.577930265453	
0.617	0.576709649657	
0.618	0.575487489151	
0.619	0.574263784484	
0.62	0.573038536206	
0.621	0.571811744862	
0.622	0.570583410999	
0.623	0.569353535163	
0.624	0.568122117897	
0.625	0.566889159745	
0.626	0.565654661247	
0.627	0.564418622946	
0.628	0.563181045381	
0.629	0.561941929091	
0.63	0.560701274613	
0.631	0.559459082484	
0.632	0.55821535324	
0.633	0.556970087415	
0.634	0.555723285543	
0.635	0.554474948156	
0.636	0.553225075786	
0.637	0.551973668964	
0.638	0.550720728219	
0.639	0.549466254079	
0.64	0.548210247072	
0.641	0.546952707724	
0.642	0.545693636561	
0.643	0.544433034107	
0.644	0.543170900886	
0.645	0.54190723742	
0.646	0.540642044231	
0.647	0.539375321839	
0.648	0.538107070763	
0.649	0.536837291523	
0.65	0.535565984635	
0.651	0.534293150616	
0.652	0.533018789983	
0.653	0.531742903249	
0.654	0.530465490928	
0.655	0.529186553533	
0.656	0.527906091576	
0.657	0.526624105567	
0.658	0.525340596017	
0.659	0.524055563434	
0.66	0.522769008327	
0.661	0.521480931202	
0.662	0.520191332566	
0.663	0.518900212923	
0.664	0.517607572778	
0.665	0.516313412634	
0.666	0.515017732995	
0.667	0.51372053436	
0.668	0.512421817231	
0.669	0.511121582107	
0.67	0.509819829487	
0.671	0.50851655987	
0.672	0.507211773751	
0.673	0.505905471627	
0.674	0.504597653992	
0.675	0.503288321342	
0.676	0.50197747417	
0.677	0.500665112967	
0.678	0.499351238226	
0.679	0.498035850437	
0.68	0.49671895009	
0.681	0.495400537674	
0.682	0.494080613677	
0.683	0.492759178586	
0.684	0.491436232887	
0.685	0.490111777066	
0.686	0.488785811607	
0.687	0.487458336994	
0.688	0.48612935371	
0.689	0.484798862236	
0.69	0.483466863055	
0.691	0.482133356645	
0.692	0.480798343487	
0.693	0.47946182406	
0.694	0.47812379884	
0.695	0.476784268305	
0.696	0.475443232931	
0.697	0.474100693192	
0.698	0.472756649565	
0.699	0.471411102521	
0.7	0.470064052534	
0.701	0.468715500076	
0.702	0.467365445617	
0.703	0.466013889628	
0.704	0.464660832579	
0.705	0.463306274938	
0.706	0.461950217173	
0.707	0.460592659751	
0.708	0.459233603138	
0.709	0.457873047799	
0.71	0.4565109942	
0.711	0.455147442803	
0.712	0.453782394073	
0.713	0.45241584847	
0.714	0.451047806458	
0.715	0.449678268495	
0.716	0.448307235043	
0.717	0.44693470656	
0.718	0.445560683504	
0.719	0.444185166334	
0.72	0.442808155505	
0.721	0.441429651473	
0.722	0.440049654695	
0.723	0.438668165624	
0.724	0.437285184713	
0.725	0.435900712417	
0.726	0.434514749186	
0.727	0.433127295473	
0.728	0.431738351728	
0.729	0.4303479184	
0.73	0.42895599594	
0.731	0.427562584794	
0.732	0.426167685411	
0.733	0.424771298238	
0.734	0.423373423721	
0.735	0.421974062304	
0.736	0.420573214434	
0.737	0.419170880553	
0.738	0.417767061105	
0.739	0.416361756532	
0.74	0.414954967276	
0.741	0.413546693778	
0.742	0.412136936478	
0.743	0.410725695816	
0.744	0.40931297223	
0.745	0.407898766158	
0.746	0.406483078038	
0.747	0.405065908307	
0.748	0.4036472574	
0.749	0.402227125753	
0.75	0.4008055138	
0.751	0.399382421975	
0.752	0.39795785071	
0.753	0.396531800439	
0.754	0.395104271594	
0.755	0.393675264604	
0.756	0.392244779901	
0.757	0.390812817913	
0.758	0.389379379071	
0.759	0.387944463801	
0.76	0.386508072532	
0.761	0.385070205691	
0.762	0.383630863703	
0.763	0.382190046994	
0.764	0.38074775599	
0.765	0.379303991113	
0.766	0.377858752787	
0.767	0.376412041436	
0.768	0.374963857481	
0.769	0.373514201344	
0.77	0.372063073445	
0.771	0.370610474205	
0.772	0.369156404043	
0.773	0.367700863377	
0.774	0.366243852626	
0.775	0.364785372208	
0.776	0.363325422538	
0.777	0.361864004034	
0.778	0.36040111711	
0.779	0.358936762182	
0.78	0.357470939664	
0.781	0.356003649968	
0.782	0.354534893509	
0.783	0.353064670698	
0.784	0.351592981946	
0.785	0.350119827666	
0.786	0.348645208266	
0.787	0.347169124158	
0.788	0.345691575749	
0.789	0.344212563448	
0.79	0.342732087664	
0.791	0.341250148802	
0.792	0.33976674727	
0.793	0.338281883474	
0.794	0.336795557818	
0.795	0.335307770708	
0.796	0.333818522547	
0.797	0.332327813739	
0.798	0.330835644687	
0.799	0.329342015793	
0.8	0.327846927458	
0.801	0.326350380083	
0.802	0.324852374069	
0.803	0.323352909815	
0.804	0.32185198772	
0.805	0.320349608184	
0.806	0.318845771603	
0.807	0.317340478376	
0.808	0.315833728898	
0.809	0.314325523567	
0.81	0.312815862777	
0.811	0.311304746923	
0.812	0.3097921764	
0.813	0.308278151601	
0.814	0.30676267292	
0.815	0.305245740749	
0.816	0.30372735548	
0.817	0.302207517504	
0.818	0.300686227213	
0.819	0.299163484996	
0.82	0.297639291243	
0.821	0.296113646343	
0.822	0.294586550684	
0.823	0.293058004655	
0.824	0.291528008642	
0.825	0.289996563033	
0.826	0.288463668213	
0.827	0.286929324569	
0.828	0.285393532485	
0.829	0.283856292345	
0.83	0.282317604534	
0.831	0.280777469435	
0.832	0.27923588743	
0.833	0.277692858902	
0.834	0.276148384233	
0.835	0.274602463803	
0.836	0.273055097994	
0.837	0.271506287184	
0.838	0.269956031754	
0.839	0.268404332082	
0.84	0.266851188546	
0.841	0.265296601525	
0.842	0.263740571396	
0.843	0.262183098535	
0.844	0.260624183318	
0.845	0.259063826122	
0.846	0.25750202732	
0.847	0.255938787288	
0.848	0.254374106399	
0.849	0.252807985027	
0.85	0.251240423545	
0.851	0.249671422325	
0.852	0.248100981739	
0.853	0.246529102159	
0.854	0.244955783954	
0.855	0.243381027495	
0.856	0.241804833152	
0.857	0.240227201294	
0.858	0.23864813229	
0.859	0.237067626508	
0.86	0.235485684315	
0.861	0.233902306078	
0.862	0.232317492165	
0.863	0.23073124294	
0.864	0.22914355877	
0.865	0.227554440019	
0.866	0.225963887053	
0.867	0.224371900234	
0.868	0.222778479927	
0.869	0.221183626494	
0.87	0.219587340298	
0.871	0.217989621701	
0.872	0.216390471064	
0.873	0.214789888748	
0.874	0.213187875114	
0.875	0.21158443052	
0.876	0.209979555328	
0.877	0.208373249895	
0.878	0.206765514581	
0.879	0.205156349742	
0.88	0.203545755737	
0.881	0.201933732922	
0.882	0.200320281654	
0.883	0.198705402289	
0.884	0.197089095182	
0.885	0.195471360687	
0.886	0.193852199161	
0.887	0.192231610955	
0.888	0.190609596425	
0.889	0.188986155923	
0.89	0.187361289801	
0.891	0.185734998411	
0.892	0.184107282106	
0.893	0.182478141236	
0.894	0.180847576151	
0.895	0.179215587202	
0.896	0.177582174739	
0.897	0.17594733911	
0.898	0.174311080664	
0.899	0.17267339975	
0.9	0.171034296715	
0.901	0.169393771906	
0.902	0.167751825671	
0.903	0.166108458355	
0.904	0.164463670304	
0.905	0.162817461864	
0.906	0.16116983338	
0.907	0.159520785196	
0.908	0.157870317657	
0.909	0.156218431104	
0.91	0.154565125883	
0.911	0.152910402335	
0.912	0.151254260802	
0.913	0.149596701627	
0.914	0.14793772515	
0.915	0.146277331712	
0.916	0.144615521654	
0.917	0.142952295315	
0.918	0.141287653035	
0.919	0.139621595152	
0.92	0.137954122006	
0.921	0.136285233934	
0.922	0.134614931275	
0.923	0.132943214364	
0.924	0.131270083539	
0.925	0.129595539137	
0.926	0.127919581492	
0.927	0.126242210941	
0.928	0.124563427818	
0.929	0.122883232458	
0.93	0.121201625195	
0.931	0.119518606363	
0.932	0.117834176294	
0.933	0.116148335322	
0.934	0.114461083778	
0.935	0.112772421996	
0.936	0.111082350306	
0.937	0.109390869039	
0.938	0.107697978525	
0.939	0.106003679096	
0.94	0.104307971081	
0.941	0.102610854809	
0.942	0.100912330608	
0.943	0.0992123988083	
0.944	0.0975110597368	
0.945	0.0958083137214	
0.946	0.0941041610892	
0.947	0.092398602167	
0.948	0.0906916372812	
0.949	0.0889832667577	
0.95	0.0872734909219	
0.951	0.085562310099	
0.952	0.0838497246137	
0.953	0.0821357347901	
0.954	0.0804203409521	
0.955	0.0787035434232	
0.956	0.0769853425264	
0.957	0.0752657385842	
0.958	0.0735447319189	
0.959	0.0718223228522	
0.96	0.0700985117054	
0.961	0.0683732987997	
0.962	0.0666466844554	
0.963	0.0649186689927	
0.964	0.0631892527315	
0.965	0.0614584359909	
0.966	0.05972621909	
0.967	0.0579926023473	
0.968	0.0562575860809	
0.969	0.0545211706084	
0.97	0.0527833562474	
0.971	0.0510441433146	
0.972	0.0493035321266	
0.973	0.0475615229995	
0.974	0.0458181162491	
0.975	0.0440733121907	
0.976	0.0423271111392	
0.977	0.0405795134092	
0.978	0.0388305193149	
0.979	0.03708012917	
0.98	0.0353283432879	
0.981	0.0335751619815	
0.982	0.0318205855635	
0.983	0.0300646143461	
0.984	0.028307248641	
0.985	0.0265484887598	
0.986	0.0247883350134	
0.987	0.0230267877126	
0.988	0.0212638471676	
0.989	0.0194995136882	
0.99	0.0177337875841	
0.991	0.0159666691643	
0.992	0.0141981587376	
0.993	0.0124282566124	
0.994	0.0106569630966	
0.995	0.0088842784978	
0.996	0.00711020312335	
0.997	0.00533473728004	
0.998	0.00355788127437	
0.999	0.00177963541245	
1.0	0.0	
