0.0	1.0	
0.001	0.999988131981	
0.002	0.999962963364	
0.003	0.999927930555	
0.004	0.999884419431	
0.005	0.999833275719	
0.006	0.999775092221	
0.007	0.99971031723	
0.008	0.999639306655	
0.009	0.999562352832	
0.01	0.999479702004	
0.011	0.999391565652	
0.012	0.999298128228	
0.013	0.999199552649	
0.014	0.999095984318	
0.015	0.998987554162	
0.016	0.998874380962	
0.017	0.998756573189	
0.018	0.998634230461	
0.019	0.998507444733	
0.02	0.998376301262	
0.021	0.998240879415	
0.022	0.998101253338	
0.023	0.997957492526	
0.024	0.997809662311	
0.025	0.997657824271	
0.026	0.997502036594	
0.027	0.997342354388	
0.028	0.997178829952	
0.029	0.997011513021	
0.03	0.996840450968	
0.031	0.996665689001	
0.032	0.996487270323	
0.033	0.996305236286	
0.034	0.996119626521	
0.035	0.995930479059	
0.036	0.995737830445	
0.037	0.995541715829	
0.038	0.995342169059	
0.039	0.995139222764	
0.04	0.994932908426	
0.041	0.994723256449	
0.042	0.994510296223	
0.043	0.994294056177	
0.044	0.99407456384	
0.045	0.993851845879	
0.046	0.993625928154	
0.047	0.993396835755	
0.048	0.993164593041	
0.049	0.992929223679	
0.05	0.992690750674	
0.051	0.992449196401	
0.052	0.992204582638	
0.053	0.991956930588	
0.054	0.99170626091	
0.055	0.991452593736	
0.056	0.991195948702	
0.057	0.990936344963	
0.058	0.990673801215	
0.059	0.990408335715	
0.06	0.990139966295	
0.061	0.989868710384	
0.062	0.989594585018	
0.063	0.98931760686	
0.064	0.989037792211	
0.065	0.988755157024	
0.066	0.988469716917	
0.067	0.988181487187	
0.068	0.987890482816	
0.069	0.987596718489	
0.07	0.987300208596	
0.071	0.987000967251	
0.072	0.986699008295	
0.073	0.986394345306	
0.074	0.986086991609	
0.075	0.985776960283	
0.076	0.98546426417	
0.077	0.98514891588	
0.078	0.984830927801	
0.079	0.984510312104	
0.08	0.98418708075	
0.081	0.983861245496	
0.082	0.9835328179	
0.083	0.983201809329	
0.084	0.982868230964	
0.085	0.982532093802	
0.086	0.982193408667	
0.087	0.981852186209	
0.088	0.981508436911	
0.089	0.981162171094	
0.09	0.980813398923	
0.091	0.980462130406	
0.092	0.980108375402	
0.093	0.979752143626	
0.094	0.979393444647	
0.095	0.979032287898	
0.096	0.978668682677	
0.097	0.978302638147	
0.098	0.977934163345	
0.099	0.977563267182	
0.1	0.977189958445	
0.101	0.976814245803	
0.102	0.976436137807	
0.103	0.976055642893	
0.104	0.975672769388	
0.105	0.975287525507	
0.106	0.97489991936	
0.107	0.974509958953	
0.108	0.974117652189	
0.109	0.973723006872	
0.11	0.973326030709	
0.111	0.97292673131	
0.112	0.972525116192	
0.113	0.972121192783	
0.114	0.971714968418	
0.115	0.971306450346	
0.116	0.970895645731	
0.117	0.970482561652	
0.118	0.970067205105	
0.119	0.969649583005	
0.12	0.96922970219	
0.121	0.968807569419	
0.122	0.968383191374	
0.123	0.967956574665	
0.124	0.967527725825	
0.125	0.96709665132	
0.126	0.966663357542	
0.127	0.966227850814	
0.128	0.965790137394	
0.129	0.965350223471	
0.13	0.964908115168	
0.131	0.964463818547	
0.132	0.964017339605	
0.133	0.963568684276	
0.134	0.963117858436	
0.135	0.962664867899	
0.136	0.962209718421	
0.137	0.961752415702	
0.138	0.961292965383	
0.139	0.960831373051	
0.14	0.960367644237	
0.141	0.959901784419	
0.142	0.959433799022	
0.143	0.958963693418	
0.144	0.958491472931	
0.145	0.958017142831	
0.146	0.957540708341	
0.147	0.957062174633	
0.148	0.956581546833	
0.149	0.95609883002	
0.15	0.955614029225	
0.151	0.955127149434	
0.152	0.95463819559	
0.153	0.954147172589	
0.154	0.953654085284	
0.155	0.953158938486	
0.156	0.952661736964	
0.157	0.952162485444	
0.158	0.951661188612	
0.159	0.951157851113	
0.16	0.950652477554	
0.161	0.9501450725	
0.162	0.94963564048	
0.163	0.949124185983	
0.164	0.948610713463	
0.165	0.948095227333	
0.166	0.947577731974	
0.167	0.947058231728	
0.168	0.946536730903	
0.169	0.946013233773	
0.17	0.945487744575	
0.171	0.944960267513	
0.172	0.94443080676	
0.173	0.943899366453	
0.174	0.943365950698	
0.175	0.942830563567	
0.176	0.942293209104	
0.177	0.941753891317	
0.178	0.941212614188	
0.179	0.940669381665	
0.18	0.940124197667	
0.181	0.939577066084	
0.182	0.939027990777	
0.183	0.938476975576	
0.184	0.937924024286	
0.185	0.93736914068	
0.186	0.936812328506	
0.187	0.936253591484	
0.188	0.935692933306	
0.189	0.935130357639	
0.19	0.934565868121	
0.191	0.933999468367	
0.192	0.933431161964	
0.193	0.932860952474	
0.194	0.932288843435	
0.195	0.931714838359	
0.196	0.931138940735	
0.197	0.930561154025	
0.198	0.929981481669	
0.199	0.929399927085	
0.2	0.928816493664	
0.201	0.928231184776	
0.202	0.927644003768	
0.203	0.927054953965	
0.204	0.926464038669	
0.205	0.925871261159	
0.206	0.925276624695	
0.207	0.924680132512	
0.208	0.924081787827	
0.209	0.923481593834	
0.21	0.922879553707	
0.211	0.922275670599	
0.212	0.921669947642	
0.213	0.92106238795	
0.214	0.920452994615	
0.215	0.919841770711	
0.216	0.919228719291	
0.217	0.91861384339	
0.218	0.917997146023	
0.219	0.917378630188	
0.22	0.916758298861	
0.221	0.916136155003	
0.222	0.915512201556	
0.223	0.914886441442	
0.224	0.914258877568	
0.225	0.913629512821	
0.226	0.912998350071	
0.227	0.912365392173	
0.228	0.911730641962	
0.229	0.911094102257	
0.23	0.910455775862	
0.231	0.909815665561	
0.232	0.909173774124	
0.233	0.908530104305	
0.234	0.90788465884	
0.235	0.907237440452	
0.236	0.906588451845	
0.237	0.90593769571	
0.238	0.90528517472	
0.239	0.904630891536	
0.24	0.903974848802	
0.241	0.903317049146	
0.242	0.902657495182	
0.243	0.901996189511	
0.244	0.901333134718	
0.245	0.900668333372	
0.246	0.900001788031	
0.247	0.899333501236	
0.248	0.898663475517	
0.249	0.897991713386	
0.25	0.897318217346	
0.251	0.896642989882	
0.252	0.895966033469	
0.253	0.895287350567	
0.254	0.894606943622	
0.255	0.893924815069	
0.256	0.893240967328	
0.257	0.892555402808	
0.258	0.891868123904	
0.259	0.891179132998	
0.26	0.890488432461	
0.261	0.889796024651	
0.262	0.889101911912	
0.263	0.888406096579	
0.264	0.887708580972	
0.265	0.887009367402	
0.266	0.886308458165	
0.267	0.885605855546	
0.268	0.884901561821	
0.269	0.884195579252	
0.27	0.883487910089	
0.271	0.882778556573	
0.272	0.882067520931	
0.273	0.881354805383	
0.274	0.880640412132	
0.275	0.879924343376	
0.276	0.879206601299	
0.277	0.878487188074	
0.278	0.877766105865	
0.279	0.877043356823	
0.28	0.876318943092	
0.281	0.875592866802	
0.282	0.874865130076	
0.283	0.874135735023	
0.284	0.873404683746	
0.285	0.872671978334	
0.286	0.871937620869	
0.287	0.871201613422	
0.288	0.870463958054	
0.289	0.869724656817	
0.29	0.868983711751	
0.291	0.868241124891	
0.292	0.867496898257	
0.293	0.866751033865	
0.294	0.866003533717	
0.295	0.865254399808	
0.296	0.864503634124	
0.297	0.863751238642	
0.298	0.862997215328	
0.299	0.862241566142	
0.3	0.861484293032	
0.301	0.860725397939	
0.302	0.859964882795	
0.303	0.859202749523	
0.304	0.858439000038	
0.305	0.857673636246	
0.306	0.856906660045	
0.307	0.856138073322	
0.308	0.85536787796	
0.309	0.85459607583	
0.31	0.853822668797	
0.311	0.853047658716	
0.312	0.852271047436	
0.313	0.851492836797	
0.314	0.850713028629	
0.315	0.849931624757	
0.316	0.849148626998	
0.317	0.848364037158	
0.318	0.84757785704	
0.319	0.846790088435	
0.32	0.846000733128	
0.321	0.845209792898	
0.322	0.844417269513	
0.323	0.843623164738	
0.324	0.842827480326	
0.325	0.842030218025	
0.326	0.841231379577	
0.327	0.840430966714	
0.328	0.839628981162	
0.329	0.83882542464	
0.33	0.838020298859	
0.331	0.837213605525	
0.332	0.836405346335	
0.333	0.83559552298	
0.334	0.834784137143	
0.335	0.833971190502	
0.336	0.833156684727	
0.337	0.83234062148	
0.338	0.831523002419	
0.339	0.830703829194	
0.34	0.829883103449	
0.341	0.829060826819	
0.342	0.828237000936	
0.343	0.827411627422	
0.344	0.826584707897	
0.345	0.82575624397	
0.346	0.824926237246	
0.347	0.824094689324	
0.348	0.823261601795	
0.349	0.822426976246	
0.35	0.821590814256	
0.351	0.820753117399	
0.352	0.819913887243	
0.353	0.819073125348	
0.354	0.81823083327	
0.355	0.817387012558	
0.356	0.816541664757	
0.357	0.815694791403	
0.358	0.814846394028	
0.359	0.813996474159	
0.36	0.813145033315	
0.361	0.812292073012	
0.362	0.811437594756	
0.363	0.810581600052	
0.364	0.809724090398	
0.365	0.808865067284	
0.366	0.808004532197	
0.367	0.807142486618	
0.368	0.806278932022	
0.369	0.805413869879	
0.37	0.804547301653	
0.371	0.803679228804	
0.372	0.802809652784	
0.373	0.801938575043	
0.374	0.801065997024	
0.375	0.800191920163	
0.376	0.799316345895	
0.377	0.798439275646	
0.378	0.797560710839	
0.379	0.79668065289	
0.38	0.795799103213	
0.381	0.794916063213	
0.382	0.794031534294	
0.383	0.793145517851	
0.384	0.792258015278	
0.385	0.791369027961	
0.386	0.790478557283	
0.387	0.78958660462	
0.388	0.788693171346	
0.389	0.787798258829	
0.39	0.78690186843	
0.391	0.78600400151	
0.392	0.78510465942	
0.393	0.784203843509	
0.394	0.783301555123	
0.395	0.7823977956	
0.396	0.781492566276	
0.397	0.78058586848	
0.398	0.779677703538	
0.399	0.778768072772	
0.4	0.777856977498	
0.401	0.776944419029	
0.402	0.776030398672	
0.403	0.775114917731	
0.404	0.774197977504	
0.405	0.773279579287	
0.406	0.77235972437	
0.407	0.771438414038	
0.408	0.770515649573	
0.409	0.769591432253	
0.41	0.768665763351	
0.411	0.767738644135	
0.412	0.766810075871	
0.413	0.765880059818	
0.414	0.764948597234	
0.415	0.764015689371	
0.416	0.763081337476	
0.417	0.762145542794	
0.418	0.761208306566	
0.419	0.760269630026	
0.42	0.759329514407	
0.421	0.758387960937	
0.422	0.75744497084	
0.423	0.756500545336	
0.424	0.755554685642	
0.425	0.754607392969	
0.426	0.753658668526	
0.427	0.752708513518	
0.428	0.751756929145	
0.429	0.750803916605	
0.43	0.749849477089	
0.431	0.748893611789	
0.432	0.747936321889	
0.433	0.74697760857	
0.434	0.746017473012	
0.435	0.745055916389	
0.436	0.744092939872	
0.437	0.743128544627	
0.438	0.742162731818	
0.439	0.741195502606	
0.44	0.740226858146	
0.441	0.739256799591	
0.442	0.738285328091	
0.443	0.737312444791	
0.444	0.736338150832	
0.445	0.735362447355	
0.446	0.734385335494	
0.447	0.73340681638	
0.448	0.732426891143	
0.449	0.731445560906	
0.45	0.730462826792	
0.451	0.729478689918	
0.452	0.728493151399	
0.453	0.727506212346	
0.454	0.726517873868	
0.455	0.725528137069	
0.456	0.72453700305	
0.457	0.72354447291	
0.458	0.722550547743	
0.459	0.721555228641	
0.46	0.720558516692	
0.461	0.719560412982	
0.462	0.718560918592	
0.463	0.717560034602	
0.464	0.716557762086	
0.465	0.715554102117	
0.466	0.714549055765	
0.467	0.713542624095	
0.468	0.712534808171	
0.469	0.711525609053	
0.47	0.710515027798	
0.471	0.709503065459	
0.472	0.708489723087	
0.473	0.707475001731	
0.474	0.706458902434	
0.475	0.70544142624	
0.476	0.704422574186	
0.477	0.703402347308	
0.478	0.702380746639	
0.479	0.70135777321	
0.48	0.700333428048	
0.481	0.699307712175	
0.482	0.698280626615	
0.483	0.697252172384	
0.484	0.696222350499	
0.485	0.695191161972	
0.486	0.694158607813	
0.487	0.693124689029	
0.488	0.692089406624	
0.489	0.6910527616	
0.49	0.690014754955	
0.491	0.688975387684	
0.492	0.687934660782	
0.493	0.686892575238	
0.494	0.68584913204	
0.495	0.684804332173	
0.496	0.683758176618	
0.497	0.682710666356	
0.498	0.681661802363	
0.499	0.680611585614	
0.5	0.679560017079	
0.501	0.678507097728	
0.502	0.677452828527	
0.503	0.67639721044	
0.504	0.675340244427	
0.505	0.674281931446	
0.506	0.673222272455	
0.507	0.672161268405	
0.508	0.671098920249	
0.509	0.670035228933	
0.51	0.668970195403	
0.511	0.667903820603	
0.512	0.666836105473	
0.513	0.665767050952	
0.514	0.664696657974	
0.515	0.663624927474	
0.516	0.662551860381	
0.517	0.661477457624	
0.518	0.660401720128	
0.519	0.659324648818	
0.52	0.658246244614	
0.521	0.657166508435	
0.522	0.656085441196	
0.523	0.655003043812	
0.524	0.653919317193	
0.525	0.65283426225	
0.526	0.651747879888	
0.527	0.650660171011	
0.528	0.649571136523	
0.529	0.648480777322	
0.53	0.647389094306	
0.531	0.64629608837	
0.532	0.645201760407	
0.533	0.644106111307	
0.534	0.643009141958	
0.535	0.641910853247	
0.536	0.640811246057	
0.537	0.639710321269	
0.538	0.638608079763	
0.539	0.637504522416	
0.54	0.636399650102	
0.541	0.635293463695	
0.542	0.634185964064	
0.543	0.633077152078	
0.544	0.631967028603	
0.545	0.630855594503	
0.546	0.629742850639	
0.547	0.628628797871	
0.548	0.627513437057	
0.549	0.626396769052	
0.55	0.625278794709	
0.551	0.624159514879	
0.552	0.623038930411	
0.553	0.621917042152	
0.554	0.620793850947	
0.555	0.619669357639	
0.556	0.618543563069	
0.557	0.617416468074	
0.558	0.616288073492	
0.559	0.615158380157	
0.56	0.614027388902	
0.561	0.612895100558	
0.562	0.611761515952	
0.563	0.610626635911	
0.564	0.60949046126	
0.565	0.608352992821	
0.566	0.607214231415	
0.567	0.60607417786	
0.568	0.604932832974	
0.569	0.60379019757	
0.57	0.602646272461	
0.571	0.601501058458	
0.572	0.600354556371	
0.573	0.599206767005	
0.574	0.598057691166	
0.575	0.596907329657	
0.576	0.595755683279	
0.577	0.594602752831	
0.578	0.593448539112	
0.579	0.592293042915	
0.58	0.591136265036	
0.581	0.589978206266	
0.582	0.588818867395	
0.583	0.587658249211	
0.584	0.5864963525	
0.585	0.585333178047	
0.586	0.584168726634	
0.587	0.583002999043	
0.588	0.581835996052	
0.589	0.580667718438	
0.59	0.579498166978	
0.591	0.578327342444	
0.592	0.577155245608	
0.593	0.575981877241	
0.594	0.57480723811	
0.595	0.573631328983	
0.596	0.572454150625	
0.597	0.571275703797	
0.598	0.570095989262	
0.599	0.56891500778	
0.6	0.567732760107	
0.601	0.566549247001	
0.602	0.565364469215	
0.603	0.564178427503	
0.604	0.562991122616	
0.605	0.561802555302	
0.606	0.56061272631	
0.607	0.559421636385	
0.608	0.558229286273	
0.609	0.557035676715	
0.61	0.555840808452	
0.611	0.554644682225	
0.612	0.55344729877	
0.613	0.552248658824	
0.614	0.551048763121	
0.615	0.549847612395	
0.616	0.548645207375	
0.617	0.547441548792	
0.618	0.546236637375	
0.619	0.545030473848	
0.62	0.543823058937	
0.621	0.542614393366	
0.622	0.541404477856	
0.623	0.540193313126	
0.624	0.538980899896	
0.625	0.537767238882	
0.626	0.536552330799	
0.627	0.535336176362	
0.628	0.534118776283	
0.629	0.532900131272	
0.63	0.531680242038	
0.631	0.53045910929	
0.632	0.529236733733	
0.633	0.528013116072	
0.634	0.52678825701	
0.635	0.525562157248	
0.636	0.524334817487	
0.637	0.523106238426	
0.638	0.521876420761	
0.639	0.520645365187	
0.64	0.5194130724	
0.641	0.518179543092	
0.642	0.516944777953	
0.643	0.515708777674	
0.644	0.514471542943	
0.645	0.513233074447	
0.646	0.511993372871	
0.647	0.510752438899	
0.648	0.509510273214	
0.649	0.508266876496	
0.65	0.507022249425	
0.651	0.50577639268	
0.652	0.504529306937	
0.653	0.503280992872	
0.654	0.502031451158	
0.655	0.500780682468	
0.656	0.499528687474	
0.657	0.498275466845	
0.658	0.49702102125	
0.659	0.495765351355	
0.66	0.494508457827	
0.661	0.493250341329	
0.662	0.491991002525	
0.663	0.490730442075	
0.664	0.489468660641	
0.665	0.488205658881	
0.666	0.486941437453	
0.667	0.485675997012	
0.668	0.484409338215	
0.669	0.483141461713	
0.67	0.481872368159	
0.671	0.480602058205	
0.672	0.479330532499	
0.673	0.47805779169	
0.674	0.476783836425	
0.675	0.475508667349	
0.676	0.474232285107	
0.677	0.472954690341	
0.678	0.471675883694	
0.679	0.470395865806	
0.68	0.469114637316	
0.681	0.467832198862	
0.682	0.46654855108	
0.683	0.465263694606	
0.684	0.463977630073	
0.685	0.462690358116	
0.686	0.461401879364	
0.687	0.460112194449	
0.688	0.458821304	
0.689	0.457529208644	
0.69	0.456235909008	
0.691	0.454941405717	
0.692	0.453645699396	
0.693	0.452348790667	
0.694	0.451050680152	
0.695	0.449751368471	
0.696	0.448450856244	
0.697	0.447149144089	
0.698	0.445846232622	
0.699	0.444542122459	
0.7	0.443236814215	
0.701	0.441930308503	
0.702	0.440622605934	
0.703	0.43931370712	
0.704	0.43800361267	
0.705	0.436692323193	
0.706	0.435379839297	
0.707	0.434066161586	
0.708	0.432751290667	
0.709	0.431435227143	
0.71	0.430117971617	
0.711	0.42879952469	
0.712	0.427479886963	
0.713	0.426159059035	
0.714	0.424837041504	
0.715	0.423513834967	
0.716	0.42218944002	
0.717	0.420863857257	
0.718	0.419537087272	
0.719	0.418209130657	
0.72	0.416879988005	
0.721	0.415549659904	
0.722	0.414218146944	
0.723	0.412885449714	
0.724	0.411551568799	
0.725	0.410216504786	
0.726	0.408880258259	
0.727	0.407542829802	
0.728	0.406204219997	
0.729	0.404864429427	
0.73	0.40352345867	
0.731	0.402181308307	
0.732	0.400837978915	
0.733	0.399493471071	
0.734	0.398147785353	
0.735	0.396800922334	
0.736	0.395452882588	
0.737	0.394103666688	
0.738	0.392753275207	
0.739	0.391401708714	
0.74	0.39004896778	
0.741	0.388695052973	
0.742	0.38733996486	
0.743	0.385983704009	
0.744	0.384626270984	
0.745	0.38326766635	
0.746	0.381907890671	
0.747	0.380546944509	
0.748	0.379184828425	
0.749	0.37782154298	
0.75	0.376457088733	
0.751	0.375091466243	
0.752	0.373724676066	
0.753	0.37235671876	
0.754	0.370987594879	
0.755	0.369617304977	
0.756	0.368245849609	
0.757	0.366873229326	
0.758	0.36549944468	
0.759	0.364124496221	
0.76	0.362748384499	
0.761	0.361371110061	
0.762	0.359992673456	
0.763	0.358613075229	
0.764	0.357232315927	
0.765	0.355850396093	
0.766	0.354467316271	
0.767	0.353083077004	
0.768	0.351697678833	
0.769	0.350311122299	
0.77	0.348923407942	
0.771	0.3475345363	
0.772	0.346144507912	
0.773	0.344753323313	
0.774	0.34336098304	
0.775	0.341967487628	
0.776	0.34057283761	
0.777	0.339177033521	
0.778	0.337780075891	
0.779	0.336381965253	
0.78	0.334982702136	
0.781	0.33358228707	
0.782	0.332180720583	
0.783	0.330778003203	
0.784	0.329374135457	
0.785	0.32796911787	
0.786	0.326562950966	
0.787	0.325155635271	
0.788	0.323747171306	
0.789	0.322337559594	
0.79	0.320926800656	
0.791	0.319514895012	
0.792	0.318101843182	
0.793	0.316687645685	
0.794	0.315272303036	
0.795	0.313855815755	
0.796	0.312438184356	
0.797	0.311019409354	
0.798	0.309599491263	
0.799	0.308178430597	
0.8	0.306756227868	
0.801	0.305332883587	
0.802	0.303908398265	
0.803	0.302482772412	
0.804	0.301056006536	
0.805	0.299628101146	
0.806	0.298199056749	
0.807	0.29676887385	
0.808	0.295337552956	
0.809	0.293905094571	
0.81	0.292471499199	
0.811	0.291036767342	
0.812	0.289600899503	
0.813	0.288163896183	
0.814	0.286725757882	
0.815	0.2852864851	
0.816	0.283846078335	
0.817	0.282404538086	
0.818	0.28096186485	
0.819	0.279518059122	
0.82	0.278073121398	
0.821	0.276627052172	
0.822	0.27517985194	
0.823	0.273731521192	
0.824	0.272282060422	
0.825	0.270831470121	
0.826	0.269379750779	
0.827	0.267926902887	
0.828	0.266472926932	
0.829	0.265017823403	
0.83	0.263561592788	
0.831	0.262104235572	
0.832	0.260645752242	
0.833	0.259186143283	
0.834	0.257725409178	
0.835	0.256263550411	
0.836	0.254800567464	
0.837	0.25333646082	
0.838	0.251871230958	
0.839	0.250404878361	
0.84	0.248937403506	
0.841	0.247468806872	
0.842	0.245999088938	
0.843	0.24452825018	
0.844	0.243056291075	
0.845	0.241583212099	
0.846	0.240109013725	
0.847	0.238633696429	
0.848	0.237157260683	
0.849	0.23567970696	
0.85	0.234201035732	
0.851	0.23272124747	
0.852	0.231240342643	
0.853	0.229758321723	
0.854	0.228275185176	
0.855	0.226790933472	
0.856	0.225305567077	
0.857	0.223819086459	
0.858	0.222331492082	
0.859	0.220842784412	
0.86	0.219352963914	
0.861	0.217862031051	
0.862	0.216369986285	
0.863	0.214876830079	
0.864	0.213382562894	
0.865	0.211887185191	
0.866	0.21039069743	
0.867	0.20889310007	
0.868	0.207394393569	
0.869	0.205894578386	
0.87	0.204393654978	
0.871	0.2028916238	
0.872	0.201388485308	
0.873	0.199884239958	
0.874	0.198378888203	
0.875	0.196872430498	
0.876	0.195364867295	
0.877	0.193856199045	
0.878	0.192346426201	
0.879	0.190835549213	
0.88	0.189323568532	
0.881	0.187810484606	
0.882	0.186296297884	
0.883	0.184781008814	
0.884	0.183264617843	
0.885	0.181747125419	
0.886	0.180228531986	
0.887	0.17870883799	
0.888	0.177188043876	
0.889	0.175666150087	
0.89	0.174143157066	
0.891	0.172619065256	
0.892	0.1710938751	
0.893	0.169567587037	
0.894	0.168040201508	
0.895	0.166511718954	
0.896	0.164982139813	
0.897	0.163451464523	
0.898	0.161919693523	
0.899	0.16038682725	
0.9	0.15885286614	
0.901	0.157317810629	
0.902	0.155781661151	
0.903	0.154244418143	
0.904	0.152706082037	
0.905	0.151166653266	
0.906	0.149626132264	
0.907	0.148084519461	
0.908	0.14654181529	
0.909	0.144998020181	
0.91	0.143453134564	
0.911	0.141907158868	
0.912	0.140360093522	
0.913	0.138811938953	
0.914	0.13726269559	
0.915	0.135712363859	
0.916	0.134160944186	
0.917	0.132608436997	
0.918	0.131054842717	
0.919	0.129500161769	
0.92	0.127944394577	
0.921	0.126387541565	
0.922	0.124829603155	
0.923	0.123270579768	
0.924	0.121710471826	
0.925	0.120149279749	
0.926	0.118587003957	
0.927	0.117023644869	
0.928	0.115459202904	
0.929	0.11389367848	
0.93	0.112327072014	
0.931	0.110759383924	
0.932	0.109190614625	
0.933	0.107620764533	
0.934	0.106049834063	
0.935	0.10447782363	
0.936	0.102904733646	
0.937	0.101330564526	
0.938	0.0997553166823	
0.939	0.0981789905263	
0.94	0.0966015864697	
0.941	0.0950231049232	
0.942	0.0934435462972	
0.943	0.0918629110012	
0.944	0.0902811994442	
0.945	0.0886984120347	
0.946	0.0871145491806	
0.947	0.085529611289	
0.948	0.0839435987668	
0.949	0.0823565120199	
0.95	0.080768351454	
0.951	0.0791791174739	
0.952	0.077588810484	
0.953	0.0759974308881	
0.954	0.0744049790895	
0.955	0.0728114554906	
0.956	0.0712168604937	
0.957	0.0696211945001	
0.958	0.0680244579109	
0.959	0.0664266511263	
0.96	0.0648277745462	
0.961	0.0632278285697	
0.962	0.0616268135956	
0.963	0.0600247300219	
0.964	0.0584215782461	
0.965	0.0568173586652	
0.966	0.0552120716757	
0.967	0.0536057176733	
0.968	0.0519982970534	
0.969	0.0503898102107	
0.97	0.0487802575394	
0.971	0.0471696394332	
0.972	0.045557956285	
0.973	0.0439452084876	
0.974	0.0423313964328	
0.975	0.040716520512	
0.976	0.0391005811163	
0.977	0.0374835786359	
0.978	0.0358655134607	
0.979	0.0342463859798	
0.98	0.0326261965821	
0.981	0.0310049456558	
0.982	0.0293826335884	
0.983	0.0277592607671	
0.984	0.0261348275785	
0.985	0.0245093344086	
0.986	0.022882781643	
0.987	0.0212551696666	
0.988	0.0196264988638	
0.989	0.0179967696187	
0.99	0.0163659823145	
0.991	0.0147341373342	
0.992	0.0131012350601	
0.993	0.011467275874	
0.994	0.0098322601573	
0.995	0.00819618829066	
0.996	0.00655906065439	
0.997	0.00492087762823	
0.998	0.00328163959139	
0.999	0.00164134692258	
1.0	0.0	
