0.0	1.0	
0.001	0.999998711386	
0.002	0.999994975039	
0.003	0.999988860868	
0.004	0.999980405119	
0.005	0.99996963276	
0.006	0.999956562856	
0.007	0.999941210822	
0.008	0.999923589589	
0.009	0.999903710287	
0.01	0.999881582681	
0.011	0.999857215466	
0.012	0.999830616476	
0.013	0.999801792839	
0.014	0.999770751087	
0.015	0.999737497252	
0.016	0.999702036935	
0.017	0.999664375359	
0.018	0.999624517422	
0.019	0.999582467728	
0.02	0.999538230627	
0.021	0.999491810235	
0.022	0.99944321046	
0.023	0.999392435021	
0.024	0.999339487468	
0.025	0.999284371192	
0.026	0.999227089441	
0.027	0.999167645331	
0.028	0.999106041858	
0.029	0.999042281901	
0.03	0.998976368239	
0.031	0.998908303549	
0.032	0.99883809042	
0.033	0.998765731355	
0.034	0.998691228777	
0.035	0.998614585033	
0.036	0.998535802401	
0.037	0.998454883093	
0.038	0.998371829255	
0.039	0.998286642978	
0.04	0.998199326293	
0.041	0.99810988118	
0.042	0.998018309567	
0.043	0.997924613335	
0.044	0.997828794318	
0.045	0.997730854307	
0.046	0.997630795052	
0.047	0.99752861826	
0.048	0.997424325604	
0.049	0.997317918719	
0.05	0.997209399203	
0.051	0.997098768623	
0.052	0.996986028514	
0.053	0.996871180378	
0.054	0.996754225689	
0.055	0.996635165892	
0.056	0.996514002405	
0.057	0.996390736618	
0.058	0.996265369897	
0.059	0.996137903583	
0.06	0.996008338993	
0.061	0.995876677422	
0.062	0.995742920141	
0.063	0.995607068401	
0.064	0.995469123431	
0.065	0.995329086442	
0.066	0.995186958624	
0.067	0.995042741148	
0.068	0.994896435167	
0.069	0.994748041818	
0.07	0.994597562218	
0.071	0.994444997469	
0.072	0.994290348657	
0.073	0.99413361685	
0.074	0.993974803105	
0.075	0.993813908459	
0.076	0.993650933939	
0.077	0.993485880556	
0.078	0.993318749305	
0.079	0.993149541173	
0.08	0.992978257129	
0.081	0.992804898132	
0.082	0.992629465128	
0.083	0.992451959051	
0.084	0.992272380823	
0.085	0.992090731355	
0.086	0.991907011547	
0.087	0.991721222287	
0.088	0.991533364452	
0.089	0.991343438912	
0.09	0.991151446524	
0.091	0.990957388134	
0.092	0.990761264581	
0.093	0.990563076693	
0.094	0.990362825289	
0.095	0.990160511179	
0.096	0.989956135165	
0.097	0.989749698039	
0.098	0.989541200584	
0.099	0.989330643576	
0.1	0.989118027783	
0.101	0.988903353963	
0.102	0.98868662287	
0.103	0.988467835246	
0.104	0.988246991827	
0.105	0.988024093344	
0.106	0.987799140517	
0.107	0.987572134061	
0.108	0.987343074684	
0.109	0.987111963088	
0.11	0.986878799965	
0.111	0.986643586004	
0.112	0.986406321886	
0.113	0.986167008286	
0.114	0.985925645872	
0.115	0.985682235307	
0.116	0.985436777248	
0.117	0.985189272345	
0.118	0.984939721242	
0.119	0.98468812458	
0.12	0.984434482991	
0.121	0.984178797104	
0.122	0.983921067542	
0.123	0.983661294921	
0.124	0.983399479854	
0.125	0.983135622948	
0.126	0.982869724804	
0.127	0.982601786021	
0.128	0.982331807189	
0.129	0.982059788896	
0.13	0.981785731725	
0.131	0.981509636254	
0.132	0.981231503055	
0.133	0.980951332697	
0.134	0.980669125746	
0.135	0.98038488276	
0.136	0.980098604295	
0.137	0.979810290904	
0.138	0.979519943132	
0.139	0.979227561522	
0.14	0.978933146615	
0.141	0.978636698945	
0.142	0.978338219042	
0.143	0.978037707435	
0.144	0.977735164645	
0.145	0.977430591194	
0.146	0.977123987596	
0.147	0.976815354364	
0.148	0.976504692006	
0.149	0.976192001027	
0.15	0.975877281929	
0.151	0.97556053521	
0.152	0.975241761363	
0.153	0.97492096088	
0.154	0.974598134249	
0.155	0.974273281955	
0.156	0.973946404478	
0.157	0.973617502296	
0.158	0.973286575885	
0.159	0.972953625716	
0.16	0.972618652258	
0.161	0.972281655976	
0.162	0.971942637333	
0.163	0.971601596789	
0.164	0.9712585348	
0.165	0.97091345182	
0.166	0.9705663483	
0.167	0.970217224688	
0.168	0.96986608143	
0.169	0.969512918967	
0.17	0.96915773774	
0.171	0.968800538186	
0.172	0.96844132074	
0.173	0.968080085833	
0.174	0.967716833894	
0.175	0.967351565351	
0.176	0.966984280627	
0.177	0.966614980145	
0.178	0.966243664322	
0.179	0.965870333577	
0.18	0.965494988323	
0.181	0.965117628972	
0.182	0.964738255934	
0.183	0.964356869617	
0.184	0.963973470424	
0.185	0.963588058758	
0.186	0.963200635021	
0.187	0.96281119961	
0.188	0.962419752921	
0.189	0.962026295347	
0.19	0.961630827281	
0.191	0.961233349111	
0.192	0.960833861226	
0.193	0.960432364009	
0.194	0.960028857845	
0.195	0.959623343114	
0.196	0.959215820196	
0.197	0.958806289467	
0.198	0.958394751302	
0.199	0.957981206075	
0.2	0.957565654157	
0.201	0.957148095917	
0.202	0.956728531721	
0.203	0.956306961937	
0.204	0.955883386926	
0.205	0.955457807051	
0.206	0.955030222672	
0.207	0.954600634146	
0.208	0.95416904183	
0.209	0.953735446078	
0.21	0.953299847244	
0.211	0.952862245677	
0.212	0.952422641728	
0.213	0.951981035743	
0.214	0.951537428068	
0.215	0.951091819048	
0.216	0.950644209025	
0.217	0.950194598341	
0.218	0.949742987333	
0.219	0.949289376339	
0.22	0.948833765696	
0.221	0.948376155739	
0.222	0.947916546799	
0.223	0.947454939208	
0.224	0.946991333295	
0.225	0.94652572939	
0.226	0.946058127818	
0.227	0.945588528905	
0.228	0.945116932975	
0.229	0.944643340349	
0.23	0.944167751348	
0.231	0.943690166292	
0.232	0.943210585498	
0.233	0.942729009283	
0.234	0.942245437963	
0.235	0.94175987185	
0.236	0.941272311256	
0.237	0.940782756493	
0.238	0.940291207871	
0.239	0.939797665696	
0.24	0.939302130277	
0.241	0.938804601918	
0.242	0.938305080924	
0.243	0.937803567598	
0.244	0.937300062241	
0.245	0.936794565153	
0.246	0.936287076634	
0.247	0.93577759698	
0.248	0.93526612649	
0.249	0.934752665457	
0.25	0.934237214176	
0.251	0.93371977294	
0.252	0.933200342041	
0.253	0.932678921768	
0.254	0.93215551241	
0.255	0.931630114257	
0.256	0.931102727595	
0.257	0.930573352708	
0.258	0.930041989883	
0.259	0.929508639402	
0.26	0.928973301547	
0.261	0.9284359766	
0.262	0.927896664841	
0.263	0.927355366548	
0.264	0.926812081999	
0.265	0.926266811471	
0.266	0.92571955524	
0.267	0.92517031358	
0.268	0.924619086764	
0.269	0.924065875065	
0.27	0.923510678755	
0.271	0.922953498103	
0.272	0.922394333378	
0.273	0.92183318485	
0.274	0.921270052785	
0.275	0.92070493745	
0.276	0.920137839109	
0.277	0.919568758027	
0.278	0.918997694467	
0.279	0.918424648691	
0.28	0.917849620961	
0.281	0.917272611536	
0.282	0.916693620677	
0.283	0.916112648641	
0.284	0.915529695686	
0.285	0.914944762069	
0.286	0.914357848044	
0.287	0.913768953867	
0.288	0.913178079791	
0.289	0.912585226069	
0.29	0.911990392953	
0.291	0.911393580694	
0.292	0.910794789542	
0.293	0.910194019745	
0.294	0.909591271553	
0.295	0.908986545213	
0.296	0.908379840972	
0.297	0.907771159074	
0.298	0.907160499765	
0.299	0.906547863289	
0.3	0.905933249889	
0.301	0.905316659807	
0.302	0.904698093285	
0.303	0.904077550563	
0.304	0.903455031881	
0.305	0.902830537479	
0.306	0.902204067593	
0.307	0.901575622462	
0.308	0.900945202322	
0.309	0.900312807409	
0.31	0.899678437958	
0.311	0.899042094203	
0.312	0.898403776378	
0.313	0.897763484714	
0.314	0.897121219444	
0.315	0.896476980799	
0.316	0.89583076901	
0.317	0.895182584305	
0.318	0.894532426914	
0.319	0.893880297064	
0.32	0.893226194984	
0.321	0.892570120899	
0.322	0.891912075035	
0.323	0.891252057618	
0.324	0.890590068872	
0.325	0.889926109021	
0.326	0.889260178287	
0.327	0.888592276892	
0.328	0.88792240506	
0.329	0.887250563009	
0.33	0.886576750961	
0.331	0.885900969134	
0.332	0.885223217749	
0.333	0.884543497021	
0.334	0.88386180717	
0.335	0.883178148412	
0.336	0.882492520962	
0.337	0.881804925037	
0.338	0.88111536085	
0.339	0.880423828617	
0.34	0.87973032855	
0.341	0.879034860862	
0.342	0.878337425765	
0.343	0.877638023472	
0.344	0.876936654191	
0.345	0.876233318135	
0.346	0.875528015511	
0.347	0.87482074653	
0.348	0.8741115114	
0.349	0.873400310328	
0.35	0.872687143521	
0.351	0.871972011185	
0.352	0.871254913528	
0.353	0.870535850753	
0.354	0.869814823065	
0.355	0.869091830669	
0.356	0.868366873768	
0.357	0.867639952565	
0.358	0.866911067261	
0.359	0.866180218059	
0.36	0.86544740516	
0.361	0.864712628764	
0.362	0.863975889071	
0.363	0.863237186281	
0.364	0.862496520592	
0.365	0.861753892202	
0.366	0.86100930131	
0.367	0.860262748111	
0.368	0.859514232804	
0.369	0.858763755583	
0.37	0.858011316644	
0.371	0.857256916182	
0.372	0.856500554392	
0.373	0.855742231467	
0.374	0.8549819476	
0.375	0.854219702984	
0.376	0.853455497811	
0.377	0.852689332273	
0.378	0.851921206562	
0.379	0.851151120867	
0.38	0.850379075378	
0.381	0.849605070286	
0.382	0.848829105779	
0.383	0.848051182046	
0.384	0.847271299275	
0.385	0.846489457653	
0.386	0.845705657368	
0.387	0.844919898605	
0.388	0.844132181551	
0.389	0.843342506392	
0.39	0.842550873312	
0.391	0.841757282495	
0.392	0.840961734127	
0.393	0.84016422839	
0.394	0.839364765467	
0.395	0.838563345541	
0.396	0.837759968795	
0.397	0.836954635409	
0.398	0.836147345565	
0.399	0.835338099444	
0.4	0.834526897225	
0.401	0.833713739089	
0.402	0.832898625214	
0.403	0.83208155578	
0.404	0.831262530965	
0.405	0.830441550946	
0.406	0.829618615902	
0.407	0.828793726008	
0.408	0.827966881443	
0.409	0.827138082381	
0.41	0.826307328998	
0.411	0.82547462147	
0.412	0.824639959971	
0.413	0.823803344675	
0.414	0.822964775757	
0.415	0.82212425339	
0.416	0.821281777746	
0.417	0.820437348999	
0.418	0.819590967321	
0.419	0.818742632882	
0.42	0.817892345855	
0.421	0.81704010641	
0.422	0.816185914718	
0.423	0.815329770949	
0.424	0.814471675272	
0.425	0.813611627856	
0.426	0.812749628871	
0.427	0.811885678484	
0.428	0.811019776864	
0.429	0.810151924178	
0.43	0.809282120594	
0.431	0.808410366277	
0.432	0.807536661395	
0.433	0.806661006112	
0.434	0.805783400596	
0.435	0.80490384501	
0.436	0.80402233952	
0.437	0.80313888429	
0.438	0.802253479484	
0.439	0.801366125266	
0.44	0.800476821798	
0.441	0.799585569243	
0.442	0.798692367765	
0.443	0.797797217524	
0.444	0.796900118683	
0.445	0.796001071403	
0.446	0.795100075844	
0.447	0.794197132168	
0.448	0.793292240534	
0.449	0.792385401103	
0.45	0.791476614033	
0.451	0.790565879484	
0.452	0.789653197614	
0.453	0.788738568582	
0.454	0.787821992545	
0.455	0.786903469662	
0.456	0.785983000089	
0.457	0.785060583983	
0.458	0.784136221501	
0.459	0.783209912799	
0.46	0.782281658033	
0.461	0.781351457358	
0.462	0.780419310929	
0.463	0.779485218902	
0.464	0.77854918143	
0.465	0.777611198668	
0.466	0.776671270769	
0.467	0.775729397886	
0.468	0.774785580174	
0.469	0.773839817784	
0.47	0.772892110868	
0.471	0.77194245958	
0.472	0.77099086407	
0.473	0.77003732449	
0.474	0.76908184099	
0.475	0.768124413723	
0.476	0.767165042837	
0.477	0.766203728483	
0.478	0.765240470811	
0.479	0.76427526997	
0.48	0.763308126109	
0.481	0.762339039378	
0.482	0.761368009923	
0.483	0.760395037894	
0.484	0.759420123438	
0.485	0.758443266703	
0.486	0.757464467835	
0.487	0.756483726982	
0.488	0.755501044291	
0.489	0.754516419906	
0.49	0.753529853975	
0.491	0.752541346643	
0.492	0.751550898055	
0.493	0.750558508356	
0.494	0.749564177691	
0.495	0.748567906204	
0.496	0.747569694039	
0.497	0.746569541341	
0.498	0.745567448251	
0.499	0.744563414915	
0.5	0.743557441474	
0.501	0.742549528071	
0.502	0.741539674848	
0.503	0.740527881947	
0.504	0.739514149511	
0.505	0.73849847768	
0.506	0.737480866596	
0.507	0.736461316398	
0.508	0.735439827229	
0.509	0.734416399228	
0.51	0.733391032535	
0.511	0.732363727289	
0.512	0.731334483631	
0.513	0.730303301699	
0.514	0.729270181632	
0.515	0.728235123569	
0.516	0.727198127647	
0.517	0.726159194005	
0.518	0.725118322781	
0.519	0.724075514112	
0.52	0.723030768135	
0.521	0.721984084986	
0.522	0.720935464804	
0.523	0.719884907723	
0.524	0.718832413881	
0.525	0.717777983412	
0.526	0.716721616453	
0.527	0.715663313138	
0.528	0.714603073603	
0.529	0.713540897983	
0.53	0.712476786411	
0.531	0.711410739022	
0.532	0.71034275595	
0.533	0.709272837329	
0.534	0.708200983292	
0.535	0.707127193973	
0.536	0.706051469503	
0.537	0.704973810016	
0.538	0.703894215644	
0.539	0.70281268652	
0.54	0.701729222775	
0.541	0.700643824541	
0.542	0.699556491949	
0.543	0.69846722513	
0.544	0.697376024216	
0.545	0.696282889336	
0.546	0.695187820621	
0.547	0.694090818202	
0.548	0.692991882208	
0.549	0.691891012769	
0.55	0.690788210014	
0.551	0.689683474073	
0.552	0.688576805074	
0.553	0.687468203146	
0.554	0.686357668417	
0.555	0.685245201015	
0.556	0.684130801069	
0.557	0.683014468707	
0.558	0.681896204055	
0.559	0.68077600724	
0.56	0.679653878391	
0.561	0.678529817633	
0.562	0.677403825093	
0.563	0.676275900898	
0.564	0.675146045173	
0.565	0.674014258045	
0.566	0.672880539638	
0.567	0.671744890079	
0.568	0.670607309491	
0.569	0.669467798002	
0.57	0.668326355734	
0.571	0.667182982812	
0.572	0.666037679361	
0.573	0.664890445505	
0.574	0.663741281367	
0.575	0.66259018707	
0.576	0.661437162739	
0.577	0.660282208497	
0.578	0.659125324465	
0.579	0.657966510768	
0.58	0.656805767527	
0.581	0.655643094864	
0.582	0.654478492902	
0.583	0.653311961762	
0.584	0.652143501566	
0.585	0.650973112435	
0.586	0.649800794491	
0.587	0.648626547854	
0.588	0.647450372644	
0.589	0.646272268984	
0.59	0.645092236992	
0.591	0.643910276789	
0.592	0.642726388495	
0.593	0.641540572229	
0.594	0.640352828111	
0.595	0.63916315626	
0.596	0.637971556794	
0.597	0.636778029834	
0.598	0.635582575498	
0.599	0.634385193903	
0.6	0.633185885168	
0.601	0.631984649412	
0.602	0.630781486751	
0.603	0.629576397304	
0.604	0.628369381187	
0.605	0.627160438519	
0.606	0.625949569416	
0.607	0.624736773994	
0.608	0.623522052371	
0.609	0.622305404663	
0.61	0.621086830985	
0.611	0.619866331455	
0.612	0.618643906187	
0.613	0.617419555298	
0.614	0.616193278902	
0.615	0.614965077116	
0.616	0.613734950053	
0.617	0.612502897829	
0.618	0.611268920559	
0.619	0.610033018356	
0.62	0.608795191336	
0.621	0.607555439611	
0.622	0.606313763297	
0.623	0.605070162506	
0.624	0.603824637353	
0.625	0.602577187949	
0.626	0.60132781441	
0.627	0.600076516847	
0.628	0.598823295373	
0.629	0.5975681501	
0.63	0.596311081142	
0.631	0.59505208861	
0.632	0.593791172616	
0.633	0.592528333273	
0.634	0.59126357069	
0.635	0.589996884981	
0.636	0.588728276257	
0.637	0.587457744628	
0.638	0.586185290205	
0.639	0.584910913099	
0.64	0.58363461342	
0.641	0.58235639128	
0.642	0.581076246788	
0.643	0.579794180053	
0.644	0.578510191187	
0.645	0.577224280298	
0.646	0.575936447496	
0.647	0.574646692891	
0.648	0.573355016591	
0.649	0.572061418705	
0.65	0.570765899342	
0.651	0.569468458611	
0.652	0.568169096621	
0.653	0.566867813478	
0.654	0.565564609292	
0.655	0.564259484171	
0.656	0.562952438221	
0.657	0.561643471551	
0.658	0.560332584268	
0.659	0.55901977648	
0.66	0.557705048293	
0.661	0.556388399814	
0.662	0.55506983115	
0.663	0.553749342407	
0.664	0.552426933692	
0.665	0.551102605112	
0.666	0.549776356771	
0.667	0.548448188777	
0.668	0.547118101234	
0.669	0.545786094249	
0.67	0.544452167926	
0.671	0.543116322371	
0.672	0.541778557689	
0.673	0.540438873985	
0.674	0.539097271364	
0.675	0.53775374993	
0.676	0.536408309787	
0.677	0.535060951041	
0.678	0.533711673795	
0.679	0.532360478152	
0.68	0.531007364217	
0.681	0.529652332094	
0.682	0.528295381885	
0.683	0.526936513695	
0.684	0.525575727626	
0.685	0.524213023781	
0.686	0.522848402264	
0.687	0.521481863176	
0.688	0.52011340662	
0.689	0.5187430327	
0.69	0.517370741516	
0.691	0.515996533171	
0.692	0.514620407768	
0.693	0.513242365407	
0.694	0.51186240619	
0.695	0.510480530219	
0.696	0.509096737595	
0.697	0.507711028419	
0.698	0.506323402793	
0.699	0.504933860817	
0.7	0.503542402591	
0.701	0.502149028217	
0.702	0.500753737795	
0.703	0.499356531425	
0.704	0.497957409206	
0.705	0.49655637124	
0.706	0.495153417626	
0.707	0.493748548464	
0.708	0.492341763852	
0.709	0.490933063891	
0.71	0.48952244868	
0.711	0.488109918318	
0.712	0.486695472903	
0.713	0.485279112535	
0.714	0.483860837312	
0.715	0.482440647333	
0.716	0.481018542696	
0.717	0.479594523499	
0.718	0.478168589841	
0.719	0.476740741819	
0.72	0.475310979531	
0.721	0.473879303075	
0.722	0.472445712548	
0.723	0.471010208048	
0.724	0.469572789672	
0.725	0.468133457516	
0.726	0.466692211679	
0.727	0.465249052257	
0.728	0.463803979346	
0.729	0.462356993044	
0.73	0.460908093445	
0.731	0.459457280648	
0.732	0.458004554747	
0.733	0.45654991584	
0.734	0.45509336402	
0.735	0.453634899386	
0.736	0.452174522031	
0.737	0.450712232052	
0.738	0.449248029544	
0.739	0.447781914602	
0.74	0.446313887321	
0.741	0.444843947796	
0.742	0.443372096122	
0.743	0.441898332393	
0.744	0.440422656704	
0.745	0.43894506915	
0.746	0.437465569824	
0.747	0.435984158821	
0.748	0.434500836235	
0.749	0.43301560216	
0.75	0.431528456688	
0.751	0.430039399915	
0.752	0.428548431933	
0.753	0.427055552837	
0.754	0.425560762718	
0.755	0.42406406167	
0.756	0.422565449786	
0.757	0.42106492716	
0.758	0.419562493883	
0.759	0.418058150048	
0.76	0.416551895748	
0.761	0.415043731075	
0.762	0.413533656121	
0.763	0.412021670979	
0.764	0.41050777574	
0.765	0.408991970496	
0.766	0.407474255339	
0.767	0.40595463036	
0.768	0.404433095651	
0.769	0.402909651304	
0.77	0.401384297408	
0.771	0.399857034057	
0.772	0.398327861339	
0.773	0.396796779347	
0.774	0.395263788171	
0.775	0.393728887902	
0.776	0.39219207863	
0.777	0.390653360445	
0.778	0.389112733438	
0.779	0.387570197699	
0.78	0.386025753318	
0.781	0.384479400385	
0.782	0.382931138988	
0.783	0.381380969219	
0.784	0.379828891167	
0.785	0.378274904921	
0.786	0.37671901057	
0.787	0.375161208203	
0.788	0.37360149791	
0.789	0.37203987978	
0.79	0.370476353901	
0.791	0.368910920361	
0.792	0.367343579251	
0.793	0.365774330657	
0.794	0.364203174669	
0.795	0.362630111374	
0.796	0.361055140861	
0.797	0.359478263218	
0.798	0.357899478532	
0.799	0.356318786892	
0.8	0.354736188385	
0.801	0.353151683099	
0.802	0.35156527112	
0.803	0.349976952537	
0.804	0.348386727437	
0.805	0.346794595906	
0.806	0.345200558032	
0.807	0.343604613901	
0.808	0.342006763601	
0.809	0.340407007218	
0.81	0.338805344838	
0.811	0.337201776548	
0.812	0.335596302434	
0.813	0.333988922583	
0.814	0.33237963708	
0.815	0.330768446012	
0.816	0.329155349464	
0.817	0.327540347522	
0.818	0.325923440272	
0.819	0.3243046278	
0.82	0.32268391019	
0.821	0.321061287528	
0.822	0.3194367599	
0.823	0.31781032739	
0.824	0.316181990084	
0.825	0.314551748067	
0.826	0.312919601422	
0.827	0.311285550235	
0.828	0.309649594591	
0.829	0.308011734574	
0.83	0.306371970268	
0.831	0.304730301758	
0.832	0.303086729127	
0.833	0.301441252461	
0.834	0.299793871842	
0.835	0.298144587355	
0.836	0.296493399083	
0.837	0.29484030711	
0.838	0.29318531152	
0.839	0.291528412395	
0.84	0.28986960982	
0.841	0.288208903878	
0.842	0.286546294651	
0.843	0.284881782223	
0.844	0.283215366676	
0.845	0.281547048094	
0.846	0.27987682656	
0.847	0.278204702154	
0.848	0.276530674962	
0.849	0.274854745063	
0.85	0.273176912542	
0.851	0.27149717748	
0.852	0.26981553996	
0.853	0.268132000062	
0.854	0.26644655787	
0.855	0.264759213465	
0.856	0.263069966929	
0.857	0.261378818343	
0.858	0.25968576779	
0.859	0.257990815349	
0.86	0.256293961103	
0.861	0.254595205133	
0.862	0.25289454752	
0.863	0.251191988345	
0.864	0.249487527689	
0.865	0.247781165632	
0.866	0.246072902257	
0.867	0.244362737642	
0.868	0.242650671869	
0.869	0.240936705018	
0.87	0.23922083717	
0.871	0.237503068404	
0.872	0.235783398801	
0.873	0.234061828441	
0.874	0.232338357405	
0.875	0.23061298577	
0.876	0.228885713619	
0.877	0.22715654103	
0.878	0.225425468082	
0.879	0.223692494856	
0.88	0.22195762143	
0.881	0.220220847885	
0.882	0.218482174299	
0.883	0.216741600751	
0.884	0.214999127321	
0.885	0.213254754087	
0.886	0.211508481128	
0.887	0.209760308523	
0.888	0.208010236351	
0.889	0.206258264689	
0.89	0.204504393618	
0.891	0.202748623214	
0.892	0.200990953557	
0.893	0.199231384724	
0.894	0.197469916794	
0.895	0.195706549844	
0.896	0.193941283953	
0.897	0.192174119199	
0.898	0.190405055658	
0.899	0.188634093409	
0.9	0.18686123253	
0.901	0.185086473098	
0.902	0.183309815189	
0.903	0.181531258883	
0.904	0.179750804255	
0.905	0.177968451383	
0.906	0.176184200344	
0.907	0.174398051214	
0.908	0.172610004072	
0.909	0.170820058992	
0.91	0.169028216054	
0.911	0.167234475331	
0.912	0.165438836902	
0.913	0.163641300843	
0.914	0.16184186723	
0.915	0.160040536139	
0.916	0.158237307647	
0.917	0.156432181829	
0.918	0.154625158762	
0.919	0.152816238521	
0.92	0.151005421182	
0.921	0.149192706821	
0.922	0.147378095514	
0.923	0.145561587336	
0.924	0.143743182363	
0.925	0.141922880669	
0.926	0.140100682331	
0.927	0.138276587424	
0.928	0.136450596022	
0.929	0.134622708202	
0.93	0.132792924036	
0.931	0.130961243602	
0.932	0.129127666973	
0.933	0.127292194224	
0.934	0.12545482543	
0.935	0.123615560665	
0.936	0.121774400005	
0.937	0.119931343522	
0.938	0.118086391292	
0.939	0.116239543389	
0.94	0.114390799886	
0.941	0.112540160859	
0.942	0.11068762638	
0.943	0.108833196525	
0.944	0.106976871366	
0.945	0.105118650977	
0.946	0.103258535432	
0.947	0.101396524806	
0.948	0.0995326191698	
0.949	0.0976668185985	
0.95	0.0957991231651	
0.951	0.0939295329429	
0.952	0.092058048005	
0.953	0.0901846684244	
0.954	0.0883093942743	
0.955	0.0864322256275	
0.956	0.0845531625569	
0.957	0.0826722051353	
0.958	0.0807893534354	
0.959	0.0789046075297	
0.96	0.0770179674909	
0.961	0.0751294333914	
0.962	0.0732390053036	
0.963	0.0713466832998	
0.964	0.0694524674522	
0.965	0.067556357833	
0.966	0.0656583545142	
0.967	0.0637584575678	
0.968	0.0618566670659	
0.969	0.0599529830801	
0.97	0.0580474056822	
0.971	0.0561399349441	
0.972	0.0542305709371	
0.973	0.052319313733	
0.974	0.0504061634032	
0.975	0.0484911200189	
0.976	0.0465741836516	
0.977	0.0446553543725	
0.978	0.0427346322528	
0.979	0.0408120173634	
0.98	0.0388875097755	
0.981	0.0369611095598	
0.982	0.0350328167874	
0.983	0.033102631529	
0.984	0.0311705538553	
0.985	0.0292365838368	
0.986	0.0273007215443	
0.987	0.025362967048	
0.988	0.0234233204186	
0.989	0.0214817817262	
0.99	0.0195383510412	
0.991	0.0175930284337	
0.992	0.0156458139739	
0.993	0.0136967077317	
0.994	0.0117457097772	
0.995	0.0097928201803	
0.996	0.00783803901073	
0.997	0.00588136633827	
0.998	0.00392280223261	
0.999	0.00196234676334	
1.0	0.0	
