0.0	1.0	
0.001	0.99996413162	
0.002	0.999899823283	
0.003	0.99981731947	
0.004	0.999720216674	
0.005	0.999610578903	
0.006	0.999489791962	
0.007	0.999358869327	
0.008	0.999218593784	
0.009	0.99906959344	
0.01	0.998912386703	
0.011	0.998747410845	
0.012	0.99857504113	
0.013	0.998395604176	
0.014	0.998209387599	
0.015	0.998016647189	
0.016	0.997817612355	
0.017	0.997612490354	
0.018	0.997401469633	
0.019	0.997184722499	
0.02	0.996962407293	
0.021	0.996734670173	
0.022	0.996501646593	
0.023	0.996263462545	
0.024	0.996020235608	
0.025	0.99577207584	
0.026	0.995519086545	
0.027	0.995261364932	
0.028	0.994999002692	
0.029	0.994732086497	
0.03	0.994460698439	
0.031	0.994184916422	
0.032	0.993904814501	
0.033	0.993620463189	
0.034	0.99333192973	
0.035	0.993039278342	
0.036	0.992742570437	
0.037	0.992441864819	
0.038	0.99213721786	
0.039	0.991828683667	
0.04	0.991516314227	
0.041	0.99120015954	
0.042	0.990880267742	
0.043	0.99055668522	
0.044	0.990229456714	
0.045	0.989898625409	
0.046	0.989564233027	
0.047	0.989226319904	
0.048	0.988884925067	
0.049	0.988540086301	
0.05	0.988191840215	
0.051	0.9878402223	
0.052	0.987485266987	
0.053	0.987127007694	
0.054	0.98676547688	
0.055	0.986400706084	
0.056	0.986032725975	
0.057	0.985661566382	
0.058	0.985287256338	
0.059	0.984909824114	
0.06	0.984529297248	
0.061	0.98414570258	
0.062	0.983759066279	
0.063	0.98336941387	
0.064	0.98297677026	
0.065	0.982581159764	
0.066	0.982182606127	
0.067	0.981781132544	
0.068	0.981376761685	
0.069	0.980969515709	
0.07	0.980559416288	
0.071	0.980146484622	
0.072	0.979730741454	
0.073	0.979312207091	
0.074	0.978890901414	
0.075	0.978466843896	
0.076	0.978040053615	
0.077	0.977610549264	
0.078	0.977178349169	
0.079	0.976743471297	
0.08	0.976305933269	
0.081	0.97586575237	
0.082	0.97542294556	
0.083	0.974977529484	
0.084	0.974529520484	
0.085	0.974078934601	
0.086	0.973625787594	
0.087	0.973170094938	
0.088	0.972711871841	
0.089	0.972251133247	
0.09	0.971787893842	
0.091	0.971322168066	
0.092	0.970853970117	
0.093	0.970383313959	
0.094	0.969910213324	
0.095	0.969434681726	
0.096	0.968956732459	
0.097	0.968476378608	
0.098	0.967993633052	
0.099	0.967508508471	
0.1	0.967021017349	
0.101	0.966531171981	
0.102	0.966038984474	
0.103	0.965544466758	
0.104	0.965047630585	
0.105	0.964548487535	
0.106	0.964047049019	
0.107	0.963543326288	
0.108	0.963037330429	
0.109	0.962529072374	
0.11	0.962018562903	
0.111	0.961505812647	
0.112	0.96099083209	
0.113	0.960473631576	
0.114	0.959954221306	
0.115	0.959432611347	
0.116	0.958908811635	
0.117	0.958382831971	
0.118	0.957854682033	
0.119	0.957324371371	
0.12	0.956791909414	
0.121	0.956257305472	
0.122	0.955720568737	
0.123	0.955181708288	
0.124	0.95464073309	
0.125	0.954097651998	
0.126	0.95355247376	
0.127	0.95300520702	
0.128	0.952455860314	
0.129	0.951904442081	
0.13	0.951350960659	
0.131	0.950795424287	
0.132	0.950237841111	
0.133	0.94967821918	
0.134	0.949116566453	
0.135	0.948552890799	
0.136	0.947987199998	
0.137	0.947419501741	
0.138	0.946849803637	
0.139	0.946278113208	
0.14	0.945704437895	
0.141	0.945128785059	
0.142	0.944551161981	
0.143	0.943971575863	
0.144	0.943390033832	
0.145	0.942806542939	
0.146	0.94222111016	
0.147	0.9416337424	
0.148	0.941044446492	
0.149	0.940453229199	
0.15	0.939860097214	
0.151	0.939265057163	
0.152	0.938668115606	
0.153	0.938069279035	
0.154	0.93746855388	
0.155	0.936865946506	
0.156	0.936261463216	
0.157	0.935655110252	
0.158	0.935046893795	
0.159	0.934436819966	
0.16	0.933824894829	
0.161	0.93321112439	
0.162	0.932595514595	
0.163	0.93197807134	
0.164	0.931358800461	
0.165	0.930737707743	
0.166	0.930114798916	
0.167	0.929490079658	
0.168	0.928863555595	
0.169	0.928235232303	
0.17	0.927605115308	
0.171	0.926973210084	
0.172	0.926339522059	
0.173	0.925704056613	
0.174	0.925066819076	
0.175	0.924427814735	
0.176	0.923787048829	
0.177	0.923144526553	
0.178	0.922500253054	
0.179	0.92185423344	
0.18	0.921206472772	
0.181	0.92055697607	
0.182	0.919905748311	
0.183	0.91925279443	
0.184	0.918598119323	
0.185	0.917941727844	
0.186	0.917283624806	
0.187	0.916623814985	
0.188	0.915962303118	
0.189	0.915299093902	
0.19	0.914634191996	
0.191	0.913967602025	
0.192	0.913299328574	
0.193	0.912629376193	
0.194	0.911957749395	
0.195	0.911284452659	
0.196	0.910609490429	
0.197	0.909932867114	
0.198	0.909254587088	
0.199	0.908574654695	
0.2	0.907893074241	
0.201	0.907209850002	
0.202	0.906524986222	
0.203	0.905838487113	
0.204	0.905150356853	
0.205	0.904460599592	
0.206	0.903769219447	
0.207	0.903076220506	
0.208	0.902381606827	
0.209	0.901685382437	
0.21	0.900987551335	
0.211	0.900288117491	
0.212	0.899587084845	
0.213	0.898884457311	
0.214	0.898180238772	
0.215	0.897474433087	
0.216	0.896767044086	
0.217	0.896058075571	
0.218	0.895347531319	
0.219	0.894635415079	
0.22	0.893921730577	
0.221	0.89320648151	
0.222	0.892489671551	
0.223	0.891771304348	
0.224	0.891051383524	
0.225	0.890329912677	
0.226	0.88960689538	
0.227	0.888882335185	
0.228	0.888156235617	
0.229	0.887428600178	
0.23	0.886699432349	
0.231	0.885968735586	
0.232	0.885236513321	
0.233	0.884502768968	
0.234	0.883767505914	
0.235	0.883030727526	
0.236	0.88229243715	
0.237	0.881552638109	
0.238	0.880811333705	
0.239	0.880068527221	
0.24	0.879324221915	
0.241	0.878578421028	
0.242	0.877831127779	
0.243	0.877082345367	
0.244	0.876332076972	
0.245	0.875580325752	
0.246	0.874827094847	
0.247	0.874072387377	
0.248	0.873316206444	
0.249	0.872558555129	
0.25	0.871799436495	
0.251	0.871038853589	
0.252	0.870276809434	
0.253	0.86951330704	
0.254	0.868748349397	
0.255	0.867981939475	
0.256	0.867214080231	
0.257	0.866444774599	
0.258	0.8656740255	
0.259	0.864901835836	
0.26	0.864128208493	
0.261	0.863353146337	
0.262	0.862576652221	
0.263	0.861798728981	
0.264	0.861019379433	
0.265	0.860238606382	
0.266	0.859456412613	
0.267	0.858672800897	
0.268	0.857887773989	
0.269	0.857101334627	
0.27	0.856313485535	
0.271	0.855524229422	
0.272	0.85473356898	
0.273	0.853941506888	
0.274	0.853148045808	
0.275	0.85235318839	
0.276	0.851556937266	
0.277	0.850759295056	
0.278	0.849960264365	
0.279	0.849159847783	
0.28	0.848358047887	
0.281	0.847554867239	
0.282	0.846750308389	
0.283	0.84594437387	
0.284	0.845137066205	
0.285	0.844328387901	
0.286	0.843518341453	
0.287	0.842706929341	
0.288	0.841894154035	
0.289	0.841080017988	
0.29	0.840264523643	
0.291	0.83944767343	
0.292	0.838629469764	
0.293	0.837809915051	
0.294	0.836989011682	
0.295	0.836166762035	
0.296	0.835343168478	
0.297	0.834518233367	
0.298	0.833691959043	
0.299	0.832864347837	
0.3	0.832035402069	
0.301	0.831205124045	
0.302	0.830373516062	
0.303	0.829540580403	
0.304	0.828706319342	
0.305	0.827870735138	
0.306	0.827033830043	
0.307	0.826195606295	
0.308	0.825356066122	
0.309	0.82451521174	
0.31	0.823673045355	
0.311	0.822829569163	
0.312	0.821984785348	
0.313	0.821138696083	
0.314	0.820291303532	
0.315	0.819442609847	
0.316	0.81859261717	
0.317	0.817741327634	
0.318	0.816888743359	
0.319	0.816034866459	
0.32	0.815179699034	
0.321	0.814323243175	
0.322	0.813465500966	
0.323	0.812606474476	
0.324	0.81174616577	
0.325	0.810884576898	
0.326	0.810021709904	
0.327	0.809157566821	
0.328	0.808292149673	
0.329	0.807425460474	
0.33	0.80655750123	
0.331	0.805688273937	
0.332	0.804817780582	
0.333	0.803946023141	
0.334	0.803073003584	
0.335	0.802198723871	
0.336	0.801323185952	
0.337	0.80044639177	
0.338	0.799568343257	
0.339	0.798689042339	
0.34	0.79780849093	
0.341	0.79692669094	
0.342	0.796043644266	
0.343	0.795159352798	
0.344	0.79427381842	
0.345	0.793387043005	
0.346	0.792499028418	
0.347	0.791609776516	
0.348	0.790719289149	
0.349	0.789827568159	
0.35	0.788934615377	
0.351	0.788040432629	
0.352	0.787145021733	
0.353	0.786248384498	
0.354	0.785350522725	
0.355	0.784451438209	
0.356	0.783551132735	
0.357	0.782649608082	
0.358	0.781746866021	
0.359	0.780842908316	
0.36	0.779937736723	
0.361	0.779031352989	
0.362	0.778123758858	
0.363	0.777214956062	
0.364	0.776304946328	
0.365	0.775393731376	
0.366	0.774481312918	
0.367	0.773567692659	
0.368	0.772652872298	
0.369	0.771736853525	
0.37	0.770819638025	
0.371	0.769901227475	
0.372	0.768981623546	
0.373	0.7680608279	
0.374	0.767138842196	
0.375	0.766215668083	
0.376	0.765291307204	
0.377	0.764365761196	
0.378	0.763439031689	
0.379	0.762511120307	
0.38	0.761582028668	
0.381	0.760651758381	
0.382	0.759720311051	
0.383	0.758787688276	
0.384	0.757853891646	
0.385	0.756918922749	
0.386	0.755982783161	
0.387	0.755045474457	
0.388	0.754106998203	
0.389	0.753167355958	
0.39	0.752226549278	
0.391	0.751284579711	
0.392	0.750341448799	
0.393	0.749397158078	
0.394	0.748451709078	
0.395	0.747505103325	
0.396	0.746557342336	
0.397	0.745608427624	
0.398	0.744658360697	
0.399	0.743707143055	
0.4	0.742754776195	
0.401	0.741801261605	
0.402	0.740846600771	
0.403	0.73989079517	
0.404	0.738933846275	
0.405	0.737975755555	
0.406	0.737016524471	
0.407	0.736056154479	
0.408	0.735094647031	
0.409	0.734132003572	
0.41	0.733168225542	
0.411	0.732203314377	
0.412	0.731237271506	
0.413	0.730270098353	
0.414	0.729301796338	
0.415	0.728332366874	
0.416	0.727361811371	
0.417	0.726390131231	
0.418	0.725417327853	
0.419	0.724443402631	
0.42	0.723468356953	
0.421	0.722492192203	
0.422	0.721514909757	
0.423	0.720536510991	
0.424	0.719556997273	
0.425	0.718576369965	
0.426	0.717594630427	
0.427	0.716611780013	
0.428	0.71562782007	
0.429	0.714642751945	
0.43	0.713656576976	
0.431	0.712669296497	
0.432	0.71168091184	
0.433	0.710691424328	
0.434	0.709700835284	
0.435	0.708709146023	
0.436	0.707716357856	
0.437	0.70672247209	
0.438	0.705727490028	
0.439	0.704731412968	
0.44	0.703734242202	
0.441	0.70273597902	
0.442	0.701736624707	
0.443	0.700736180541	
0.444	0.6997346478	
0.445	0.698732027754	
0.446	0.69772832167	
0.447	0.696723530811	
0.448	0.695717656434	
0.449	0.694710699795	
0.45	0.693702662143	
0.451	0.692693544724	
0.452	0.691683348778	
0.453	0.690672075544	
0.454	0.689659726254	
0.455	0.688646302137	
0.456	0.687631804419	
0.457	0.686616234319	
0.458	0.685599593055	
0.459	0.684581881839	
0.46	0.683563101881	
0.461	0.682543254384	
0.462	0.681522340549	
0.463	0.680500361574	
0.464	0.67947731865	
0.465	0.678453212967	
0.466	0.677428045711	
0.467	0.676401818061	
0.468	0.675374531196	
0.469	0.67434618629	
0.47	0.67331678451	
0.471	0.672286327025	
0.472	0.671254814995	
0.473	0.67022224958	
0.474	0.669188631934	
0.475	0.668153963207	
0.476	0.667118244548	
0.477	0.666081477101	
0.478	0.665043662004	
0.479	0.664004800395	
0.48	0.662964893406	
0.481	0.661923942167	
0.482	0.660881947802	
0.483	0.659838911436	
0.484	0.658794834185	
0.485	0.657749717165	
0.486	0.656703561487	
0.487	0.65565636826	
0.488	0.654608138589	
0.489	0.653558873574	
0.49	0.652508574313	
0.491	0.651457241901	
0.492	0.650404877429	
0.493	0.649351481984	
0.494	0.64829705665	
0.495	0.647241602509	
0.496	0.646185120638	
0.497	0.645127612112	
0.498	0.644069078001	
0.499	0.643009519374	
0.5	0.641948937295	
0.501	0.640887332824	
0.502	0.639824707021	
0.503	0.63876106094	
0.504	0.637696395632	
0.505	0.636630712147	
0.506	0.63556401153	
0.507	0.634496294823	
0.508	0.633427563064	
0.509	0.632357817291	
0.51	0.631287058535	
0.511	0.630215287827	
0.512	0.629142506194	
0.513	0.628068714659	
0.514	0.626993914243	
0.515	0.625918105964	
0.516	0.624841290835	
0.517	0.62376346987	
0.518	0.622684644076	
0.519	0.62160481446	
0.52	0.620523982024	
0.521	0.619442147769	
0.522	0.61835931269	
0.523	0.617275477783	
0.524	0.616190644037	
0.525	0.615104812443	
0.526	0.614017983985	
0.527	0.612930159645	
0.528	0.611841340404	
0.529	0.610751527238	
0.53	0.609660721122	
0.531	0.608568923027	
0.532	0.607476133921	
0.533	0.606382354771	
0.534	0.605287586539	
0.535	0.604191830186	
0.536	0.603095086669	
0.537	0.601997356944	
0.538	0.600898641961	
0.539	0.599798942672	
0.54	0.598698260022	
0.541	0.597596594956	
0.542	0.596493948415	
0.543	0.595390321339	
0.544	0.594285714663	
0.545	0.593180129321	
0.546	0.592073566244	
0.547	0.59096602636	
0.548	0.589857510596	
0.549	0.588748019875	
0.55	0.587637555117	
0.551	0.58652611724	
0.552	0.585413707161	
0.553	0.584300325792	
0.554	0.583185974044	
0.555	0.582070652825	
0.556	0.580954363041	
0.557	0.579837105594	
0.558	0.578718881387	
0.559	0.577599691316	
0.56	0.576479536278	
0.561	0.575358417166	
0.562	0.574236334871	
0.563	0.573113290282	
0.564	0.571989284285	
0.565	0.570864317763	
0.566	0.569738391599	
0.567	0.56861150667	
0.568	0.567483663854	
0.569	0.566354864025	
0.57	0.565225108055	
0.571	0.564094396814	
0.572	0.562962731169	
0.573	0.561830111985	
0.574	0.560696540125	
0.575	0.559562016449	
0.576	0.558426541816	
0.577	0.557290117082	
0.578	0.556152743099	
0.579	0.555014420721	
0.58	0.553875150796	
0.581	0.55273493417	
0.582	0.55159377169	
0.583	0.550451664196	
0.584	0.54930861253	
0.585	0.548164617531	
0.586	0.547019680033	
0.587	0.545873800871	
0.588	0.544726980876	
0.589	0.543579220879	
0.59	0.542430521705	
0.591	0.541280884182	
0.592	0.540130309131	
0.593	0.538978797375	
0.594	0.537826349731	
0.595	0.536672967017	
0.596	0.535518650047	
0.597	0.534363399635	
0.598	0.53320721659	
0.599	0.532050101722	
0.6	0.530892055836	
0.601	0.529733079738	
0.602	0.52857317423	
0.603	0.527412340112	
0.604	0.526250578182	
0.605	0.525087889238	
0.606	0.523924274072	
0.607	0.522759733479	
0.608	0.521594268247	
0.609	0.520427879167	
0.61	0.519260567023	
0.611	0.518092332601	
0.612	0.516923176683	
0.613	0.51575310005	
0.614	0.51458210348	
0.615	0.513410187751	
0.616	0.512237353637	
0.617	0.51106360191	
0.618	0.509888933343	
0.619	0.508713348704	
0.62	0.50753684876	
0.621	0.506359434278	
0.622	0.505181106019	
0.623	0.504001864746	
0.624	0.50282171122	
0.625	0.501640646196	
0.626	0.500458670433	
0.627	0.499275784684	
0.628	0.498091989701	
0.629	0.496907286235	
0.63	0.495721675034	
0.631	0.494535156847	
0.632	0.493347732418	
0.633	0.492159402489	
0.634	0.490970167804	
0.635	0.489780029102	
0.636	0.488588987121	
0.637	0.487397042597	
0.638	0.486204196265	
0.639	0.485010448857	
0.64	0.483815801105	
0.641	0.482620253737	
0.642	0.481423807483	
0.643	0.480226463067	
0.644	0.479028221213	
0.645	0.477829082644	
0.646	0.476629048082	
0.647	0.475428118244	
0.648	0.474226293848	
0.649	0.47302357561	
0.65	0.471819964244	
0.651	0.470615460462	
0.652	0.469410064976	
0.653	0.468203778493	
0.654	0.466996601722	
0.655	0.465788535367	
0.656	0.464579580134	
0.657	0.463369736725	
0.658	0.46215900584	
0.659	0.460947388178	
0.66	0.459734884438	
0.661	0.458521495316	
0.662	0.457307221505	
0.663	0.456092063699	
0.664	0.454876022589	
0.665	0.453659098864	
0.666	0.452441293212	
0.667	0.451222606321	
0.668	0.450003038875	
0.669	0.448782591557	
0.67	0.447561265049	
0.671	0.446339060031	
0.672	0.445115977183	
0.673	0.443892017182	
0.674	0.442667180702	
0.675	0.441441468419	
0.676	0.440214881005	
0.677	0.438987419131	
0.678	0.437759083467	
0.679	0.43652987468	
0.68	0.435299793438	
0.681	0.434068840406	
0.682	0.432837016246	
0.683	0.431604321623	
0.684	0.430370757195	
0.685	0.429136323623	
0.686	0.427901021565	
0.687	0.426664851675	
0.688	0.42542781461	
0.689	0.424189911023	
0.69	0.422951141566	
0.691	0.42171150689	
0.692	0.420471007642	
0.693	0.419229644472	
0.694	0.417987418026	
0.695	0.416744328948	
0.696	0.415500377881	
0.697	0.414255565469	
0.698	0.413009892351	
0.699	0.411763359167	
0.7	0.410515966555	
0.701	0.409267715151	
0.702	0.40801860559	
0.703	0.406768638506	
0.704	0.405517814531	
0.705	0.404266134297	
0.706	0.403013598433	
0.707	0.401760207567	
0.708	0.400505962326	
0.709	0.399250863336	
0.71	0.397994911221	
0.711	0.396738106605	
0.712	0.395480450107	
0.713	0.39422194235	
0.714	0.392962583952	
0.715	0.391702375529	
0.716	0.3904413177	
0.717	0.389179411078	
0.718	0.387916656278	
0.719	0.386653053912	
0.72	0.38538860459	
0.721	0.384123308924	
0.722	0.38285716752	
0.723	0.381590180987	
0.724	0.380322349931	
0.725	0.379053674956	
0.726	0.377784156665	
0.727	0.376513795662	
0.728	0.375242592546	
0.729	0.373970547918	
0.73	0.372697662375	
0.731	0.371423936516	
0.732	0.370149370936	
0.733	0.368873966229	
0.734	0.367597722989	
0.735	0.366320641809	
0.736	0.365042723279	
0.737	0.36376396799	
0.738	0.362484376529	
0.739	0.361203949484	
0.74	0.359922687442	
0.741	0.358640590987	
0.742	0.357357660703	
0.743	0.356073897172	
0.744	0.354789300976	
0.745	0.353503872696	
0.746	0.35221761291	
0.747	0.350930522195	
0.748	0.349642601129	
0.749	0.348353850288	
0.75	0.347064270244	
0.751	0.345773861572	
0.752	0.344482624844	
0.753	0.34319056063	
0.754	0.3418976695	
0.755	0.340603952023	
0.756	0.339309408766	
0.757	0.338014040295	
0.758	0.336717847175	
0.759	0.335420829971	
0.76	0.334122989245	
0.761	0.332824325558	
0.762	0.331524839473	
0.763	0.330224531547	
0.764	0.32892340234	
0.765	0.327621452408	
0.766	0.326318682308	
0.767	0.325015092595	
0.768	0.323710683823	
0.769	0.322405456545	
0.77	0.321099411312	
0.771	0.319792548675	
0.772	0.318484869184	
0.773	0.317176373387	
0.774	0.315867061833	
0.775	0.314556935066	
0.776	0.313245993632	
0.777	0.311934238076	
0.778	0.310621668941	
0.779	0.309308286769	
0.78	0.307994092101	
0.781	0.306679085477	
0.782	0.305363267435	
0.783	0.304046638515	
0.784	0.302729199252	
0.785	0.301410950182	
0.786	0.300091891841	
0.787	0.298772024762	
0.788	0.297451349477	
0.789	0.296129866519	
0.79	0.294807576418	
0.791	0.293484479703	
0.792	0.292160576904	
0.793	0.290835868548	
0.794	0.289510355161	
0.795	0.288184037269	
0.796	0.286856915398	
0.797	0.285528990069	
0.798	0.284200261806	
0.799	0.282870731131	
0.8	0.281540398564	
0.801	0.280209264625	
0.802	0.278877329832	
0.803	0.277544594703	
0.804	0.276211059755	
0.805	0.274876725503	
0.806	0.273541592462	
0.807	0.272205661146	
0.808	0.270868932068	
0.809	0.269531405739	
0.81	0.268193082671	
0.811	0.266853963373	
0.812	0.265514048354	
0.813	0.264173338122	
0.814	0.262831833185	
0.815	0.261489534048	
0.816	0.260146441216	
0.817	0.258802555194	
0.818	0.257457876485	
0.819	0.256112405592	
0.82	0.254766143015	
0.821	0.253419089256	
0.822	0.252071244813	
0.823	0.250722610186	
0.824	0.249373185872	
0.825	0.248022972368	
0.826	0.24667197017	
0.827	0.245320179773	
0.828	0.24396760167	
0.829	0.242614236356	
0.83	0.241260084322	
0.831	0.23990514606	
0.832	0.23854942206	
0.833	0.237192912811	
0.834	0.235835618804	
0.835	0.234477540524	
0.836	0.233118678459	
0.837	0.231759033095	
0.838	0.230398604918	
0.839	0.229037394411	
0.84	0.227675402058	
0.841	0.226312628341	
0.842	0.224949073742	
0.843	0.223584738742	
0.844	0.22221962382	
0.845	0.220853729456	
0.846	0.219487056128	
0.847	0.218119604313	
0.848	0.216751374488	
0.849	0.215382367127	
0.85	0.214012582707	
0.851	0.2126420217	
0.852	0.21127068458	
0.853	0.20989857182	
0.854	0.208525683889	
0.855	0.20715202126	
0.856	0.205777584402	
0.857	0.204402373782	
0.858	0.203026389871	
0.859	0.201649633134	
0.86	0.200272104039	
0.861	0.19889380305	
0.862	0.197514730632	
0.863	0.19613488725	
0.864	0.194754273367	
0.865	0.193372889444	
0.866	0.191990735943	
0.867	0.190607813325	
0.868	0.18922412205	
0.869	0.187839662577	
0.87	0.186454435364	
0.871	0.185068440868	
0.872	0.183681679546	
0.873	0.182294151855	
0.874	0.180905858248	
0.875	0.179516799181	
0.876	0.178126975107	
0.877	0.176736386478	
0.878	0.175345033746	
0.879	0.173952917363	
0.88	0.17256003778	
0.881	0.171166395444	
0.882	0.169771990806	
0.883	0.168376824313	
0.884	0.166980896413	
0.885	0.165584207552	
0.886	0.164186758176	
0.887	0.162788548729	
0.888	0.161389579657	
0.889	0.159989851401	
0.89	0.158589364406	
0.891	0.157188119113	
0.892	0.155786115963	
0.893	0.154383355397	
0.894	0.152979837854	
0.895	0.151575563773	
0.896	0.150170533593	
0.897	0.14876474775	
0.898	0.147358206682	
0.899	0.145950910824	
0.9	0.144542860613	
0.901	0.143134056481	
0.902	0.141724498863	
0.903	0.140314188192	
0.904	0.138903124901	
0.905	0.13749130942	
0.906	0.136078742181	
0.907	0.134665423614	
0.908	0.133251354148	
0.909	0.131836534212	
0.91	0.130420964233	
0.911	0.12900464464	
0.912	0.127587575859	
0.913	0.126169758315	
0.914	0.124751192434	
0.915	0.123331878639	
0.916	0.121911817356	
0.917	0.120491009006	
0.918	0.119069454012	
0.919	0.117647152796	
0.92	0.116224105779	
0.921	0.114800313381	
0.922	0.11337577602	
0.923	0.111950494117	
0.924	0.11052446809	
0.925	0.109097698355	
0.926	0.10767018533	
0.927	0.10624192943	
0.928	0.104812931072	
0.929	0.103383190669	
0.93	0.101952708636	
0.931	0.100521485387	
0.932	0.0990895213333	
0.933	0.0976568168877	
0.934	0.0962233724614	
0.935	0.0947891884652	
0.936	0.093354265309	
0.937	0.0919186034022	
0.938	0.0904822031535	
0.939	0.089045064971	
0.94	0.0876071892619	
0.941	0.0861685764331	
0.942	0.0847292268905	
0.943	0.0832891410397	
0.944	0.0818483192852	
0.945	0.0804067620313	
0.946	0.0789644696814	
0.947	0.0775214426383	
0.948	0.0760776813041	
0.949	0.0746331860804	
0.95	0.073187957368	
0.951	0.0717419955671	
0.952	0.0702953010774	
0.953	0.0688478742978	
0.954	0.0673997156266	
0.955	0.0659508254615	
0.956	0.0645012041996	
0.957	0.0630508522372	
0.958	0.0615997699702	
0.959	0.0601479577937	
0.96	0.0586954161022	
0.961	0.0572421452898	
0.962	0.0557881457496	
0.963	0.0543334178743	
0.964	0.052877962056	
0.965	0.0514217786861	
0.966	0.0499648681555	
0.967	0.0485072308543	
0.968	0.0470488671721	
0.969	0.045589777498	
0.97	0.0441299622202	
0.971	0.0426694217265	
0.972	0.0412081564041	
0.973	0.0397461666396	
0.974	0.0382834528189	
0.975	0.0368200153273	
0.976	0.0353558545496	
0.977	0.0338909708699	
0.978	0.0324253646717	
0.979	0.0309590363381	
0.98	0.0294919862514	
0.981	0.0280242147933	
0.982	0.0265557223451	
0.983	0.0250865092872	
0.984	0.0236165759998	
0.985	0.0221459228622	
0.986	0.0206745502533	
0.987	0.0192024585512	
0.988	0.0177296481337	
0.989	0.0162561193779	
0.99	0.0147818726602	
0.991	0.0133069083565	
0.992	0.0118312268423	
0.993	0.0103548284922	
0.994	0.00887771368054	
0.995	0.00739988278088	
0.996	0.0059213361663	
0.997	0.00444207420928	
0.998	0.00296209728175	
0.999	0.00148140575506	
1.0	0.0	
