0.0	1.0	
0.001	0.999998983901	
0.002	0.999995942112	
0.003	0.999990878308	
0.004	0.999983794441	
0.005	0.999974691874	
0.006	0.999963571657	
0.007	0.999950434646	
0.008	0.999935281562	
0.009	0.999918113028	
0.01	0.999898929597	
0.011	0.999877731757	
0.012	0.999854519956	
0.013	0.999829294597	
0.014	0.999802056054	
0.015	0.999772804673	
0.016	0.999741540774	
0.017	0.999708264658	
0.018	0.999672976607	
0.019	0.999635676888	
0.02	0.999596365751	
0.021	0.999555043436	
0.022	0.999511710169	
0.023	0.999466366167	
0.024	0.999419011636	
0.025	0.999369646774	
0.026	0.999318271772	
0.027	0.999264886811	
0.028	0.999209492066	
0.029	0.999152087708	
0.03	0.999092673898	
0.031	0.999031250795	
0.032	0.998967818551	
0.033	0.998902377313	
0.034	0.998834927224	
0.035	0.998765468423	
0.036	0.998694001044	
0.037	0.998620525219	
0.038	0.998545041074	
0.039	0.998467548734	
0.04	0.998388048319	
0.041	0.998306539946	
0.042	0.998223023731	
0.043	0.998137499784	
0.044	0.998049968216	
0.045	0.997960429134	
0.046	0.99786888264	
0.047	0.997775328838	
0.048	0.997679767827	
0.049	0.997582199704	
0.05	0.997482624567	
0.051	0.997381042508	
0.052	0.997277453619	
0.053	0.99717185799	
0.054	0.99706425571	
0.055	0.996954646865	
0.056	0.996843031541	
0.057	0.996729409821	
0.058	0.996613781787	
0.059	0.99649614752	
0.06	0.9963765071	
0.061	0.996254860603	
0.062	0.996131208108	
0.063	0.996005549688	
0.064	0.995877885419	
0.065	0.995748215374	
0.066	0.995616539624	
0.067	0.99548285824	
0.068	0.995347171292	
0.069	0.995209478849	
0.07	0.995069780978	
0.071	0.994928077746	
0.072	0.994784369218	
0.073	0.994638655461	
0.074	0.994490936537	
0.075	0.994341212509	
0.076	0.994189483441	
0.077	0.994035749393	
0.078	0.993880010425	
0.079	0.993722266599	
0.08	0.993562517972	
0.081	0.993400764603	
0.082	0.99323700655	
0.083	0.993071243869	
0.084	0.992903476617	
0.085	0.992733704849	
0.086	0.992561928621	
0.087	0.992388147985	
0.088	0.992212362996	
0.089	0.992034573707	
0.09	0.99185478017	
0.091	0.991672982437	
0.092	0.99148918056	
0.093	0.991303374588	
0.094	0.991115564571	
0.095	0.99092575056	
0.096	0.990733932604	
0.097	0.990540110751	
0.098	0.990344285048	
0.099	0.990146455544	
0.1	0.989946622285	
0.101	0.989744785319	
0.102	0.989540944691	
0.103	0.989335100446	
0.104	0.989127252631	
0.105	0.988917401289	
0.106	0.988705546465	
0.107	0.988491688204	
0.108	0.988275826547	
0.109	0.98805796154	
0.11	0.987838093223	
0.111	0.98761622164	
0.112	0.987392346833	
0.113	0.987166468843	
0.114	0.986938587711	
0.115	0.986708703477	
0.116	0.986476816184	
0.117	0.986242925869	
0.118	0.986007032574	
0.119	0.985769136338	
0.12	0.9855292372	
0.121	0.985287335198	
0.122	0.985043430371	
0.123	0.984797522757	
0.124	0.984549612394	
0.125	0.984299699319	
0.126	0.98404778357	
0.127	0.983793865183	
0.128	0.983537944195	
0.129	0.983280020643	
0.13	0.983020094562	
0.131	0.982758165988	
0.132	0.982494234956	
0.133	0.982228301503	
0.134	0.981960365662	
0.135	0.981690427469	
0.136	0.981418486958	
0.137	0.981144544162	
0.138	0.980868599117	
0.139	0.980590651855	
0.14	0.98031070241	
0.141	0.980028750816	
0.142	0.979744797104	
0.143	0.979458841309	
0.144	0.979170883461	
0.145	0.978880923595	
0.146	0.978588961741	
0.147	0.978294997931	
0.148	0.977999032198	
0.149	0.977701064572	
0.15	0.977401095084	
0.151	0.977099123766	
0.152	0.976795150649	
0.153	0.976489175762	
0.154	0.976181199137	
0.155	0.975871220802	
0.156	0.97555924079	
0.157	0.975245259128	
0.158	0.974929275847	
0.159	0.974611290976	
0.16	0.974291304544	
0.161	0.97396931658	
0.162	0.973645327113	
0.163	0.973319336173	
0.164	0.972991343786	
0.165	0.972661349982	
0.166	0.972329354788	
0.167	0.971995358233	
0.168	0.971659360344	
0.169	0.97132136115	
0.17	0.970981360677	
0.171	0.970639358952	
0.172	0.970295356004	
0.173	0.969949351858	
0.174	0.969601346542	
0.175	0.969251340083	
0.176	0.968899332506	
0.177	0.968545323839	
0.178	0.968189314107	
0.179	0.967831303336	
0.18	0.967471291553	
0.181	0.967109278783	
0.182	0.966745265052	
0.183	0.966379250386	
0.184	0.966011234809	
0.185	0.965641218347	
0.186	0.965269201024	
0.187	0.964895182867	
0.188	0.9645191639	
0.189	0.964141144146	
0.19	0.963761123632	
0.191	0.963379102381	
0.192	0.962995080418	
0.193	0.962609057766	
0.194	0.962221034451	
0.195	0.961831010494	
0.196	0.961438985922	
0.197	0.961044960756	
0.198	0.960648935022	
0.199	0.960250908741	
0.2	0.959850881938	
0.201	0.959448854635	
0.202	0.959044826856	
0.203	0.958638798623	
0.204	0.95823076996	
0.205	0.957820740889	
0.206	0.957408711433	
0.207	0.956994681614	
0.208	0.956578651455	
0.209	0.956160620978	
0.21	0.955740590205	
0.211	0.955318559158	
0.212	0.95489452786	
0.213	0.954468496331	
0.214	0.954040464595	
0.215	0.953610432671	
0.216	0.953178400583	
0.217	0.952744368352	
0.218	0.952308335998	
0.219	0.951870303543	
0.22	0.951430271009	
0.221	0.950988238416	
0.222	0.950544205785	
0.223	0.950098173138	
0.224	0.949650140494	
0.225	0.949200107875	
0.226	0.948748075302	
0.227	0.948294042794	
0.228	0.947838010372	
0.229	0.947379978057	
0.23	0.946919945869	
0.231	0.946457913827	
0.232	0.945993881953	
0.233	0.945527850265	
0.234	0.945059818785	
0.235	0.944589787531	
0.236	0.944117756523	
0.237	0.943643725781	
0.238	0.943167695325	
0.239	0.942689665173	
0.24	0.942209635346	
0.241	0.941727605863	
0.242	0.941243576743	
0.243	0.940757548004	
0.244	0.940269519667	
0.245	0.93977949175	
0.246	0.939287464272	
0.247	0.938793437251	
0.248	0.938297410707	
0.249	0.937799384659	
0.25	0.937299359124	
0.251	0.936797334122	
0.252	0.936293309671	
0.253	0.935787285788	
0.254	0.935279262494	
0.255	0.934769239805	
0.256	0.93425721774	
0.257	0.933743196317	
0.258	0.933227175554	
0.259	0.932709155469	
0.26	0.93218913608	
0.261	0.931667117405	
0.262	0.931143099461	
0.263	0.930617082266	
0.264	0.930089065838	
0.265	0.929559050194	
0.266	0.929027035352	
0.267	0.928493021329	
0.268	0.927957008142	
0.269	0.92741899581	
0.27	0.926878984348	
0.271	0.926336973774	
0.272	0.925792964106	
0.273	0.92524695536	
0.274	0.924698947553	
0.275	0.924148940702	
0.276	0.923596934824	
0.277	0.923042929936	
0.278	0.922486926054	
0.279	0.921928923196	
0.28	0.921368921377	
0.281	0.920806920614	
0.282	0.920242920924	
0.283	0.919676922323	
0.284	0.919108924827	
0.285	0.918538928454	
0.286	0.917966933218	
0.287	0.917392939136	
0.288	0.916816946225	
0.289	0.9162389545	
0.29	0.915658963978	
0.291	0.915076974674	
0.292	0.914492986604	
0.293	0.913906999785	
0.294	0.913319014231	
0.295	0.912729029959	
0.296	0.912137046985	
0.297	0.911543065323	
0.298	0.91094708499	
0.299	0.910349106001	
0.3	0.909749128372	
0.301	0.909147152118	
0.302	0.908543177254	
0.303	0.907937203796	
0.304	0.907329231759	
0.305	0.906719261159	
0.306	0.906107292009	
0.307	0.905493324327	
0.308	0.904877358126	
0.309	0.904259393421	
0.31	0.903639430228	
0.311	0.903017468562	
0.312	0.902393508437	
0.313	0.901767549868	
0.314	0.901139592871	
0.315	0.900509637459	
0.316	0.899877683648	
0.317	0.899243731452	
0.318	0.898607780885	
0.319	0.897969831963	
0.32	0.8973298847	
0.321	0.89668793911	
0.322	0.896043995207	
0.323	0.895398053007	
0.324	0.894750112523	
0.325	0.894100173769	
0.326	0.893448236761	
0.327	0.892794301511	
0.328	0.892138368035	
0.329	0.891480436346	
0.33	0.890820506459	
0.331	0.890158578386	
0.332	0.889494652144	
0.333	0.888828727744	
0.334	0.888160805202	
0.335	0.887490884531	
0.336	0.886818965744	
0.337	0.886145048857	
0.338	0.885469133882	
0.339	0.884791220832	
0.34	0.884111309723	
0.341	0.883429400567	
0.342	0.882745493377	
0.343	0.882059588168	
0.344	0.881371684953	
0.345	0.880681783746	
0.346	0.879989884559	
0.347	0.879295987406	
0.348	0.878600092301	
0.349	0.877902199256	
0.35	0.877202308286	
0.351	0.876500419402	
0.352	0.875796532619	
0.353	0.87509064795	
0.354	0.874382765407	
0.355	0.873672885004	
0.356	0.872961006754	
0.357	0.872247130669	
0.358	0.871531256763	
0.359	0.870813385049	
0.36	0.870093515539	
0.361	0.869371648247	
0.362	0.868647783185	
0.363	0.867921920365	
0.364	0.867194059802	
0.365	0.866464201506	
0.366	0.865732345492	
0.367	0.864998491772	
0.368	0.864262640357	
0.369	0.863524791262	
0.37	0.862784944498	
0.371	0.862043100078	
0.372	0.861299258014	
0.373	0.860553418319	
0.374	0.859805581005	
0.375	0.859055746085	
0.376	0.858303913571	
0.377	0.857550083474	
0.378	0.856794255809	
0.379	0.856036430586	
0.38	0.855276607817	
0.381	0.854514787516	
0.382	0.853750969694	
0.383	0.852985154364	
0.384	0.852217341537	
0.385	0.851447531225	
0.386	0.85067572344	
0.387	0.849901918195	
0.388	0.849126115502	
0.389	0.848348315372	
0.39	0.847568517816	
0.391	0.846786722848	
0.392	0.846002930479	
0.393	0.84521714072	
0.394	0.844429353584	
0.395	0.843639569082	
0.396	0.842847787225	
0.397	0.842054008027	
0.398	0.841258231497	
0.399	0.840460457648	
0.4	0.839660686492	
0.401	0.838858918039	
0.402	0.838055152302	
0.403	0.837249389292	
0.404	0.83644162902	
0.405	0.835631871498	
0.406	0.834820116738	
0.407	0.83400636475	
0.408	0.833190615546	
0.409	0.832372869138	
0.41	0.831553125536	
0.411	0.830731384752	
0.412	0.829907646798	
0.413	0.829081911684	
0.414	0.828254179421	
0.415	0.827424450021	
0.416	0.826592723495	
0.417	0.825758999855	
0.418	0.82492327911	
0.419	0.824085561272	
0.42	0.823245846353	
0.421	0.822404134363	
0.422	0.821560425313	
0.423	0.820714719214	
0.424	0.819867016078	
0.425	0.819017315914	
0.426	0.818165618734	
0.427	0.817311924549	
0.428	0.816456233369	
0.429	0.815598545206	
0.43	0.81473886007	
0.431	0.813877177972	
0.432	0.813013498922	
0.433	0.812147822932	
0.434	0.811280150011	
0.435	0.810410480172	
0.436	0.809538813423	
0.437	0.808665149776	
0.438	0.807789489242	
0.439	0.806911831831	
0.44	0.806032177553	
0.441	0.805150526419	
0.442	0.804266878439	
0.443	0.803381233625	
0.444	0.802493591986	
0.445	0.801603953533	
0.446	0.800712318276	
0.447	0.799818686225	
0.448	0.798923057391	
0.449	0.798025431785	
0.45	0.797125809416	
0.451	0.796224190294	
0.452	0.795320574431	
0.453	0.794414961836	
0.454	0.793507352519	
0.455	0.792597746491	
0.456	0.791686143762	
0.457	0.790772544342	
0.458	0.78985694824	
0.459	0.788939355468	
0.46	0.788019766035	
0.461	0.787098179951	
0.462	0.786174597226	
0.463	0.785249017871	
0.464	0.784321441894	
0.465	0.783391869307	
0.466	0.782460300119	
0.467	0.781526734341	
0.468	0.780591171981	
0.469	0.779653613049	
0.47	0.778714057557	
0.471	0.777772505513	
0.472	0.776828956927	
0.473	0.775883411809	
0.474	0.77493587017	
0.475	0.773986332018	
0.476	0.773034797363	
0.477	0.772081266215	
0.478	0.771125738584	
0.479	0.770168214479	
0.48	0.769208693911	
0.481	0.768247176888	
0.482	0.76728366342	
0.483	0.766318153517	
0.484	0.765350647189	
0.485	0.764381144444	
0.486	0.763409645293	
0.487	0.762436149745	
0.488	0.76146065781	
0.489	0.760483169497	
0.49	0.759503684815	
0.491	0.758522203773	
0.492	0.757538726382	
0.493	0.756553252651	
0.494	0.755565782589	
0.495	0.754576316205	
0.496	0.753584853509	
0.497	0.752591394509	
0.498	0.751595939217	
0.499	0.750598487639	
0.5	0.749599039787	
0.501	0.748597595668	
0.502	0.747594155293	
0.503	0.746588718671	
0.504	0.74558128581	
0.505	0.74457185672	
0.506	0.74356043141	
0.507	0.742547009889	
0.508	0.741531592166	
0.509	0.740514178251	
0.51	0.739494768152	
0.511	0.738473361879	
0.512	0.73744995944	
0.513	0.736424560845	
0.514	0.735397166102	
0.515	0.734367775221	
0.516	0.73333638821	
0.517	0.732303005079	
0.518	0.731267625836	
0.519	0.730230250491	
0.52	0.729190879051	
0.521	0.728149511527	
0.522	0.727106147927	
0.523	0.726060788259	
0.524	0.725013432534	
0.525	0.723964080758	
0.526	0.722912732942	
0.527	0.721859389094	
0.528	0.720804049223	
0.529	0.719746713337	
0.53	0.718687381446	
0.531	0.717626053557	
0.532	0.716562729681	
0.533	0.715497409824	
0.534	0.714430093997	
0.535	0.713360782207	
0.536	0.712289474464	
0.537	0.711216170776	
0.538	0.710140871151	
0.539	0.709063575599	
0.54	0.707984284127	
0.541	0.706902996744	
0.542	0.705819713459	
0.543	0.704734434281	
0.544	0.703647159217	
0.545	0.702557888276	
0.546	0.701466621468	
0.547	0.7003733588	
0.548	0.69927810028	
0.549	0.698180845917	
0.55	0.69708159572	
0.551	0.695980349697	
0.552	0.694877107856	
0.553	0.693771870206	
0.554	0.692664636755	
0.555	0.691555407512	
0.556	0.690444182484	
0.557	0.689330961679	
0.558	0.688215745108	
0.559	0.687098532777	
0.56	0.685979324694	
0.561	0.684858120869	
0.562	0.683734921309	
0.563	0.682609726023	
0.564	0.681482535018	
0.565	0.680353348303	
0.566	0.679222165886	
0.567	0.678088987776	
0.568	0.67695381398	
0.569	0.675816644506	
0.57	0.674677479363	
0.571	0.673536318559	
0.572	0.672393162102	
0.573	0.671248009999	
0.574	0.67010086226	
0.575	0.668951718891	
0.576	0.667800579902	
0.577	0.666647445299	
0.578	0.665492315092	
0.579	0.664335189287	
0.58	0.663176067894	
0.581	0.66201495092	
0.582	0.660851838372	
0.583	0.65968673026	
0.584	0.65851962659	
0.585	0.657350527371	
0.586	0.656179432611	
0.587	0.655006342317	
0.588	0.653831256497	
0.589	0.652654175159	
0.59	0.651475098312	
0.591	0.650294025962	
0.592	0.649110958118	
0.593	0.647925894788	
0.594	0.646738835979	
0.595	0.645549781699	
0.596	0.644358731955	
0.597	0.643165686756	
0.598	0.64197064611	
0.599	0.640773610023	
0.6	0.639574578504	
0.601	0.63837355156	
0.602	0.6371705292	
0.603	0.63596551143	
0.604	0.634758498259	
0.605	0.633549489693	
0.606	0.632338485742	
0.607	0.631125486411	
0.608	0.62991049171	
0.609	0.628693501645	
0.61	0.627474516224	
0.611	0.626253535455	
0.612	0.625030559345	
0.613	0.623805587902	
0.614	0.622578621133	
0.615	0.621349659046	
0.616	0.620118701648	
0.617	0.618885748947	
0.618	0.61765080095	
0.619	0.616413857665	
0.62	0.615174919099	
0.621	0.61393398526	
0.622	0.612691056155	
0.623	0.611446131791	
0.624	0.610199212176	
0.625	0.608950297318	
0.626	0.607699387223	
0.627	0.6064464819	
0.628	0.605191581355	
0.629	0.603934685595	
0.63	0.602675794629	
0.631	0.601414908464	
0.632	0.600152027106	
0.633	0.598887150563	
0.634	0.597620278842	
0.635	0.596351411952	
0.636	0.595080549898	
0.637	0.593807692688	
0.638	0.59253284033	
0.639	0.59125599283	
0.64	0.589977150197	
0.641	0.588696312436	
0.642	0.587413479556	
0.643	0.586128651563	
0.644	0.584841828465	
0.645	0.583553010269	
0.646	0.582262196982	
0.647	0.580969388611	
0.648	0.579674585163	
0.649	0.578377786646	
0.65	0.577078993066	
0.651	0.575778204431	
0.652	0.574475420748	
0.653	0.573170642023	
0.654	0.571863868264	
0.655	0.570555099478	
0.656	0.569244335672	
0.657	0.567931576854	
0.658	0.566616823029	
0.659	0.565300074205	
0.66	0.563981330389	
0.661	0.562660591588	
0.662	0.56133785781	
0.663	0.56001312906	
0.664	0.558686405346	
0.665	0.557357686676	
0.666	0.556026973055	
0.667	0.554694264491	
0.668	0.55335956099	
0.669	0.55202286256	
0.67	0.550684169208	
0.671	0.54934348094	
0.672	0.548000797764	
0.673	0.546656119685	
0.674	0.545309446712	
0.675	0.54396077885	
0.676	0.542610116107	
0.677	0.54125745849	
0.678	0.539902806005	
0.679	0.538546158659	
0.68	0.537187516459	
0.681	0.535826879412	
0.682	0.534464247525	
0.683	0.533099620803	
0.684	0.531732999255	
0.685	0.530364382886	
0.686	0.528993771704	
0.687	0.527621165716	
0.688	0.526246564927	
0.689	0.524869969345	
0.69	0.523491378976	
0.691	0.522110793828	
0.692	0.520728213906	
0.693	0.519343639217	
0.694	0.517957069769	
0.695	0.516568505567	
0.696	0.515177946619	
0.697	0.51378539293	
0.698	0.512390844509	
0.699	0.51099430136	
0.7	0.509595763492	
0.701	0.508195230909	
0.702	0.50679270362	
0.703	0.505388181631	
0.704	0.503981664947	
0.705	0.502573153576	
0.706	0.501162647525	
0.707	0.499750146799	
0.708	0.498335651406	
0.709	0.496919161351	
0.71	0.495500676642	
0.711	0.494080197284	
0.712	0.492657723285	
0.713	0.491233254651	
0.714	0.489806791388	
0.715	0.488378333503	
0.716	0.486947881002	
0.717	0.485515433891	
0.718	0.484080992178	
0.719	0.482644555868	
0.72	0.481206124968	
0.721	0.479765699485	
0.722	0.478323279424	
0.723	0.476878864793	
0.724	0.475432455596	
0.725	0.473984051842	
0.726	0.472533653536	
0.727	0.471081260685	
0.728	0.469626873294	
0.729	0.468170491371	
0.73	0.466712114922	
0.731	0.465251743952	
0.732	0.463789378469	
0.733	0.462325018478	
0.734	0.460858663986	
0.735	0.459390315	
0.736	0.457919971524	
0.737	0.456447633567	
0.738	0.454973301133	
0.739	0.453496974229	
0.74	0.452018652862	
0.741	0.450538337038	
0.742	0.449056026763	
0.743	0.447571722042	
0.744	0.446085422883	
0.745	0.444597129292	
0.746	0.443106841274	
0.747	0.441614558837	
0.748	0.440120281985	
0.749	0.438624010726	
0.75	0.437125745065	
0.751	0.435625485008	
0.752	0.434123230563	
0.753	0.432618981734	
0.754	0.431112738528	
0.755	0.429604500951	
0.756	0.42809426901	
0.757	0.42658204271	
0.758	0.425067822057	
0.759	0.423551607058	
0.76	0.422033397718	
0.761	0.420513194044	
0.762	0.418990996042	
0.763	0.417466803717	
0.764	0.415940617077	
0.765	0.414412436126	
0.766	0.412882260871	
0.767	0.411350091318	
0.768	0.409815927473	
0.769	0.408279769342	
0.77	0.40674161693	
0.771	0.405201470245	
0.772	0.403659329292	
0.773	0.402115194076	
0.774	0.400569064605	
0.775	0.399020940883	
0.776	0.397470822917	
0.777	0.395918710712	
0.778	0.394364604276	
0.779	0.392808503613	
0.78	0.391250408729	
0.781	0.389690319631	
0.782	0.388128236324	
0.783	0.386564158814	
0.784	0.384998087108	
0.785	0.38343002121	
0.786	0.381859961128	
0.787	0.380287906866	
0.788	0.37871385843	
0.789	0.377137815828	
0.79	0.375559779063	
0.791	0.373979748143	
0.792	0.372397723072	
0.793	0.370813703858	
0.794	0.369227690505	
0.795	0.36763968302	
0.796	0.366049681407	
0.797	0.364457685674	
0.798	0.362863695826	
0.799	0.361267711868	
0.8	0.359669733807	
0.801	0.358069761647	
0.802	0.356467795396	
0.803	0.354863835058	
0.804	0.35325788064	
0.805	0.351649932147	
0.806	0.350039989585	
0.807	0.348428052959	
0.808	0.346814122276	
0.809	0.345198197541	
0.81	0.343580278759	
0.811	0.341960365937	
0.812	0.34033845908	
0.813	0.338714558194	
0.814	0.337088663284	
0.815	0.335460774356	
0.816	0.333830891416	
0.817	0.33219901447	
0.818	0.330565143522	
0.819	0.32892927858	
0.82	0.327291419648	
0.821	0.325651566731	
0.822	0.324009719837	
0.823	0.322365878969	
0.824	0.320720044135	
0.825	0.319072215338	
0.826	0.317422392586	
0.827	0.315770575883	
0.828	0.314116765236	
0.829	0.312460960649	
0.83	0.310803162129	
0.831	0.30914336968	
0.832	0.307481583309	
0.833	0.305817803021	
0.834	0.304152028822	
0.835	0.302484260716	
0.836	0.30081449871	
0.837	0.299142742809	
0.838	0.297468993019	
0.839	0.295793249344	
0.84	0.294115511792	
0.841	0.292435780366	
0.842	0.290754055073	
0.843	0.289070335918	
0.844	0.287384622906	
0.845	0.285696916044	
0.846	0.284007215335	
0.847	0.282315520787	
0.848	0.280621832404	
0.849	0.278926150192	
0.85	0.277228474156	
0.851	0.275528804302	
0.852	0.273827140635	
0.853	0.27212348316	
0.854	0.270417831883	
0.855	0.268710186809	
0.856	0.267000547944	
0.857	0.265288915293	
0.858	0.263575288862	
0.859	0.261859668655	
0.86	0.260142054678	
0.861	0.258422446937	
0.862	0.256700845437	
0.863	0.254977250184	
0.864	0.253251661181	
0.865	0.251524078436	
0.866	0.249794501953	
0.867	0.248062931737	
0.868	0.246329367795	
0.869	0.244593810131	
0.87	0.24285625875	
0.871	0.241116713658	
0.872	0.23937517486	
0.873	0.237631642362	
0.874	0.235886116168	
0.875	0.234138596284	
0.876	0.232389082716	
0.877	0.230637575468	
0.878	0.228884074546	
0.879	0.227128579955	
0.88	0.2253710917	
0.881	0.223611609786	
0.882	0.22185013422	
0.883	0.220086665005	
0.884	0.218321202148	
0.885	0.216553745653	
0.886	0.214784295525	
0.887	0.213012851771	
0.888	0.211239414394	
0.889	0.209463983401	
0.89	0.207686558796	
0.891	0.205907140585	
0.892	0.204125728772	
0.893	0.202342323364	
0.894	0.200556924364	
0.895	0.198769531779	
0.896	0.196980145613	
0.897	0.195188765872	
0.898	0.19339539256	
0.899	0.191600025684	
0.9	0.189802665247	
0.901	0.188003311255	
0.902	0.186201963714	
0.903	0.184398622628	
0.904	0.182593288002	
0.905	0.180785959842	
0.906	0.178976638153	
0.907	0.177165322939	
0.908	0.175352014206	
0.909	0.173536711959	
0.91	0.171719416203	
0.911	0.169900126943	
0.912	0.168078844184	
0.913	0.166255567931	
0.914	0.164430298189	
0.915	0.162603034964	
0.916	0.16077377826	
0.917	0.158942528082	
0.918	0.157109284435	
0.919	0.155274047325	
0.92	0.153436816756	
0.921	0.151597592734	
0.922	0.149756375263	
0.923	0.147913164349	
0.924	0.146067959996	
0.925	0.144220762209	
0.926	0.142371570993	
0.927	0.140520386354	
0.928	0.138667208297	
0.929	0.136812036825	
0.93	0.134954871945	
0.931	0.133095713661	
0.932	0.131234561979	
0.933	0.129371416902	
0.934	0.127506278437	
0.935	0.125639146587	
0.936	0.123770021358	
0.937	0.121898902756	
0.938	0.120025790784	
0.939	0.118150685447	
0.94	0.116273586752	
0.941	0.114394494702	
0.942	0.112513409302	
0.943	0.110630330557	
0.944	0.108745258473	
0.945	0.106858193054	
0.946	0.104969134305	
0.947	0.103078082231	
0.948	0.101185036836	
0.949	0.0992899981259	
0.95	0.0973929661052	
0.951	0.0954939407789	
0.952	0.0935929221516	
0.953	0.0916899102284	
0.954	0.0897849050139	
0.955	0.0878779065131	
0.956	0.0859689147308	
0.957	0.0840579296717	
0.958	0.0821449513408	
0.959	0.0802299797428	
0.96	0.0783130148826	
0.961	0.0763940567648	
0.962	0.0744731053944	
0.963	0.0725501607762	
0.964	0.0706252229148	
0.965	0.0686982918152	
0.966	0.066769367482	
0.967	0.0648384499201	
0.968	0.0629055391342	
0.969	0.0609706351291	
0.97	0.0590337379095	
0.971	0.0570948474802	
0.972	0.055153963846	
0.973	0.0532110870115	
0.974	0.0512662169816	
0.975	0.0493193537609	
0.976	0.0473704973542	
0.977	0.0454196477663	
0.978	0.0434668050017	
0.979	0.0415119690653	
0.98	0.0395551399617	
0.981	0.0375963176957	
0.982	0.035635502272	
0.983	0.0336726936952	
0.984	0.0317078919701	
0.985	0.0297410971013	
0.986	0.0277723090935	
0.987	0.0258015279513	
0.988	0.0238287536796	
0.989	0.0218539862828	
0.99	0.0198772257658	
0.991	0.017898472133	
0.992	0.0159177253893	
0.993	0.0139349855392	
0.994	0.0119502525874	
0.995	0.00996352653855	
0.996	0.00797480739723	
0.997	0.00598409516809	
0.998	0.00399138985576	
0.999	0.00199669146486	
1.0	0.0	
