0.0	1.0	
0.001	0.999998846101	
0.002	0.999995450229	
0.003	0.999989848668	
0.004	0.999982060454	
0.005	0.999972098777	
0.006	0.999959973751	
0.007	0.999945693581	
0.008	0.99992926517	
0.009	0.99991069447	
0.01	0.999889986718	
0.011	0.999867146584	
0.012	0.99984217828	
0.013	0.999815085645	
0.014	0.999785872206	
0.015	0.999754541217	
0.016	0.999721095709	
0.017	0.999685538508	
0.018	0.999647872268	
0.019	0.999608099486	
0.02	0.999566222523	
0.021	0.999522243615	
0.022	0.999476164886	
0.023	0.999427988362	
0.024	0.999377715974	
0.025	0.999325349571	
0.026	0.999270890922	
0.027	0.99921434173	
0.028	0.999155703628	
0.029	0.999094978191	
0.03	0.999032166935	
0.031	0.998967271327	
0.032	0.998900292782	
0.033	0.998831232671	
0.034	0.99876009232	
0.035	0.998686873017	
0.036	0.99861157601	
0.037	0.998534202511	
0.038	0.9984547537	
0.039	0.998373230723	
0.04	0.998289634696	
0.041	0.998203966707	
0.042	0.998116227817	
0.043	0.998026419058	
0.044	0.997934541441	
0.045	0.99784059595	
0.046	0.997744583548	
0.047	0.997646505177	
0.048	0.997546361758	
0.049	0.99744415419	
0.05	0.997339883357	
0.051	0.997233550121	
0.052	0.997125155328	
0.053	0.99701469981	
0.054	0.996902184377	
0.055	0.996787609829	
0.056	0.996670976949	
0.057	0.996552286504	
0.058	0.996431539249	
0.059	0.996308735926	
0.06	0.996183877262	
0.061	0.996056963974	
0.062	0.995927996765	
0.063	0.995796976328	
0.064	0.995663903342	
0.065	0.995528778477	
0.066	0.995391602394	
0.067	0.99525237574	
0.068	0.995111099155	
0.069	0.994967773267	
0.07	0.994822398698	
0.071	0.994674976056	
0.072	0.994525505946	
0.073	0.994373988959	
0.074	0.994220425681	
0.075	0.994064816689	
0.076	0.993907162551	
0.077	0.99374746383	
0.078	0.993585721078	
0.079	0.993421934842	
0.08	0.993256105662	
0.081	0.99308823407	
0.082	0.992918320592	
0.083	0.992746365747	
0.084	0.992572370048	
0.085	0.992396334001	
0.086	0.992218258106	
0.087	0.992038142858	
0.088	0.991855988746	
0.089	0.991671796251	
0.09	0.991485565852	
0.091	0.991297298021	
0.092	0.991106993222	
0.093	0.990914651919	
0.094	0.990720274567	
0.095	0.990523861618	
0.096	0.990325413517	
0.097	0.990124930706	
0.098	0.989922413623	
0.099	0.989717862699	
0.1	0.989511278363	
0.101	0.989302661038	
0.102	0.989092011142	
0.103	0.988879329092	
0.104	0.988664615297	
0.105	0.988447870165	
0.106	0.988229094098	
0.107	0.988008287495	
0.108	0.987785450752	
0.109	0.987560584259	
0.11	0.987333688404	
0.111	0.987104763572	
0.112	0.986873810142	
0.113	0.986640828492	
0.114	0.986405818995	
0.115	0.986168782022	
0.116	0.985929717939	
0.117	0.985688627111	
0.118	0.985445509897	
0.119	0.985200366655	
0.12	0.984953197739	
0.121	0.9847040035	
0.122	0.984452784287	
0.123	0.984199540446	
0.124	0.983944272317	
0.125	0.983686980242	
0.126	0.983427664557	
0.127	0.983166325596	
0.128	0.982902963691	
0.129	0.98263757917	
0.13	0.98237017236	
0.131	0.982100743584	
0.132	0.981829293162	
0.133	0.981555821415	
0.134	0.981280328657	
0.135	0.981002815203	
0.136	0.980723281363	
0.137	0.980441727448	
0.138	0.980158153763	
0.139	0.979872560612	
0.14	0.979584948299	
0.141	0.979295317122	
0.142	0.97900366738	
0.143	0.978709999368	
0.144	0.97841431338	
0.145	0.978116609707	
0.146	0.977816888639	
0.147	0.977515150462	
0.148	0.977211395462	
0.149	0.976905623923	
0.15	0.976597836125	
0.151	0.976288032349	
0.152	0.975976212872	
0.153	0.975662377968	
0.154	0.975346527914	
0.155	0.975028662979	
0.156	0.974708783435	
0.157	0.974386889551	
0.158	0.974062981592	
0.159	0.973737059823	
0.16	0.973409124509	
0.161	0.973079175911	
0.162	0.972747214288	
0.163	0.972413239898	
0.164	0.972077253	
0.165	0.971739253846	
0.166	0.971399242692	
0.167	0.971057219789	
0.168	0.970713185387	
0.169	0.970367139735	
0.17	0.970019083081	
0.171	0.96966901567	
0.172	0.969316937747	
0.173	0.968962849554	
0.174	0.968606751333	
0.175	0.968248643325	
0.176	0.967888525767	
0.177	0.967526398898	
0.178	0.967162262952	
0.179	0.966796118165	
0.18	0.96642796477	
0.181	0.966057802999	
0.182	0.965685633081	
0.183	0.965311455247	
0.184	0.964935269724	
0.185	0.96455707674	
0.186	0.964176876519	
0.187	0.963794669286	
0.188	0.963410455264	
0.189	0.963024234674	
0.19	0.962636007738	
0.191	0.962245774674	
0.192	0.961853535701	
0.193	0.961459291035	
0.194	0.961063040894	
0.195	0.960664785491	
0.196	0.96026452504	
0.197	0.959862259754	
0.198	0.959457989843	
0.199	0.95905171552	
0.2	0.958643436991	
0.201	0.958233154467	
0.202	0.957820868154	
0.203	0.957406578257	
0.204	0.956990284983	
0.205	0.956571988534	
0.206	0.956151689115	
0.207	0.955729386927	
0.208	0.95530508217	
0.209	0.954878775045	
0.21	0.954450465752	
0.211	0.954020154487	
0.212	0.953587841448	
0.213	0.953153526832	
0.214	0.952717210832	
0.215	0.952278893645	
0.216	0.951838575462	
0.217	0.951396256476	
0.218	0.95095193688	
0.219	0.950505616863	
0.22	0.950057296614	
0.221	0.949606976324	
0.222	0.94915465618	
0.223	0.948700336369	
0.224	0.948244017077	
0.225	0.947785698489	
0.226	0.947325380791	
0.227	0.946863064166	
0.228	0.946398748796	
0.229	0.945932434864	
0.23	0.945464122551	
0.231	0.944993812038	
0.232	0.944521503504	
0.233	0.944047197127	
0.234	0.943570893087	
0.235	0.94309259156	
0.236	0.942612292722	
0.237	0.942129996751	
0.238	0.941645703819	
0.239	0.941159414103	
0.24	0.940671127775	
0.241	0.940180845007	
0.242	0.939688565973	
0.243	0.939194290843	
0.244	0.938698019788	
0.245	0.938199752978	
0.246	0.937699490581	
0.247	0.937197232767	
0.248	0.936692979703	
0.249	0.936186731556	
0.25	0.935678488492	
0.251	0.935168250678	
0.252	0.934656018277	
0.253	0.934141791456	
0.254	0.933625570376	
0.255	0.933107355201	
0.256	0.932587146094	
0.257	0.932064943217	
0.258	0.931540746729	
0.259	0.931014556793	
0.26	0.930486373567	
0.261	0.92995619721	
0.262	0.929424027882	
0.263	0.92888986574	
0.264	0.928353710942	
0.265	0.927815563644	
0.266	0.927275424002	
0.267	0.926733292172	
0.268	0.926189168309	
0.269	0.925643052567	
0.27	0.925094945099	
0.271	0.92454484606	
0.272	0.923992755601	
0.273	0.923438673874	
0.274	0.922882601031	
0.275	0.922324537223	
0.276	0.9217644826	
0.277	0.921202437312	
0.278	0.920638401508	
0.279	0.920072375336	
0.28	0.919504358945	
0.281	0.918934352482	
0.282	0.918362356095	
0.283	0.917788369929	
0.284	0.917212394131	
0.285	0.916634428847	
0.286	0.91605447422	
0.287	0.915472530395	
0.288	0.914888597517	
0.289	0.914302675729	
0.29	0.913714765173	
0.291	0.913124865992	
0.292	0.912532978328	
0.293	0.911939102321	
0.294	0.911343238114	
0.295	0.910745385846	
0.296	0.910145545657	
0.297	0.909543717687	
0.298	0.908939902074	
0.299	0.908334098958	
0.3	0.907726308475	
0.301	0.907116530764	
0.302	0.906504765961	
0.303	0.905891014203	
0.304	0.905275275627	
0.305	0.904657550367	
0.306	0.904037838559	
0.307	0.903416140338	
0.308	0.902792455838	
0.309	0.902166785193	
0.31	0.901539128536	
0.311	0.900909486001	
0.312	0.900277857719	
0.313	0.899644243824	
0.314	0.899008644446	
0.315	0.898371059716	
0.316	0.897731489767	
0.317	0.897089934727	
0.318	0.896446394727	
0.319	0.895800869897	
0.32	0.895153360366	
0.321	0.894503866262	
0.322	0.893852387714	
0.323	0.893198924849	
0.324	0.892543477795	
0.325	0.89188604668	
0.326	0.89122663163	
0.327	0.89056523277	
0.328	0.889901850228	
0.329	0.889236484129	
0.33	0.888569134597	
0.331	0.887899801758	
0.332	0.887228485736	
0.333	0.886555186654	
0.334	0.885879904637	
0.335	0.885202639807	
0.336	0.884523392288	
0.337	0.883842162202	
0.338	0.883158949671	
0.339	0.882473754817	
0.34	0.88178657776	
0.341	0.881097418623	
0.342	0.880406277525	
0.343	0.879713154588	
0.344	0.87901804993	
0.345	0.878320963671	
0.346	0.877621895931	
0.347	0.876920846829	
0.348	0.876217816482	
0.349	0.87551280501	
0.35	0.874805812529	
0.351	0.874096839158	
0.352	0.873385885013	
0.353	0.872672950212	
0.354	0.87195803487	
0.355	0.871241139103	
0.356	0.870522263029	
0.357	0.869801406761	
0.358	0.869078570415	
0.359	0.868353754106	
0.36	0.867626957948	
0.361	0.866898182056	
0.362	0.866167426543	
0.363	0.865434691522	
0.364	0.864699977108	
0.365	0.863963283412	
0.366	0.863224610547	
0.367	0.862483958625	
0.368	0.861741327759	
0.369	0.86099671806	
0.37	0.860250129639	
0.371	0.859501562607	
0.372	0.858751017074	
0.373	0.857998493152	
0.374	0.85724399095	
0.375	0.856487510578	
0.376	0.855729052145	
0.377	0.854968615761	
0.378	0.854206201535	
0.379	0.853441809574	
0.38	0.852675439988	
0.381	0.851907092883	
0.382	0.851136768369	
0.383	0.850364466552	
0.384	0.84959018754	
0.385	0.848813931439	
0.386	0.848035698356	
0.387	0.847255488397	
0.388	0.846473301668	
0.389	0.845689138275	
0.39	0.844902998323	
0.391	0.844114881918	
0.392	0.843324789164	
0.393	0.842532720165	
0.394	0.841738675028	
0.395	0.840942653854	
0.396	0.840144656748	
0.397	0.839344683815	
0.398	0.838542735156	
0.399	0.837738810875	
0.4	0.836932911074	
0.401	0.836125035857	
0.402	0.835315185325	
0.403	0.83450335958	
0.404	0.833689558724	
0.405	0.832873782859	
0.406	0.832056032085	
0.407	0.831236306504	
0.408	0.830414606216	
0.409	0.829590931321	
0.41	0.82876528192	
0.411	0.827937658113	
0.412	0.827108059999	
0.413	0.826276487678	
0.414	0.825442941248	
0.415	0.82460742081	
0.416	0.823769926461	
0.417	0.8229304583	
0.418	0.822089016425	
0.419	0.821245600935	
0.42	0.820400211926	
0.421	0.819552849497	
0.422	0.818703513744	
0.423	0.817852204765	
0.424	0.816998922656	
0.425	0.816143667514	
0.426	0.815286439436	
0.427	0.814427238516	
0.428	0.813566064852	
0.429	0.812702918539	
0.43	0.811837799672	
0.431	0.810970708347	
0.432	0.810101644657	
0.433	0.809230608699	
0.434	0.808357600566	
0.435	0.807482620353	
0.436	0.806605668154	
0.437	0.805726744063	
0.438	0.804845848173	
0.439	0.803962980578	
0.44	0.80307814137	
0.441	0.802191330644	
0.442	0.801302548491	
0.443	0.800411795004	
0.444	0.799519070275	
0.445	0.798624374398	
0.446	0.797727707462	
0.447	0.796829069561	
0.448	0.795928460785	
0.449	0.795025881226	
0.45	0.794121330975	
0.451	0.793214810123	
0.452	0.79230631876	
0.453	0.791395856977	
0.454	0.790483424864	
0.455	0.789569022511	
0.456	0.788652650008	
0.457	0.787734307445	
0.458	0.786813994911	
0.459	0.785891712494	
0.46	0.784967460286	
0.461	0.784041238373	
0.462	0.783113046845	
0.463	0.78218288579	
0.464	0.781250755296	
0.465	0.780316655452	
0.466	0.779380586345	
0.467	0.778442548064	
0.468	0.777502540694	
0.469	0.776560564325	
0.47	0.775616619042	
0.471	0.774670704933	
0.472	0.773722822084	
0.473	0.772772970582	
0.474	0.771821150514	
0.475	0.770867361965	
0.476	0.769911605021	
0.477	0.768953879769	
0.478	0.767994186293	
0.479	0.76703252468	
0.48	0.766068895014	
0.481	0.76510329738	
0.482	0.764135731864	
0.483	0.76316619855	
0.484	0.762194697522	
0.485	0.761221228866	
0.486	0.760245792664	
0.487	0.759268389001	
0.488	0.758289017962	
0.489	0.757307679628	
0.49	0.756324374085	
0.491	0.755339101415	
0.492	0.754351861701	
0.493	0.753362655026	
0.494	0.752371481473	
0.495	0.751378341125	
0.496	0.750383234064	
0.497	0.749386160372	
0.498	0.748387120132	
0.499	0.747386113424	
0.5	0.746383140332	
0.501	0.745378200936	
0.502	0.744371295319	
0.503	0.74336242356	
0.504	0.742351585742	
0.505	0.741338781945	
0.506	0.740324012249	
0.507	0.739307276737	
0.508	0.738288575487	
0.509	0.737267908581	
0.51	0.736245276098	
0.511	0.735220678118	
0.512	0.734194114721	
0.513	0.733165585987	
0.514	0.732135091996	
0.515	0.731102632825	
0.516	0.730068208556	
0.517	0.729031819265	
0.518	0.727993465034	
0.519	0.726953145939	
0.52	0.72591086206	
0.521	0.724866613476	
0.522	0.723820400263	
0.523	0.722772222501	
0.524	0.721722080267	
0.525	0.720669973639	
0.526	0.719615902694	
0.527	0.718559867511	
0.528	0.717501868166	
0.529	0.716441904736	
0.53	0.715379977299	
0.531	0.714316085932	
0.532	0.71325023071	
0.533	0.712182411711	
0.534	0.711112629012	
0.535	0.710040882687	
0.536	0.708967172815	
0.537	0.707891499469	
0.538	0.706813862727	
0.539	0.705734262664	
0.54	0.704652699356	
0.541	0.703569172877	
0.542	0.702483683304	
0.543	0.701396230711	
0.544	0.700306815174	
0.545	0.699215436767	
0.546	0.698122095564	
0.547	0.697026791642	
0.548	0.695929525073	
0.549	0.694830295932	
0.55	0.693729104293	
0.551	0.692625950231	
0.552	0.691520833819	
0.553	0.690413755131	
0.554	0.68930471424	
0.555	0.68819371122	
0.556	0.687080746145	
0.557	0.685965819087	
0.558	0.68484893012	
0.559	0.683730079316	
0.56	0.682609266749	
0.561	0.68148649249	
0.562	0.680361756613	
0.563	0.67923505919	
0.564	0.678106400293	
0.565	0.676975779994	
0.566	0.675843198365	
0.567	0.674708655478	
0.568	0.673572151406	
0.569	0.672433686218	
0.57	0.671293259988	
0.571	0.670150872786	
0.572	0.669006524684	
0.573	0.667860215752	
0.574	0.666711946062	
0.575	0.665561715684	
0.576	0.664409524689	
0.577	0.663255373148	
0.578	0.662099261132	
0.579	0.66094118871	
0.58	0.659781155953	
0.581	0.658619162931	
0.582	0.657455209713	
0.583	0.656289296371	
0.584	0.655121422973	
0.585	0.653951589588	
0.586	0.652779796288	
0.587	0.651606043141	
0.588	0.650430330215	
0.589	0.649252657581	
0.59	0.648073025307	
0.591	0.646891433463	
0.592	0.645707882116	
0.593	0.644522371336	
0.594	0.643334901192	
0.595	0.64214547175	
0.596	0.640954083081	
0.597	0.639760735252	
0.598	0.63856542833	
0.599	0.637368162385	
0.6	0.636168937484	
0.601	0.634967753694	
0.602	0.633764611083	
0.603	0.632559509719	
0.604	0.63135244967	
0.605	0.630143431001	
0.606	0.628932453781	
0.607	0.627719518076	
0.608	0.626504623953	
0.609	0.62528777148	
0.61	0.624068960723	
0.611	0.622848191748	
0.612	0.621625464622	
0.613	0.620400779411	
0.614	0.619174136181	
0.615	0.617945535	
0.616	0.616714975932	
0.617	0.615482459043	
0.618	0.6142479844	
0.619	0.613011552068	
0.62	0.611773162113	
0.621	0.6105328146	
0.622	0.609290509594	
0.623	0.608046247162	
0.624	0.606800027367	
0.625	0.605551850275	
0.626	0.604301715951	
0.627	0.60304962446	
0.628	0.601795575867	
0.629	0.600539570236	
0.63	0.599281607631	
0.631	0.598021688118	
0.632	0.59675981176	
0.633	0.595495978621	
0.634	0.594230188767	
0.635	0.59296244226	
0.636	0.591692739165	
0.637	0.590421079545	
0.638	0.589147463465	
0.639	0.587871890987	
0.64	0.586594362175	
0.641	0.585314877093	
0.642	0.584033435804	
0.643	0.582750038372	
0.644	0.581464684858	
0.645	0.580177375327	
0.646	0.57888810984	
0.647	0.577596888462	
0.648	0.576303711254	
0.649	0.57500857828	
0.65	0.573711489601	
0.651	0.57241244528	
0.652	0.571111445379	
0.653	0.569808489961	
0.654	0.568503579088	
0.655	0.567196712822	
0.656	0.565887891224	
0.657	0.564577114356	
0.658	0.563264382281	
0.659	0.561949695059	
0.66	0.560633052752	
0.661	0.559314455423	
0.662	0.557993903131	
0.663	0.556671395938	
0.664	0.555346933906	
0.665	0.554020517096	
0.666	0.552692145568	
0.667	0.551361819383	
0.668	0.550029538602	
0.669	0.548695303286	
0.67	0.547359113496	
0.671	0.546020969291	
0.672	0.544680870732	
0.673	0.54333881788	
0.674	0.541994810795	
0.675	0.540648849537	
0.676	0.539300934165	
0.677	0.537951064741	
0.678	0.536599241323	
0.679	0.535245463972	
0.68	0.533889732747	
0.681	0.532532047707	
0.682	0.531172408913	
0.683	0.529810816424	
0.684	0.528447270298	
0.685	0.527081770596	
0.686	0.525714317376	
0.687	0.524344910698	
0.688	0.52297355062	
0.689	0.521600237201	
0.69	0.5202249705	
0.691	0.518847750576	
0.692	0.517468577487	
0.693	0.516087451293	
0.694	0.51470437205	
0.695	0.513319339818	
0.696	0.511932354656	
0.697	0.51054341662	
0.698	0.50915252577	
0.699	0.507759682163	
0.7	0.506364885857	
0.701	0.50496813691	
0.702	0.50356943538	
0.703	0.502168781325	
0.704	0.500766174801	
0.705	0.499361615868	
0.706	0.497955104581	
0.707	0.496546640999	
0.708	0.495136225178	
0.709	0.493723857176	
0.71	0.49230953705	
0.711	0.490893264857	
0.712	0.489475040654	
0.713	0.488054864497	
0.714	0.486632736445	
0.715	0.485208656552	
0.716	0.483782624876	
0.717	0.482354641473	
0.718	0.4809247064	
0.719	0.479492819714	
0.72	0.478058981469	
0.721	0.476623191724	
0.722	0.475185450533	
0.723	0.473745757953	
0.724	0.472304114039	
0.725	0.470860518848	
0.726	0.469414972436	
0.727	0.467967474858	
0.728	0.46651802617	
0.729	0.465066626427	
0.73	0.463613275685	
0.731	0.462157974	
0.732	0.460700721426	
0.733	0.459241518019	
0.734	0.457780363835	
0.735	0.456317258927	
0.736	0.454852203352	
0.737	0.453385197164	
0.738	0.451916240418	
0.739	0.450445333169	
0.74	0.448972475472	
0.741	0.447497667382	
0.742	0.446020908952	
0.743	0.444542200237	
0.744	0.443061541292	
0.745	0.441578932172	
0.746	0.44009437293	
0.747	0.438607863621	
0.748	0.437119404298	
0.749	0.435628995017	
0.75	0.43413663583	
0.751	0.432642326792	
0.752	0.431146067957	
0.753	0.429647859378	
0.754	0.428147701109	
0.755	0.426645593204	
0.756	0.425141535716	
0.757	0.423635528698	
0.758	0.422127572205	
0.759	0.420617666289	
0.76	0.419105811004	
0.761	0.417592006403	
0.762	0.416076252539	
0.763	0.414558549465	
0.764	0.413038897234	
0.765	0.411517295899	
0.766	0.409993745512	
0.767	0.408468246127	
0.768	0.406940797797	
0.769	0.405411400573	
0.77	0.403880054508	
0.771	0.402346759656	
0.772	0.400811516067	
0.773	0.399274323796	
0.774	0.397735182893	
0.775	0.396194093411	
0.776	0.394651055402	
0.777	0.393106068919	
0.778	0.391559134013	
0.779	0.390010250736	
0.78	0.388459419141	
0.781	0.386906639278	
0.782	0.3853519112	
0.783	0.383795234958	
0.784	0.382236610604	
0.785	0.380676038189	
0.786	0.379113517765	
0.787	0.377549049384	
0.788	0.375982633096	
0.789	0.374414268952	
0.79	0.372843957005	
0.791	0.371271697305	
0.792	0.369697489903	
0.793	0.36812133485	
0.794	0.366543232198	
0.795	0.364963181996	
0.796	0.363381184296	
0.797	0.361797239148	
0.798	0.360211346604	
0.799	0.358623506714	
0.8	0.357033719527	
0.801	0.355441985096	
0.802	0.35384830347	
0.803	0.352252674699	
0.804	0.350655098834	
0.805	0.349055575925	
0.806	0.347454106022	
0.807	0.345850689176	
0.808	0.344245325435	
0.809	0.342638014851	
0.81	0.341028757473	
0.811	0.339417553351	
0.812	0.337804402535	
0.813	0.336189305075	
0.814	0.334572261019	
0.815	0.332953270418	
0.816	0.331332333321	
0.817	0.329709449778	
0.818	0.328084619839	
0.819	0.326457843551	
0.82	0.324829120965	
0.821	0.32319845213	
0.822	0.321565837095	
0.823	0.31993127591	
0.824	0.318294768622	
0.825	0.316656315282	
0.826	0.315015915938	
0.827	0.313373570638	
0.828	0.311729279433	
0.829	0.310083042369	
0.83	0.308434859497	
0.831	0.306784730865	
0.832	0.305132656521	
0.833	0.303478636513	
0.834	0.301822670891	
0.835	0.300164759703	
0.836	0.298504902996	
0.837	0.296843100819	
0.838	0.295179353221	
0.839	0.293513660249	
0.84	0.291846021952	
0.841	0.290176438377	
0.842	0.288504909573	
0.843	0.286831435587	
0.844	0.285156016467	
0.845	0.283478652262	
0.846	0.281799343018	
0.847	0.280118088783	
0.848	0.278434889606	
0.849	0.276749745533	
0.85	0.275062656613	
0.851	0.273373622892	
0.852	0.271682644418	
0.853	0.269989721238	
0.854	0.2682948534	
0.855	0.26659804095	
0.856	0.264899283936	
0.857	0.263198582406	
0.858	0.261495936405	
0.859	0.259791345982	
0.86	0.258084811182	
0.861	0.256376332054	
0.862	0.254665908643	
0.863	0.252953540996	
0.864	0.251239229161	
0.865	0.249522973183	
0.866	0.24780477311	
0.867	0.246084628988	
0.868	0.244362540863	
0.869	0.242638508782	
0.87	0.240912532792	
0.871	0.239184612938	
0.872	0.237454749267	
0.873	0.235722941825	
0.874	0.233989190658	
0.875	0.232253495813	
0.876	0.230515857335	
0.877	0.22877627527	
0.878	0.227034749665	
0.879	0.225291280566	
0.88	0.223545868017	
0.881	0.221798512065	
0.882	0.220049212756	
0.883	0.218297970136	
0.884	0.216544784249	
0.885	0.214789655142	
0.886	0.21303258286	
0.887	0.211273567448	
0.888	0.209512608952	
0.889	0.207749707418	
0.89	0.205984862891	
0.891	0.204218075415	
0.892	0.202449345037	
0.893	0.2006786718	
0.894	0.198906055752	
0.895	0.197131496935	
0.896	0.195354995396	
0.897	0.19357655118	
0.898	0.191796164331	
0.899	0.190013834894	
0.9	0.188229562914	
0.901	0.186443348436	
0.902	0.184655191504	
0.903	0.182865092164	
0.904	0.181073050459	
0.905	0.179279066434	
0.906	0.177483140134	
0.907	0.175685271603	
0.908	0.173885460886	
0.909	0.172083708027	
0.91	0.17028001307	
0.911	0.16847437606	
0.912	0.16666679704	
0.913	0.164857276055	
0.914	0.163045813149	
0.915	0.161232408366	
0.916	0.15941706175	
0.917	0.157599773345	
0.918	0.155780543194	
0.919	0.153959371343	
0.92	0.152136257834	
0.921	0.150311202711	
0.922	0.148484206018	
0.923	0.146655267799	
0.924	0.144824388097	
0.925	0.142991566956	
0.926	0.14115680442	
0.927	0.139320100531	
0.928	0.137481455333	
0.929	0.13564086887	
0.93	0.133798341185	
0.931	0.131953872321	
0.932	0.130107462321	
0.933	0.128259111229	
0.934	0.126408819088	
0.935	0.124556585941	
0.936	0.122702411831	
0.937	0.1208462968	
0.938	0.118988240892	
0.939	0.11712824415	
0.94	0.115266306617	
0.941	0.113402428335	
0.942	0.111536609347	
0.943	0.109668849696	
0.944	0.107799149424	
0.945	0.105927508575	
0.946	0.10405392719	
0.947	0.102178405313	
0.948	0.100300942985	
0.949	0.0984215402498	
0.95	0.0965401971489	
0.951	0.094656913725	
0.952	0.0927716900202	
0.953	0.090884526077	
0.954	0.0889954219374	
0.955	0.0871043776437	
0.956	0.085211393238	
0.957	0.0833164687623	
0.958	0.0814196042587	
0.959	0.0795207997692	
0.96	0.0776200553357	
0.961	0.0757173710002	
0.962	0.0738127468043	
0.963	0.0719061827901	
0.964	0.0699976789992	
0.965	0.0680872354733	
0.966	0.0661748522542	
0.967	0.0642605293834	
0.968	0.0623442669026	
0.969	0.0604260648533	
0.97	0.058505923277	
0.971	0.0565838422151	
0.972	0.0546598217091	
0.973	0.0527338618003	
0.974	0.05080596253	
0.975	0.0488761239396	
0.976	0.0469443460703	
0.977	0.0450106289632	
0.978	0.0430749726596	
0.979	0.0411373772005	
0.98	0.039197842627	
0.981	0.0372563689801	
0.982	0.0353129563009	
0.983	0.0333676046301	
0.984	0.0314203140089	
0.985	0.0294710844779	
0.986	0.027519916078	
0.987	0.02556680885	
0.988	0.0236117628346	
0.989	0.0216547780725	
0.99	0.0196958546043	
0.991	0.0177349924706	
0.992	0.015772191712	
0.993	0.0138074523691	
0.994	0.0118407744822	
0.995	0.00987215809182	
0.996	0.00790160323836	
0.997	0.00592910996216	
0.998	0.00395467830352	
0.999	0.00197830830273	
1.0	0.0	
