0.0	1.0	
0.001	0.999822172059	
0.002	0.999577051495	
0.003	0.999297895804	
0.004	0.998994053256	
0.005	0.998670426026	
0.006	0.99833010539	
0.007	0.997975244674	
0.008	0.99760744195	
0.009	0.997227936741	
0.01	0.99683772234	
0.011	0.996437614975	
0.012	0.996028298896	
0.013	0.995610357112	
0.014	0.99518429312	
0.015	0.994750546733	
0.016	0.994309505888	
0.017	0.993861515667	
0.018	0.993406885297	
0.019	0.992945893678	
0.02	0.992478793814	
0.021	0.992005816399	
0.022	0.991527172765	
0.023	0.991043057319	
0.024	0.990553649578	
0.025	0.99005911589	
0.026	0.989559610891	
0.027	0.989055278746	
0.028	0.98854625423	
0.029	0.988032663649	
0.03	0.987514625649	
0.031	0.986992251923	
0.032	0.986465647828	
0.033	0.985934912935	
0.034	0.985400141513	
0.035	0.984861422955	
0.036	0.984318842171	
0.037	0.983772479924	
0.038	0.983222413145	
0.039	0.982668715207	
0.04	0.98211145618	
0.041	0.981550703058	
0.042	0.980986519965	
0.043	0.980418968346	
0.044	0.979848107136	
0.045	0.979273992918	
0.046	0.978696680069	
0.047	0.978116220892	
0.048	0.977532665735	
0.049	0.976946063105	
0.05	0.976356459775	
0.051	0.975763900873	
0.052	0.975168429975	
0.053	0.974570089189	
0.054	0.973968919226	
0.055	0.973364959477	
0.056	0.972758248074	
0.057	0.972148821957	
0.058	0.971536716928	
0.059	0.970921967705	
0.06	0.970304607977	
0.061	0.969684670445	
0.062	0.969062186873	
0.063	0.968437188123	
0.064	0.9678097042	
0.065	0.967179764287	
0.066	0.966547396779	
0.067	0.965912629317	
0.068	0.965275488817	
0.069	0.964636001504	
0.07	0.963994192935	
0.071	0.963350088025	
0.072	0.962703711077	
0.073	0.9620550858	
0.074	0.961404235334	
0.075	0.960751182273	
0.076	0.960095948679	
0.077	0.959438556108	
0.078	0.958779025624	
0.079	0.958117377818	
0.08	0.957453632824	
0.081	0.956787810336	
0.082	0.95611992962	
0.083	0.95545000953	
0.084	0.954778068524	
0.085	0.954104124673	
0.086	0.953428195677	
0.087	0.952750298873	
0.088	0.95207045125	
0.089	0.95138866946	
0.09	0.950704969825	
0.091	0.950019368349	
0.092	0.94933188073	
0.093	0.948642522366	
0.094	0.947951308363	
0.095	0.947258253548	
0.096	0.946563372473	
0.097	0.945866679425	
0.098	0.945168188432	
0.099	0.944467913273	
0.1	0.943765867481	
0.101	0.943062064353	
0.102	0.942356516956	
0.103	0.94164923813	
0.104	0.9409402405	
0.105	0.940229536475	
0.106	0.939517138259	
0.107	0.938803057854	
0.108	0.938087307065	
0.109	0.937369897506	
0.11	0.936650840603	
0.111	0.935930147601	
0.112	0.935207829569	
0.113	0.9344838974	
0.114	0.93375836182	
0.115	0.933031233389	
0.116	0.932302522508	
0.117	0.931572239418	
0.118	0.930840394209	
0.119	0.930106996821	
0.12	0.929372057047	
0.121	0.928635584536	
0.122	0.9278975888	
0.123	0.927158079212	
0.124	0.926417065013	
0.125	0.925674555312	
0.126	0.924930559092	
0.127	0.92418508521	
0.128	0.923438142401	
0.129	0.922689739281	
0.13	0.921939884348	
0.131	0.921188585987	
0.132	0.920435852469	
0.133	0.919681691956	
0.134	0.918926112504	
0.135	0.918169122061	
0.136	0.917410728473	
0.137	0.916650939487	
0.138	0.915889762748	
0.139	0.915127205806	
0.14	0.914363276113	
0.141	0.913597981032	
0.142	0.91283132783	
0.143	0.912063323689	
0.144	0.911293975699	
0.145	0.910523290866	
0.146	0.90975127611	
0.147	0.90897793827	
0.148	0.908203284102	
0.149	0.907427320281	
0.15	0.906650053407	
0.151	0.905871489999	
0.152	0.905091636503	
0.153	0.90431049929	
0.154	0.903528084657	
0.155	0.902744398831	
0.156	0.901959447969	
0.157	0.901173238156	
0.158	0.900385775412	
0.159	0.89959706569	
0.16	0.898807114875	
0.161	0.89801592879	
0.162	0.897223513194	
0.163	0.896429873783	
0.164	0.895635016194	
0.165	0.894838946	
0.166	0.89404166872	
0.167	0.893243189809	
0.168	0.892443514669	
0.169	0.891642648645	
0.17	0.890840597024	
0.171	0.890037365043	
0.172	0.88923295788	
0.173	0.888427380666	
0.174	0.887620638475	
0.175	0.886812736334	
0.176	0.886003679216	
0.177	0.885193472047	
0.178	0.884382119704	
0.179	0.883569627015	
0.18	0.882755998762	
0.181	0.88194123968	
0.182	0.881125354457	
0.183	0.880308347737	
0.184	0.879490224121	
0.185	0.878670988163	
0.186	0.877850644377	
0.187	0.877029197232	
0.188	0.876206651157	
0.189	0.875383010538	
0.19	0.874558279722	
0.191	0.873732463016	
0.192	0.872905564686	
0.193	0.872077588959	
0.194	0.871248540026	
0.195	0.870418422038	
0.196	0.86958723911	
0.197	0.868754995319	
0.198	0.867921694706	
0.199	0.867087341278	
0.2	0.866251939005	
0.201	0.865415491822	
0.202	0.864578003631	
0.203	0.863739478299	
0.204	0.862899919661	
0.205	0.862059331517	
0.206	0.861217717637	
0.207	0.860375081758	
0.208	0.859531427584	
0.209	0.85868675879	
0.21	0.857841079018	
0.211	0.856994391882	
0.212	0.856146700964	
0.213	0.855298009818	
0.214	0.854448321968	
0.215	0.853597640908	
0.216	0.852745970106	
0.217	0.851893313	
0.218	0.851039673001	
0.219	0.850185053492	
0.22	0.849329457831	
0.221	0.848472889346	
0.222	0.847615351341	
0.223	0.846756847093	
0.224	0.845897379854	
0.225	0.84503695285	
0.226	0.844175569282	
0.227	0.843313232326	
0.228	0.842449945134	
0.229	0.841585710833	
0.23	0.840720532527	
0.231	0.839854413297	
0.232	0.838987356197	
0.233	0.838119364263	
0.234	0.837250440505	
0.235	0.83638058791	
0.236	0.835509809446	
0.237	0.834638108056	
0.238	0.833765486662	
0.239	0.832891948165	
0.24	0.832017495444	
0.241	0.831142131358	
0.242	0.830265858745	
0.243	0.829388680422	
0.244	0.828510599185	
0.245	0.827631617811	
0.246	0.826751739057	
0.247	0.825870965662	
0.248	0.824989300341	
0.249	0.824106745795	
0.25	0.823223304703	
0.251	0.822338979726	
0.252	0.821453773507	
0.253	0.820567688668	
0.254	0.819680727818	
0.255	0.818792893542	
0.256	0.817904188412	
0.257	0.81701461498	
0.258	0.816124175781	
0.259	0.815232873334	
0.26	0.814340710138	
0.261	0.81344768868	
0.262	0.812553811424	
0.263	0.811659080824	
0.264	0.810763499313	
0.265	0.809867069311	
0.266	0.808969793218	
0.267	0.808071673423	
0.268	0.807172712297	
0.269	0.806272912194	
0.27	0.805372275455	
0.271	0.804470804406	
0.272	0.803568501356	
0.273	0.8026653686	
0.274	0.801761408419	
0.275	0.800856623079	
0.276	0.799951014832	
0.277	0.799044585913	
0.278	0.798137338548	
0.279	0.797229274944	
0.28	0.796320397296	
0.281	0.795410707787	
0.282	0.794500208584	
0.283	0.793588901842	
0.284	0.792676789701	
0.285	0.791763874289	
0.286	0.790850157722	
0.287	0.789935642101	
0.288	0.789020329514	
0.289	0.78810422204	
0.29	0.78718732174	
0.291	0.786269630668	
0.292	0.78535115086	
0.293	0.784431884345	
0.294	0.783511833137	
0.295	0.782590999238	
0.296	0.781669384639	
0.297	0.78074699132	
0.298	0.779823821247	
0.299	0.778899876376	
0.3	0.777975158652	
0.301	0.777049670008	
0.302	0.776123412364	
0.303	0.775196387632	
0.304	0.774268597712	
0.305	0.773340044491	
0.306	0.772410729848	
0.307	0.77148065565	
0.308	0.770549823752	
0.309	0.769618236002	
0.31	0.768685894233	
0.311	0.767752800271	
0.312	0.766818955932	
0.313	0.765884363018	
0.314	0.764949023325	
0.315	0.764012938638	
0.316	0.76307611073	
0.317	0.762138541366	
0.318	0.761200232302	
0.319	0.760261185282	
0.32	0.759321402042	
0.321	0.758380884309	
0.322	0.757439633799	
0.323	0.75649765222	
0.324	0.75555494127	
0.325	0.754611502637	
0.326	0.753667338002	
0.327	0.752722449036	
0.328	0.751776837401	
0.329	0.750830504749	
0.33	0.749883452725	
0.331	0.748935682965	
0.332	0.747987197095	
0.333	0.747037996734	
0.334	0.746088083491	
0.335	0.745137458969	
0.336	0.74418612476	
0.337	0.743234082448	
0.338	0.74228133361	
0.339	0.741327879816	
0.34	0.740373722623	
0.341	0.739418863586	
0.342	0.738463304248	
0.343	0.737507046146	
0.344	0.736550090807	
0.345	0.735592439753	
0.346	0.734634094497	
0.347	0.733675056543	
0.348	0.73271532739	
0.349	0.731754908529	
0.35	0.73079380144	
0.351	0.729832007601	
0.352	0.728869528478	
0.353	0.727906365533	
0.354	0.726942520219	
0.355	0.725977993982	
0.356	0.725012788261	
0.357	0.724046904488	
0.358	0.723080344088	
0.359	0.722113108479	
0.36	0.721145199073	
0.361	0.720176617273	
0.362	0.719207364477	
0.363	0.718237442076	
0.364	0.717266851453	
0.365	0.716295593986	
0.366	0.715323671046	
0.367	0.714351083996	
0.368	0.713377834195	
0.369	0.712403922993	
0.37	0.711429351736	
0.371	0.710454121761	
0.372	0.709478234401	
0.373	0.708501690981	
0.374	0.707524492822	
0.375	0.706546641236	
0.376	0.705568137532	
0.377	0.704588983009	
0.378	0.703609178964	
0.379	0.702628726685	
0.38	0.701647627456	
0.381	0.700665882553	
0.382	0.69968349325	
0.383	0.69870046081	
0.384	0.697716786494	
0.385	0.696732471555	
0.386	0.695747517244	
0.387	0.694761924801	
0.388	0.693775695464	
0.389	0.692788830465	
0.39	0.691801331029	
0.391	0.690813198377	
0.392	0.689824433724	
0.393	0.68883503828	
0.394	0.687845013249	
0.395	0.686854359829	
0.396	0.685863079214	
0.397	0.684871172593	
0.398	0.683878641148	
0.399	0.682885486057	
0.4	0.681891708493	
0.401	0.680897309624	
0.402	0.679902290611	
0.403	0.678906652612	
0.404	0.677910396779	
0.405	0.676913524261	
0.406	0.675916036198	
0.407	0.674917933729	
0.408	0.673919217986	
0.409	0.672919890096	
0.41	0.671919951184	
0.411	0.670919402366	
0.412	0.669918244756	
0.413	0.668916479462	
0.414	0.66791410759	
0.415	0.666911130236	
0.416	0.665907548497	
0.417	0.664903363462	
0.418	0.663898576217	
0.419	0.662893187842	
0.42	0.661887199414	
0.421	0.660880612005	
0.422	0.659873426681	
0.423	0.658865644507	
0.424	0.65785726654	
0.425	0.656848293835	
0.426	0.655838727441	
0.427	0.654828568405	
0.428	0.653817817767	
0.429	0.652806476564	
0.43	0.651794545829	
0.431	0.650782026591	
0.432	0.649768919874	
0.433	0.648755226698	
0.434	0.64774094808	
0.435	0.646726085031	
0.436	0.645710638559	
0.437	0.644694609668	
0.438	0.643677999359	
0.439	0.642660808626	
0.44	0.641643038462	
0.441	0.640624689855	
0.442	0.639605763789	
0.443	0.638586261243	
0.444	0.637566183195	
0.445	0.636545530616	
0.446	0.635524304476	
0.447	0.634502505738	
0.448	0.633480135365	
0.449	0.632457194312	
0.45	0.631433683534	
0.451	0.630409603981	
0.452	0.629384956598	
0.453	0.628359742329	
0.454	0.627333962111	
0.455	0.626307616881	
0.456	0.625280707569	
0.457	0.624253235104	
0.458	0.62322520041	
0.459	0.622196604408	
0.46	0.621167448016	
0.461	0.620137732147	
0.462	0.619107457712	
0.463	0.618076625618	
0.464	0.617045236769	
0.465	0.616013292064	
0.466	0.614980792401	
0.467	0.613947738672	
0.468	0.612914131769	
0.469	0.611879972577	
0.47	0.610845261981	
0.471	0.609810000859	
0.472	0.60877419009	
0.473	0.607737830547	
0.474	0.606700923099	
0.475	0.605663468615	
0.476	0.604625467958	
0.477	0.60358692199	
0.478	0.602547831567	
0.479	0.601508197544	
0.48	0.600468020772	
0.481	0.599427302101	
0.482	0.598386042374	
0.483	0.597344242435	
0.484	0.596301903122	
0.485	0.59525902527	
0.486	0.594215609715	
0.487	0.593171657284	
0.488	0.592127168805	
0.489	0.591082145103	
0.49	0.590036586998	
0.491	0.588990495309	
0.492	0.587943870851	
0.493	0.586896714435	
0.494	0.585849026873	
0.495	0.584800808969	
0.496	0.583752061529	
0.497	0.582702785352	
0.498	0.581652981238	
0.499	0.580602649981	
0.5	0.579551792373	
0.501	0.578500409205	
0.502	0.577448501264	
0.503	0.576396069333	
0.504	0.575343114194	
0.505	0.574289636627	
0.506	0.573235637406	
0.507	0.572181117306	
0.508	0.571126077097	
0.509	0.570070517547	
0.51	0.569014439422	
0.511	0.567957843485	
0.512	0.566900730495	
0.513	0.56584310121	
0.514	0.564784956385	
0.515	0.563726296774	
0.516	0.562667123124	
0.517	0.561607436185	
0.518	0.5605472367	
0.519	0.559486525412	
0.52	0.558425303061	
0.521	0.557363570383	
0.522	0.556301328115	
0.523	0.555238576988	
0.524	0.554175317732	
0.525	0.553111551074	
0.526	0.55204727774	
0.527	0.550982498452	
0.528	0.549917213931	
0.529	0.548851424893	
0.53	0.547785132056	
0.531	0.546718336131	
0.532	0.54565103783	
0.533	0.54458323786	
0.534	0.543514936929	
0.535	0.542446135739	
0.536	0.541376834993	
0.537	0.540307035389	
0.538	0.539236737624	
0.539	0.538165942393	
0.54	0.537094650389	
0.541	0.536022862301	
0.542	0.534950578817	
0.543	0.533877800623	
0.544	0.532804528403	
0.545	0.531730762837	
0.546	0.530656504605	
0.547	0.529581754384	
0.548	0.528506512848	
0.549	0.52743078067	
0.55	0.52635455852	
0.551	0.525277847067	
0.552	0.524200646977	
0.553	0.523122958914	
0.554	0.52204478354	
0.555	0.520966121514	
0.556	0.519886973495	
0.557	0.518807340138	
0.558	0.517727222098	
0.559	0.516646620024	
0.56	0.515565534568	
0.561	0.514483966376	
0.562	0.513401916095	
0.563	0.512319384367	
0.564	0.511236371834	
0.565	0.510152879135	
0.566	0.509068906909	
0.567	0.507984455791	
0.568	0.506899526414	
0.569	0.50581411941	
0.57	0.504728235408	
0.571	0.503641875037	
0.572	0.502555038922	
0.573	0.501467727688	
0.574	0.500379941955	
0.575	0.499291682345	
0.576	0.498202949475	
0.577	0.497113743963	
0.578	0.496024066422	
0.579	0.494933917464	
0.58	0.493843297702	
0.581	0.492752207743	
0.582	0.491660648195	
0.583	0.490568619664	
0.584	0.489476122752	
0.585	0.488383158061	
0.586	0.487289726191	
0.587	0.48619582774	
0.588	0.485101463305	
0.589	0.484006633479	
0.59	0.482911338856	
0.591	0.481815580027	
0.592	0.480719357581	
0.593	0.479622672104	
0.594	0.478525524184	
0.595	0.477427914404	
0.596	0.476329843346	
0.597	0.475231311591	
0.598	0.474132319718	
0.599	0.473032868304	
0.6	0.471932957924	
0.601	0.470832589153	
0.602	0.469731762562	
0.603	0.468630478722	
0.604	0.467528738202	
0.605	0.466426541569	
0.606	0.465323889388	
0.607	0.464220782224	
0.608	0.463117220639	
0.609	0.462013205193	
0.61	0.460908736446	
0.611	0.459803814954	
0.612	0.458698441275	
0.613	0.457592615961	
0.614	0.456486339566	
0.615	0.455379612641	
0.616	0.454272435735	
0.617	0.453164809397	
0.618	0.452056734173	
0.619	0.450948210607	
0.62	0.449839239243	
0.621	0.448729820623	
0.622	0.447619955287	
0.623	0.446509643773	
0.624	0.44539888662	
0.625	0.444287684363	
0.626	0.443176037535	
0.627	0.442063946671	
0.628	0.4409514123	
0.629	0.439838434954	
0.63	0.438725015159	
0.631	0.437611153443	
0.632	0.436496850331	
0.633	0.435382106348	
0.634	0.434266922015	
0.635	0.433151297854	
0.636	0.432035234385	
0.637	0.430918732124	
0.638	0.42980179159	
0.639	0.428684413297	
0.64	0.42756659776	
0.641	0.426448345491	
0.642	0.425329657	
0.643	0.424210532798	
0.644	0.423090973393	
0.645	0.421970979292	
0.646	0.420850551001	
0.647	0.419729689023	
0.648	0.418608393861	
0.649	0.417486666018	
0.65	0.416364505992	
0.651	0.415241914284	
0.652	0.414118891389	
0.653	0.412995437805	
0.654	0.411871554027	
0.655	0.410747240546	
0.656	0.409622497857	
0.657	0.408497326448	
0.658	0.407371726811	
0.659	0.406245699433	
0.66	0.405119244801	
0.661	0.403992363401	
0.662	0.402865055717	
0.663	0.401737322231	
0.664	0.400609163427	
0.665	0.399480579784	
0.666	0.398351571781	
0.667	0.397222139897	
0.668	0.396092284608	
0.669	0.39496200639	
0.67	0.393831305717	
0.671	0.392700183061	
0.672	0.391568638895	
0.673	0.39043667369	
0.674	0.389304287914	
0.675	0.388171482035	
0.676	0.387038256521	
0.677	0.385904611837	
0.678	0.384770548448	
0.679	0.383636066816	
0.68	0.382501167404	
0.681	0.381365850673	
0.682	0.380230117083	
0.683	0.379093967091	
0.684	0.377957401155	
0.685	0.376820419732	
0.686	0.375683023277	
0.687	0.374545212242	
0.688	0.373406987082	
0.689	0.372268348247	
0.69	0.371129296188	
0.691	0.369989831353	
0.692	0.368849954193	
0.693	0.367709665152	
0.694	0.366568964677	
0.695	0.365427853213	
0.696	0.364286331203	
0.697	0.36314439909	
0.698	0.362002057315	
0.699	0.360859306319	
0.7	0.35971614654	
0.701	0.358572578417	
0.702	0.357428602386	
0.703	0.356284218884	
0.704	0.355139428345	
0.705	0.353994231203	
0.706	0.35284862789	
0.707	0.351702618839	
0.708	0.350556204479	
0.709	0.34940938524	
0.71	0.348262161551	
0.711	0.347114533839	
0.712	0.345966502529	
0.713	0.344818068048	
0.714	0.34366923082	
0.715	0.342519991266	
0.716	0.341370349811	
0.717	0.340220306874	
0.718	0.339069862875	
0.719	0.337919018235	
0.72	0.33676777337	
0.721	0.335616128698	
0.722	0.334464084634	
0.723	0.333311641594	
0.724	0.332158799992	
0.725	0.33100556024	
0.726	0.329851922751	
0.727	0.328697887935	
0.728	0.327543456202	
0.729	0.326388627962	
0.73	0.325233403622	
0.731	0.324077783589	
0.732	0.32292176827	
0.733	0.321765358069	
0.734	0.320608553391	
0.735	0.319451354639	
0.736	0.318293762214	
0.737	0.317135776519	
0.738	0.315977397953	
0.739	0.314818626916	
0.74	0.313659463806	
0.741	0.31249990902	
0.742	0.311339962956	
0.743	0.310179626008	
0.744	0.309018898572	
0.745	0.307857781041	
0.746	0.306696273807	
0.747	0.305534377263	
0.748	0.3043720918	
0.749	0.303209417807	
0.75	0.302046355673	
0.751	0.300882905788	
0.752	0.299719068538	
0.753	0.29855484431	
0.754	0.297390233488	
0.755	0.296225236458	
0.756	0.295059853604	
0.757	0.293894085308	
0.758	0.292727931952	
0.759	0.291561393918	
0.76	0.290394471585	
0.761	0.289227165332	
0.762	0.288059475539	
0.763	0.286891402582	
0.764	0.285722946839	
0.765	0.284554108685	
0.766	0.283384888496	
0.767	0.282215286644	
0.768	0.281045303505	
0.769	0.279874939449	
0.77	0.278704194849	
0.771	0.277533070075	
0.772	0.276361565498	
0.773	0.275189681485	
0.774	0.274017418406	
0.775	0.272844776628	
0.776	0.271671756518	
0.777	0.27049835844	
0.778	0.26932458276	
0.779	0.268150429842	
0.78	0.26697590005	
0.781	0.265800993745	
0.782	0.26462571129	
0.783	0.263450053045	
0.784	0.26227401937	
0.785	0.261097610624	
0.786	0.259920827166	
0.787	0.258743669354	
0.788	0.257566137544	
0.789	0.256388232091	
0.79	0.255209953353	
0.791	0.254031301682	
0.792	0.252852277433	
0.793	0.251672880958	
0.794	0.25049311261	
0.795	0.24931297274	
0.796	0.248132461698	
0.797	0.246951579834	
0.798	0.245770327497	
0.799	0.244588705036	
0.8	0.243406712797	
0.801	0.242224351129	
0.802	0.241041620376	
0.803	0.239858520883	
0.804	0.238675052996	
0.805	0.237491217058	
0.806	0.236307013412	
0.807	0.2351224424	
0.808	0.233937504363	
0.809	0.232752199643	
0.81	0.231566528579	
0.811	0.230380491511	
0.812	0.229194088777	
0.813	0.228007320714	
0.814	0.226820187661	
0.815	0.225632689953	
0.816	0.224444827926	
0.817	0.223256601915	
0.818	0.222068012254	
0.819	0.220879059276	
0.82	0.219689743315	
0.821	0.218500064702	
0.822	0.217310023768	
0.823	0.216119620845	
0.824	0.214928856262	
0.825	0.213737730349	
0.826	0.212546243433	
0.827	0.211354395844	
0.828	0.210162187907	
0.829	0.20896961995	
0.83	0.207776692297	
0.831	0.206583405276	
0.832	0.205389759208	
0.833	0.204195754419	
0.834	0.203001391232	
0.835	0.201806669968	
0.836	0.20061159095	
0.837	0.199416154498	
0.838	0.198220360932	
0.839	0.197024210573	
0.84	0.19582770374	
0.841	0.19463084075	
0.842	0.193433621922	
0.843	0.192236047572	
0.844	0.191038118016	
0.845	0.189839833571	
0.846	0.188641194552	
0.847	0.187442201272	
0.848	0.186242854046	
0.849	0.185043153187	
0.85	0.183843099006	
0.851	0.182642691817	
0.852	0.18144193193	
0.853	0.180240819655	
0.854	0.179039355303	
0.855	0.177837539182	
0.856	0.176635371602	
0.857	0.17543285287	
0.858	0.174229983294	
0.859	0.17302676318	
0.86	0.171823192834	
0.861	0.170619272563	
0.862	0.169415002671	
0.863	0.168210383461	
0.864	0.167005415238	
0.865	0.165800098305	
0.866	0.164594432964	
0.867	0.163388419517	
0.868	0.162182058265	
0.869	0.160975349508	
0.87	0.159768293547	
0.871	0.158560890681	
0.872	0.157353141209	
0.873	0.156145045429	
0.874	0.154936603638	
0.875	0.153727816133	
0.876	0.152518683211	
0.877	0.151309205167	
0.878	0.150099382298	
0.879	0.148889214896	
0.88	0.147678703257	
0.881	0.146467847674	
0.882	0.145256648439	
0.883	0.144045105845	
0.884	0.142833220183	
0.885	0.141620991745	
0.886	0.140408420822	
0.887	0.139195507702	
0.888	0.137982252676	
0.889	0.136768656032	
0.89	0.135554718059	
0.891	0.134340439044	
0.892	0.133125819274	
0.893	0.131910859036	
0.894	0.130695558616	
0.895	0.1294799183	
0.896	0.128263938371	
0.897	0.127047619115	
0.898	0.125830960816	
0.899	0.124613963755	
0.9	0.123396628217	
0.901	0.122178954483	
0.902	0.120960942835	
0.903	0.119742593554	
0.904	0.118523906919	
0.905	0.117304883212	
0.906	0.116085522712	
0.907	0.114865825697	
0.908	0.113645792446	
0.909	0.112425423236	
0.91	0.111204718344	
0.911	0.109983678048	
0.912	0.108762302624	
0.913	0.107540592347	
0.914	0.106318547492	
0.915	0.105096168334	
0.916	0.103873455147	
0.917	0.102650408205	
0.918	0.10142702778	
0.919	0.100203314144	
0.92	0.0989792675713	
0.921	0.0977548883315	
0.922	0.0965301766961	
0.923	0.0953051329354	
0.924	0.0940797573194	
0.925	0.0928540501174	
0.926	0.0916280115984	
0.927	0.0904016420308	
0.928	0.0891749416823	
0.929	0.0879479108205	
0.93	0.086720549712	
0.931	0.0854928586234	
0.932	0.0842648378205	
0.933	0.0830364875686	
0.934	0.0818078081326	
0.935	0.0805787997769	
0.936	0.0793494627654	
0.937	0.0781197973613	
0.938	0.0768898038277	
0.939	0.075659482427	
0.94	0.0744288334209	
0.941	0.073197857071	
0.942	0.0719665536382	
0.943	0.0707349233829	
0.944	0.0695029665651	
0.945	0.0682706834443	
0.946	0.0670380742795	
0.947	0.0658051393292	
0.948	0.0645718788515	
0.949	0.063338293104	
0.95	0.0621043823436	
0.951	0.0608701468272	
0.952	0.0596355868107	
0.953	0.05840070255	
0.954	0.0571654943001	
0.955	0.0559299623159	
0.956	0.0546941068516	
0.957	0.053457928161	
0.958	0.0522214264975	
0.959	0.0509846021139	
0.96	0.0497474552628	
0.961	0.0485099861959	
0.962	0.0472721951649	
0.963	0.0460340824208	
0.964	0.0447956482142	
0.965	0.0435568927951	
0.966	0.0423178164134	
0.967	0.0410784193181	
0.968	0.0398387017582	
0.969	0.0385986639818	
0.97	0.0373583062369	
0.971	0.036117628771	
0.972	0.034876631831	
0.973	0.0336353156634	
0.974	0.0323936805143	
0.975	0.0311517266295	
0.976	0.029909454254	
0.977	0.0286668636327	
0.978	0.02742395501	
0.979	0.0261807286296	
0.98	0.0249371847352	
0.981	0.0236933235696	
0.982	0.0224491453755	
0.983	0.0212046503951	
0.984	0.01995983887	
0.985	0.0187147110417	
0.986	0.0174692671509	
0.987	0.0162235074381	
0.988	0.0149774321433	
0.989	0.0137310415061	
0.99	0.0124843357657	
0.991	0.0112373151608	
0.992	0.00998997992969	
0.993	0.00874233031037	
0.994	0.00749436654028	
0.995	0.00624608885648	
0.996	0.00499749749562	
0.997	0.00374859269393	
0.998	0.00249937468723	
0.999	0.00124984371092	
1.0	0.0	
