0.0	2.0	
0.001	1.96837644005	
0.002	1.95527560962	
0.003	1.94522104846	
0.004	1.93674268879	
0.005	1.92927111638	
0.006	1.92251430274	
0.007	1.91629877037	
0.008	1.91051148941	
0.009	1.90507394917	
0.01	1.89992898645	
0.011	1.89503344754	
0.012	1.89035380616	
0.013	1.88586340041	
0.014	1.88154061273	
0.015	1.87736762695	
0.016	1.8733295534	
0.017	1.86941379704	
0.018	1.86560959093	
0.019	1.86190764492	
0.02	1.85829987669	
0.021	1.8547792027	
0.022	1.85133937345	
0.023	1.84797484206	
0.024	1.84468065846	
0.025	1.8414523831	
0.026	1.83828601616	
0.027	1.83517793881	
0.028	1.8321248643	
0.029	1.82912379673	
0.03	1.82617199626	
0.031	1.82326694943	
0.032	1.82040634382	
0.033	1.81758804621	
0.034	1.8148100837	
0.035	1.81207062729	
0.036	1.80936797767	
0.037	1.80670055258	
0.038	1.80406687591	
0.039	1.8014655679	
0.04	1.79889533661	
0.041	1.79635497024	
0.042	1.79384333033	
0.043	1.79135934571	
0.044	1.78890200702	
0.045	1.78647036184	
0.046	1.78406351029	
0.047	1.78168060102	
0.048	1.77932082765	
0.049	1.77698342549	
0.05	1.77466766857	
0.051	1.77237286698	
0.052	1.77009836434	
0.053	1.76784353561	
0.054	1.76560778503	
0.055	1.76339054417	
0.056	1.76119127028	
0.057	1.75900944464	
0.058	1.75684457109	
0.059	1.7546961747	
0.06	1.75256380049	
0.061	1.75044701231	
0.062	1.74834539172	
0.063	1.746258537	
0.064	1.74418606226	
0.065	1.74212759653	
0.066	1.74008278301	
0.067	1.73805127827	
0.068	1.7360327516	
0.069	1.73402688432	
0.07	1.73203336919	
0.071	1.73005190985	
0.072	1.72808222027	
0.073	1.72612402424	
0.074	1.72417705493	
0.075	1.72224105442	
0.076	1.7203157733	
0.077	1.71840097029	
0.078	1.71649641185	
0.079	1.71460187183	
0.08	1.71271713117	
0.081	1.71084197757	
0.082	1.70897620521	
0.083	1.70711961447	
0.084	1.70527201166	
0.085	1.70343320879	
0.086	1.70160302332	
0.087	1.69978127796	
0.088	1.69796780045	
0.089	1.69616242333	
0.09	1.6943649838	
0.091	1.69257532352	
0.092	1.69079328842	
0.093	1.68901872858	
0.094	1.68725149802	
0.095	1.68549145461	
0.096	1.68373845989	
0.097	1.68199237893	
0.098	1.68025308026	
0.099	1.67852043567	
0.1	1.67679432015	
0.101	1.67507461176	
0.102	1.67336119152	
0.103	1.67165394333	
0.104	1.66995275383	
0.105	1.66825751234	
0.106	1.66656811079	
0.107	1.66488444357	
0.108	1.66320640752	
0.109	1.66153390181	
0.11	1.65986682786	
0.111	1.65820508929	
0.112	1.65654859186	
0.113	1.65489724337	
0.114	1.65325095362	
0.115	1.65160963434	
0.116	1.64997319913	
0.117	1.64834156342	
0.118	1.6467146444	
0.119	1.64509236095	
0.12	1.64347463364	
0.121	1.64186138464	
0.122	1.64025253769	
0.123	1.63864801803	
0.124	1.63704775242	
0.125	1.63545166901	
0.126	1.63385969738	
0.127	1.63227176845	
0.128	1.63068781447	
0.129	1.62910776896	
0.13	1.6275315667	
0.131	1.62595914368	
0.132	1.62439043709	
0.133	1.62282538525	
0.134	1.62126392761	
0.135	1.61970600472	
0.136	1.61815155817	
0.137	1.61660053061	
0.138	1.6150528657	
0.139	1.61350850807	
0.14	1.61196740332	
0.141	1.61042949799	
0.142	1.60889473951	
0.143	1.60736307623	
0.144	1.60583445736	
0.145	1.60430883293	
0.146	1.60278615384	
0.147	1.60126637176	
0.148	1.59974943918	
0.149	1.59823530933	
0.15	1.59672393622	
0.151	1.59521527456	
0.152	1.5937092798	
0.153	1.59220590809	
0.154	1.59070511626	
0.155	1.58920686181	
0.156	1.58771110288	
0.157	1.58621779826	
0.158	1.58472690739	
0.159	1.58323839026	
0.16	1.58175220752	
0.161	1.58026832037	
0.162	1.57878669059	
0.163	1.57730728051	
0.164	1.57583005303	
0.165	1.57435497156	
0.166	1.57288200005	
0.167	1.57141110296	
0.168	1.56994224524	
0.169	1.56847539236	
0.17	1.56701051025	
0.171	1.56554756531	
0.172	1.56408652441	
0.173	1.56262735487	
0.174	1.56117002447	
0.175	1.55971450139	
0.176	1.55826075427	
0.177	1.55680875214	
0.178	1.55535846446	
0.179	1.55390986109	
0.18	1.55246291227	
0.181	1.55101758863	
0.182	1.54957386118	
0.183	1.5481317013	
0.184	1.54669108075	
0.185	1.54525197161	
0.186	1.54381434636	
0.187	1.54237817777	
0.188	1.54094343898	
0.189	1.53951010346	
0.19	1.53807814499	
0.191	1.53664753768	
0.192	1.53521825595	
0.193	1.53379027454	
0.194	1.53236356845	
0.195	1.53093811303	
0.196	1.52951388388	
0.197	1.5280908569	
0.198	1.52666900828	
0.199	1.52524831447	
0.2	1.5238287522	
0.201	1.52241029846	
0.202	1.52099293051	
0.203	1.51957662585	
0.204	1.51816136225	
0.205	1.51674711773	
0.206	1.51533387052	
0.207	1.51392159913	
0.208	1.51251028229	
0.209	1.51109989896	
0.21	1.50969042832	
0.211	1.50828184978	
0.212	1.50687414299	
0.213	1.50546728778	
0.214	1.50406126423	
0.215	1.50265605259	
0.216	1.50125163334	
0.217	1.49984798717	
0.218	1.49844509495	
0.219	1.49704293775	
0.22	1.49564149685	
0.221	1.4942407537	
0.222	1.49284068993	
0.223	1.49144128739	
0.224	1.49004252807	
0.225	1.48864439416	
0.226	1.48724686803	
0.227	1.48584993221	
0.228	1.4844535694	
0.229	1.48305776247	
0.23	1.48166249446	
0.231	1.48026774856	
0.232	1.47887350814	
0.233	1.47747975671	
0.234	1.47608647793	
0.235	1.47469365563	
0.236	1.47330127378	
0.237	1.47190931651	
0.238	1.47051776807	
0.239	1.46912661288	
0.24	1.46773583548	
0.241	1.46634542058	
0.242	1.46495535299	
0.243	1.46356561767	
0.244	1.46217619974	
0.245	1.46078708441	
0.246	1.45939825703	
0.247	1.45800970311	
0.248	1.45662140824	
0.249	1.45523335817	
0.25	1.45384553874	
0.251	1.45245793594	
0.252	1.45107053587	
0.253	1.44968332474	
0.254	1.44829628888	
0.255	1.44690941473	
0.256	1.44552268885	
0.257	1.4441360979	
0.258	1.44274962867	
0.259	1.44136326803	
0.26	1.43997700299	
0.261	1.43859082062	
0.262	1.43720470813	
0.263	1.43581865282	
0.264	1.4344326421	
0.265	1.43304666346	
0.266	1.4316607045	
0.267	1.43027475292	
0.268	1.42888879651	
0.269	1.42750282315	
0.27	1.42611682082	
0.271	1.42473077759	
0.272	1.42334468162	
0.273	1.42195852115	
0.274	1.42057228454	
0.275	1.41918596019	
0.276	1.41779953662	
0.277	1.41641300243	
0.278	1.41502634629	
0.279	1.41363955696	
0.28	1.41225262329	
0.281	1.4108655342	
0.282	1.40947827869	
0.283	1.40809084584	
0.284	1.40670322481	
0.285	1.40531540484	
0.286	1.40392737522	
0.287	1.40253912536	
0.288	1.40115064471	
0.289	1.3997619228	
0.29	1.39837294922	
0.291	1.39698371366	
0.292	1.39559420587	
0.293	1.39420441564	
0.294	1.39281433287	
0.295	1.3914239475	
0.296	1.39003324955	
0.297	1.38864222911	
0.298	1.3872508763	
0.299	1.38585918136	
0.3	1.38446713455	
0.301	1.38307472621	
0.302	1.38168194674	
0.303	1.38028878661	
0.304	1.37889523632	
0.305	1.37750128647	
0.306	1.37610692769	
0.307	1.37471215068	
0.308	1.3733169462	
0.309	1.37192130506	
0.31	1.37052521814	
0.311	1.36912867635	
0.312	1.36773167069	
0.313	1.36633419217	
0.314	1.36493623191	
0.315	1.36353778102	
0.316	1.36213883072	
0.317	1.36073937225	
0.318	1.35933939691	
0.319	1.35793889604	
0.32	1.35653786104	
0.321	1.35513628338	
0.322	1.35373415454	
0.323	1.35233146606	
0.324	1.35092820956	
0.325	1.34952437666	
0.326	1.34811995906	
0.327	1.3467149485	
0.328	1.34530933675	
0.329	1.34390311564	
0.33	1.34249627705	
0.331	1.3410888129	
0.332	1.33968071513	
0.333	1.33827197576	
0.334	1.33686258684	
0.335	1.33545254045	
0.336	1.33404182872	
0.337	1.33263044383	
0.338	1.331218378	
0.339	1.32980562347	
0.34	1.32839217254	
0.341	1.32697801754	
0.342	1.32556315086	
0.343	1.3241475649	
0.344	1.32273125212	
0.345	1.32131420501	
0.346	1.31989641608	
0.347	1.31847787792	
0.348	1.31705858311	
0.349	1.3156385243	
0.35	1.31421769417	
0.351	1.31279608542	
0.352	1.31137369079	
0.353	1.30995050308	
0.354	1.30852651509	
0.355	1.30710171967	
0.356	1.30567610971	
0.357	1.30424967813	
0.358	1.30282241787	
0.359	1.30139432192	
0.36	1.29996538329	
0.361	1.29853559503	
0.362	1.29710495023	
0.363	1.29567344198	
0.364	1.29424106345	
0.365	1.29280780779	
0.366	1.29137366821	
0.367	1.28993863795	
0.368	1.28850271027	
0.369	1.28706587846	
0.37	1.28562813586	
0.371	1.2841894758	
0.372	1.28274989168	
0.373	1.28130937689	
0.374	1.27986792489	
0.375	1.27842552913	
0.376	1.27698218311	
0.377	1.27553788035	
0.378	1.27409261439	
0.379	1.27264637882	
0.38	1.27119916722	
0.381	1.26975097324	
0.382	1.26830179052	
0.383	1.26685161274	
0.384	1.2654004336	
0.385	1.26394824685	
0.386	1.26249504622	
0.387	1.2610408255	
0.388	1.2595855785	
0.389	1.25812929905	
0.39	1.25667198098	
0.391	1.25521361819	
0.392	1.25375420458	
0.393	1.25229373405	
0.394	1.25083220057	
0.395	1.2493695981	
0.396	1.24790592063	
0.397	1.24644116217	
0.398	1.24497531677	
0.399	1.24350837848	
0.4	1.24204034138	
0.401	1.24057119958	
0.402	1.23910094719	
0.403	1.23762957836	
0.404	1.23615708725	
0.405	1.23468346806	
0.406	1.23320871499	
0.407	1.23173282226	
0.408	1.23025578413	
0.409	1.22877759485	
0.41	1.22729824873	
0.411	1.22581774006	
0.412	1.22433606316	
0.413	1.22285321239	
0.414	1.22136918212	
0.415	1.21988396671	
0.416	1.21839756058	
0.417	1.21690995814	
0.418	1.21542115384	
0.419	1.21393114213	
0.42	1.21243991748	
0.421	1.21094747439	
0.422	1.20945380737	
0.423	1.20795891094	
0.424	1.20646277966	
0.425	1.20496540808	
0.426	1.20346679078	
0.427	1.20196692236	
0.428	1.20046579743	
0.429	1.19896341063	
0.43	1.19745975659	
0.431	1.19595482999	
0.432	1.19444862549	
0.433	1.19294113779	
0.434	1.1914323616	
0.435	1.18992229165	
0.436	1.18841092268	
0.437	1.18689824944	
0.438	1.1853842667	
0.439	1.18386896926	
0.44	1.18235235191	
0.441	1.18083440947	
0.442	1.17931513678	
0.443	1.17779452866	
0.444	1.17627258	
0.445	1.17474928565	
0.446	1.17322464051	
0.447	1.17169863948	
0.448	1.17017127747	
0.449	1.16864254942	
0.45	1.16711245027	
0.451	1.16558097497	
0.452	1.1640481185	
0.453	1.16251387584	
0.454	1.16097824198	
0.455	1.15944121194	
0.456	1.15790278073	
0.457	1.15636294339	
0.458	1.15482169497	
0.459	1.15327903054	
0.46	1.15173494515	
0.461	1.1501894339	
0.462	1.14864249188	
0.463	1.14709411421	
0.464	1.14554429599	
0.465	1.14399303238	
0.466	1.1424403185	
0.467	1.14088614952	
0.468	1.13933052061	
0.469	1.13777342694	
0.47	1.1362148637	
0.471	1.1346548261	
0.472	1.13309330935	
0.473	1.13153030866	
0.474	1.12996581929	
0.475	1.12839983647	
0.476	1.12683235545	
0.477	1.12526337151	
0.478	1.12369287992	
0.479	1.12212087597	
0.48	1.12054735496	
0.481	1.11897231219	
0.482	1.11739574298	
0.483	1.11581764267	
0.484	1.11423800659	
0.485	1.11265683008	
0.486	1.11107410852	
0.487	1.10948983725	
0.488	1.10790401167	
0.489	1.10631662715	
0.49	1.10472767909	
0.491	1.1031371629	
0.492	1.101545074	
0.493	1.0999514078	
0.494	1.09835615974	
0.495	1.09675932526	
0.496	1.09516089981	
0.497	1.09356087886	
0.498	1.09195925786	
0.499	1.09035603229	
0.5	1.08875119765	
0.501	1.08714474942	
0.502	1.08553668311	
0.503	1.08392699422	
0.504	1.08231567828	
0.505	1.08070273081	
0.506	1.07908814736	
0.507	1.07747192345	
0.508	1.07585405464	
0.509	1.0742345365	
0.51	1.07261336458	
0.511	1.07099053446	
0.512	1.06936604173	
0.513	1.06773988198	
0.514	1.06611205079	
0.515	1.06448254378	
0.516	1.06285135656	
0.517	1.06121848474	
0.518	1.05958392396	
0.519	1.05794766985	
0.52	1.05630971805	
0.521	1.0546700642	
0.522	1.05302870396	
0.523	1.051385633	
0.524	1.04974084697	
0.525	1.04809434157	
0.526	1.04644611246	
0.527	1.04479615534	
0.528	1.0431444659	
0.529	1.04149103985	
0.53	1.03983587289	
0.531	1.03817896074	
0.532	1.03652029911	
0.533	1.03485988374	
0.534	1.03319771036	
0.535	1.03153377471	
0.536	1.02986807254	
0.537	1.02820059958	
0.538	1.02653135162	
0.539	1.02486032439	
0.54	1.02318751369	
0.541	1.02151291528	
0.542	1.01983652493	
0.543	1.01815833845	
0.544	1.01647835162	
0.545	1.01479656024	
0.546	1.01311296011	
0.547	1.01142754704	
0.548	1.00974031685	
0.549	1.00805126535	
0.55	1.00636038837	
0.551	1.00466768174	
0.552	1.00297314129	
0.553	1.00127676287	
0.554	0.999578542323	
0.555	0.997878475494	
0.556	0.996176558241	
0.557	0.994472786426	
0.558	0.992767155912	
0.559	0.991059662571	
0.56	0.989350302277	
0.561	0.987639070909	
0.562	0.985925964352	
0.563	0.984210978495	
0.564	0.982494109232	
0.565	0.980775352459	
0.566	0.979054704081	
0.567	0.977332160003	
0.568	0.975607716138	
0.569	0.973881368401	
0.57	0.972153112711	
0.571	0.970422944994	
0.572	0.968690861177	
0.573	0.966956857193	
0.574	0.965220928979	
0.575	0.963483072476	
0.576	0.961743283629	
0.577	0.960001558386	
0.578	0.9582578927	
0.579	0.956512282527	
0.58	0.95476472383	
0.581	0.95301521257	
0.582	0.951263744718	
0.583	0.949510316244	
0.584	0.947754923124	
0.585	0.945997561337	
0.586	0.944238226866	
0.587	0.942476915697	
0.588	0.94071362382	
0.589	0.938948347228	
0.59	0.937181081918	
0.591	0.93541182389	
0.592	0.933640569148	
0.593	0.931867313698	
0.594	0.930092053551	
0.595	0.928314784719	
0.596	0.926535503219	
0.597	0.924754205071	
0.598	0.922970886297	
0.599	0.921185542924	
0.6	0.919398170981	
0.601	0.917608766498	
0.602	0.915817325512	
0.603	0.914023844059	
0.604	0.912228318182	
0.605	0.910430743922	
0.606	0.908631117328	
0.607	0.906829434446	
0.608	0.905025691331	
0.609	0.903219884036	
0.61	0.901412008619	
0.611	0.89960206114	
0.612	0.897790037661	
0.613	0.895975934247	
0.614	0.894159746966	
0.615	0.892341471889	
0.616	0.890521105088	
0.617	0.888698642638	
0.618	0.886874080616	
0.619	0.885047415103	
0.62	0.883218642181	
0.621	0.881387757934	
0.622	0.879554758449	
0.623	0.877719639815	
0.624	0.875882398124	
0.625	0.874043029468	
0.626	0.872201529943	
0.627	0.870357895648	
0.628	0.868512122681	
0.629	0.866664207145	
0.63	0.864814145143	
0.631	0.862961932781	
0.632	0.861107566166	
0.633	0.859251041409	
0.634	0.857392354621	
0.635	0.855531501916	
0.636	0.853668479408	
0.637	0.851803283214	
0.638	0.849935909454	
0.639	0.848066354248	
0.64	0.846194613717	
0.641	0.844320683987	
0.642	0.842444561183	
0.643	0.840566241431	
0.644	0.838685720861	
0.645	0.836802995603	
0.646	0.834918061788	
0.647	0.833030915551	
0.648	0.831141553026	
0.649	0.829249970349	
0.65	0.827356163658	
0.651	0.825460129092	
0.652	0.823561862792	
0.653	0.8216613609	
0.654	0.819758619558	
0.655	0.817853634911	
0.656	0.815946403105	
0.657	0.814036920287	
0.658	0.812125182604	
0.659	0.810211186206	
0.66	0.808294927244	
0.661	0.806376401869	
0.662	0.804455606233	
0.663	0.802532536491	
0.664	0.800607188796	
0.665	0.798679559306	
0.666	0.796749644176	
0.667	0.794817439565	
0.668	0.792882941631	
0.669	0.790946146534	
0.67	0.789007050433	
0.671	0.787065649491	
0.672	0.78512193987	
0.673	0.783175917733	
0.674	0.781227579243	
0.675	0.779276920566	
0.676	0.777323937865	
0.677	0.775368627308	
0.678	0.773410985061	
0.679	0.771451007292	
0.68	0.769488690169	
0.681	0.767524029859	
0.682	0.765557022533	
0.683	0.76358766436	
0.684	0.761615951511	
0.685	0.759641880157	
0.686	0.757665446468	
0.687	0.755686646618	
0.688	0.753705476777	
0.689	0.75172193312	
0.69	0.749736011819	
0.691	0.747747709047	
0.692	0.74575702098	
0.693	0.74376394379	
0.694	0.741768473653	
0.695	0.739770606743	
0.696	0.737770339237	
0.697	0.735767667308	
0.698	0.733762587134	
0.699	0.731755094889	
0.7	0.72974518675	
0.701	0.727732858893	
0.702	0.725718107494	
0.703	0.723700928731	
0.704	0.721681318779	
0.705	0.719659273816	
0.706	0.717634790017	
0.707	0.715607863561	
0.708	0.713578490623	
0.709	0.711546667381	
0.71	0.709512390011	
0.711	0.707475654691	
0.712	0.705436457596	
0.713	0.703394794903	
0.714	0.70135066279	
0.715	0.699304057432	
0.716	0.697254975005	
0.717	0.695203411685	
0.718	0.69314936365	
0.719	0.691092827073	
0.72	0.689033798131	
0.721	0.686972272998	
0.722	0.68490824785	
0.723	0.682841718861	
0.724	0.680772682206	
0.725	0.678701134059	
0.726	0.676627070593	
0.727	0.674550487981	
0.728	0.672471382397	
0.729	0.670389750013	
0.73	0.668305587001	
0.731	0.666218889532	
0.732	0.664129653779	
0.733	0.662037875911	
0.734	0.659943552099	
0.735	0.657846678513	
0.736	0.655747251321	
0.737	0.653645266693	
0.738	0.651540720795	
0.739	0.649433609797	
0.74	0.647323929864	
0.741	0.645211677163	
0.742	0.643096847859	
0.743	0.640979438118	
0.744	0.638859444103	
0.745	0.636736861978	
0.746	0.634611687905	
0.747	0.632483918048	
0.748	0.630353548566	
0.749	0.628220575621	
0.75	0.626084995372	
0.751	0.623946803979	
0.752	0.621805997599	
0.753	0.61966257239	
0.754	0.617516524507	
0.755	0.615367850107	
0.756	0.613216545345	
0.757	0.611062606373	
0.758	0.608906029344	
0.759	0.606746810412	
0.76	0.604584945725	
0.761	0.602420431435	
0.762	0.60025326369	
0.763	0.598083438637	
0.764	0.595910952425	
0.765	0.593735801198	
0.766	0.591557981102	
0.767	0.589377488279	
0.768	0.587194318873	
0.769	0.585008469025	
0.77	0.582819934876	
0.771	0.580628712563	
0.772	0.578434798226	
0.773	0.576238188001	
0.774	0.574038878024	
0.775	0.571836864429	
0.776	0.569632143349	
0.777	0.567424710916	
0.778	0.565214563261	
0.779	0.563001696514	
0.78	0.560786106801	
0.781	0.558567790251	
0.782	0.556346742988	
0.783	0.554122961136	
0.784	0.551896440819	
0.785	0.549667178157	
0.786	0.547435169271	
0.787	0.545200410279	
0.788	0.542962897298	
0.789	0.540722626444	
0.79	0.538479593831	
0.791	0.536233795572	
0.792	0.533985227778	
0.793	0.531733886559	
0.794	0.529479768023	
0.795	0.527222868277	
0.796	0.524963183427	
0.797	0.522700709575	
0.798	0.520435442824	
0.799	0.518167379274	
0.8	0.515896515025	
0.801	0.513622846172	
0.802	0.511346368813	
0.803	0.509067079041	
0.804	0.506784972947	
0.805	0.504500046624	
0.806	0.502212296159	
0.807	0.49992171764	
0.808	0.497628307153	
0.809	0.49533206078	
0.81	0.493032974604	
0.811	0.490731044706	
0.812	0.488426267163	
0.813	0.486118638052	
0.814	0.483808153448	
0.815	0.481494809424	
0.816	0.479178602051	
0.817	0.476859527398	
0.818	0.474537581533	
0.819	0.472212760521	
0.82	0.469885060426	
0.821	0.467554477309	
0.822	0.46522100723	
0.823	0.462884646247	
0.824	0.460545390416	
0.825	0.45820323579	
0.826	0.455858178422	
0.827	0.453510214362	
0.828	0.451159339656	
0.829	0.448805550352	
0.83	0.446448842493	
0.831	0.44408921212	
0.832	0.441726655273	
0.833	0.43936116799	
0.834	0.436992746307	
0.835	0.434621386256	
0.836	0.432247083869	
0.837	0.429869835174	
0.838	0.4274896362	
0.839	0.42510648297	
0.84	0.422720371508	
0.841	0.420331297833	
0.842	0.417939257963	
0.843	0.415544247916	
0.844	0.413146263704	
0.845	0.410745301338	
0.846	0.408341356829	
0.847	0.405934426183	
0.848	0.403524505404	
0.849	0.401111590495	
0.85	0.398695677456	
0.851	0.396276762284	
0.852	0.393854840975	
0.853	0.391429909522	
0.854	0.389001963916	
0.855	0.386571000144	
0.856	0.384137014192	
0.857	0.381700002044	
0.858	0.37925995968	
0.859	0.37681688308	
0.86	0.374370768219	
0.861	0.371921611071	
0.862	0.369469407606	
0.863	0.367014153795	
0.864	0.364555845602	
0.865	0.362094478991	
0.866	0.359630049923	
0.867	0.357162554358	
0.868	0.35469198825	
0.869	0.352218347553	
0.87	0.349741628218	
0.871	0.347261826193	
0.872	0.344778937424	
0.873	0.342292957854	
0.874	0.339803883423	
0.875	0.337311710068	
0.876	0.334816433726	
0.877	0.332318050327	
0.878	0.329816555802	
0.879	0.327311946078	
0.88	0.324804217079	
0.881	0.322293364726	
0.882	0.319779384938	
0.883	0.317262273631	
0.884	0.314742026719	
0.885	0.312218640112	
0.886	0.309692109718	
0.887	0.307162431441	
0.888	0.304629601183	
0.889	0.302093614844	
0.89	0.299554468321	
0.891	0.297012157506	
0.892	0.29446667829	
0.893	0.291918026562	
0.894	0.289366198205	
0.895	0.286811189103	
0.896	0.284252995134	
0.897	0.281691612174	
0.898	0.279127036096	
0.899	0.276559262771	
0.9	0.273988288066	
0.901	0.271414107846	
0.902	0.26883671797	
0.903	0.266256114299	
0.904	0.263672292687	
0.905	0.261085248986	
0.906	0.258494979045	
0.907	0.255901478712	
0.908	0.253304743828	
0.909	0.250704770234	
0.91	0.248101553766	
0.911	0.245495090259	
0.912	0.242885375543	
0.913	0.240272405446	
0.914	0.237656175792	
0.915	0.235036682402	
0.916	0.232413921095	
0.917	0.229787887685	
0.918	0.227158577984	
0.919	0.2245259878	
0.92	0.22189011294	
0.921	0.219250949204	
0.922	0.216608492393	
0.923	0.2139627383	
0.924	0.211313682719	
0.925	0.208661321439	
0.926	0.206005650245	
0.927	0.20334666492	
0.928	0.200684361243	
0.929	0.19801873499	
0.93	0.195349781933	
0.931	0.192677497841	
0.932	0.19000187848	
0.933	0.187322919613	
0.934	0.184640616998	
0.935	0.181954966391	
0.936	0.179265963544	
0.937	0.176573604206	
0.938	0.173877884122	
0.939	0.171178799034	
0.94	0.16847634468	
0.941	0.165770516796	
0.942	0.163061311113	
0.943	0.160348723358	
0.944	0.157632749256	
0.945	0.154913384529	
0.946	0.152190624893	
0.947	0.149464466062	
0.948	0.146734903746	
0.949	0.144001933653	
0.95	0.141265551486	
0.951	0.138525752943	
0.952	0.13578253372	
0.953	0.133035889511	
0.954	0.130285816004	
0.955	0.127532308884	
0.956	0.124775363831	
0.957	0.122014976525	
0.958	0.119251142638	
0.959	0.116483857842	
0.96	0.113713117803	
0.961	0.110938918183	
0.962	0.108161254643	
0.963	0.105380122837	
0.964	0.102595518417	
0.965	0.0998074370317	
0.966	0.0970158743244	
0.967	0.0942208259359	
0.968	0.0914222875026	
0.969	0.0886202546575	
0.97	0.0858147230294	
0.971	0.0830056882435	
0.972	0.080193145921	
0.973	0.0773770916794	
0.974	0.0745575211322	
0.975	0.0717344298891	
0.976	0.0689078135558	
0.977	0.0660776677343	
0.978	0.0632439880224	
0.979	0.0604067700142	
0.98	0.0575660092998	
0.981	0.0547217014653	
0.982	0.0518738420927	
0.983	0.0490224267605	
0.984	0.0461674510426	
0.985	0.0433089105093	
0.986	0.0404468007267	
0.987	0.0375811172571	
0.988	0.0347118556584	
0.989	0.0318390114849	
0.99	0.0289625802864	
0.991	0.0260825576088	
0.992	0.0231989389941	
0.993	0.0203117199799	
0.994	0.0174208960999	
0.995	0.0145264628836	
0.996	0.0116284158564	
0.997	0.00872675053941	
0.998	0.00582146244979	
0.999	0.00291254710041	
1.0	0.0	
