0.0	1.0	
0.001	0.998864826632	
0.002	0.997758341628	
0.003	0.99666241363	
0.004	0.9955732663	
0.005	0.994489113593	
0.006	0.993408904452	
0.007	0.992331943479	
0.008	0.991257734953	
0.009	0.990185906588	
0.01	0.989116167764	
0.011	0.988048284712	
0.012	0.986982064835	
0.013	0.985917346309	
0.014	0.984853990918	
0.015	0.983791878951	
0.016	0.982730905473	
0.017	0.981670977536	
0.018	0.980612012048	
0.019	0.97955393412	
0.02	0.978496675764	
0.021	0.977440174852	
0.022	0.976384374278	
0.023	0.975329221265	
0.024	0.9742746668	
0.025	0.973220665167	
0.026	0.97216717354	
0.027	0.97111415166	
0.028	0.97006156154	
0.029	0.969009367227	
0.03	0.967957534588	
0.031	0.966906031132	
0.032	0.965854825846	
0.033	0.96480388906	
0.034	0.963753192325	
0.035	0.962702708305	
0.036	0.961652410681	
0.037	0.960602274068	
0.038	0.95955227394	
0.039	0.958502386559	
0.04	0.95745258892	
0.041	0.956402858693	
0.042	0.955353174175	
0.043	0.954303514247	
0.044	0.953253858331	
0.045	0.952204186355	
0.046	0.951154478721	
0.047	0.950104716272	
0.048	0.949054880266	
0.049	0.948004952352	
0.05	0.946954914541	
0.051	0.945904749192	
0.052	0.944854438987	
0.053	0.943803966915	
0.054	0.942753316253	
0.055	0.941702470554	
0.056	0.940651413628	
0.057	0.939600129533	
0.058	0.93854860256	
0.059	0.937496817221	
0.06	0.936444758239	
0.061	0.93539241054	
0.062	0.934339759239	
0.063	0.933286789635	
0.064	0.932233487201	
0.065	0.931179837577	
0.066	0.930125826563	
0.067	0.929071440109	
0.068	0.928016664315	
0.069	0.926961485419	
0.07	0.925905889794	
0.071	0.924849863941	
0.072	0.923793394488	
0.073	0.922736468179	
0.074	0.921679071877	
0.075	0.920621192552	
0.076	0.919562817282	
0.077	0.918503933249	
0.078	0.917444527732	
0.079	0.916384588108	
0.08	0.915324101846	
0.081	0.914263056504	
0.082	0.913201439727	
0.083	0.912139239245	
0.084	0.911076442867	
0.085	0.910013038483	
0.086	0.908949014057	
0.087	0.907884357631	
0.088	0.906819057314	
0.089	0.905753101288	
0.09	0.904686477803	
0.091	0.903619175174	
0.092	0.90255118178	
0.093	0.901482486064	
0.094	0.900413076527	
0.095	0.899342941734	
0.096	0.898272070303	
0.097	0.897200450912	
0.098	0.896128072291	
0.099	0.895054923227	
0.1	0.893980992557	
0.101	0.892906269171	
0.102	0.891830742006	
0.103	0.890754400053	
0.104	0.889677232346	
0.105	0.88859922797	
0.106	0.887520376053	
0.107	0.886440665769	
0.108	0.885360086337	
0.109	0.884278627018	
0.11	0.883196277117	
0.111	0.882113025979	
0.112	0.881028862991	
0.113	0.879943777579	
0.114	0.87885775921	
0.115	0.877770797389	
0.116	0.876682881658	
0.117	0.875594001599	
0.118	0.874504146828	
0.119	0.873413307	
0.12	0.872321471804	
0.121	0.871228630964	
0.122	0.87013477424	
0.123	0.869039891425	
0.124	0.867943972346	
0.125	0.866847006864	
0.126	0.865748984871	
0.127	0.864649896294	
0.128	0.863549731089	
0.129	0.862448479245	
0.13	0.861346130783	
0.131	0.860242675752	
0.132	0.859138104234	
0.133	0.858032406341	
0.134	0.856925572212	
0.135	0.855817592019	
0.136	0.85470845596	
0.137	0.853598154263	
0.138	0.852486677185	
0.139	0.851374015011	
0.14	0.850260158052	
0.141	0.84914509665	
0.142	0.848028821173	
0.143	0.846911322014	
0.144	0.845792589596	
0.145	0.844672614367	
0.146	0.843551386802	
0.147	0.842428897402	
0.148	0.841305136695	
0.149	0.840180095233	
0.15	0.839053763597	
0.151	0.837926132389	
0.152	0.836797192239	
0.153	0.835666933804	
0.154	0.834535347761	
0.155	0.833402424816	
0.156	0.832268155699	
0.157	0.831132531163	
0.158	0.829995541986	
0.159	0.828857178971	
0.16	0.827717432945	
0.161	0.826576294758	
0.162	0.825433755284	
0.163	0.824289805423	
0.164	0.823144436096	
0.165	0.821997638248	
0.166	0.820849402849	
0.167	0.819699720891	
0.168	0.818548583388	
0.169	0.817395981381	
0.17	0.81624190593	
0.171	0.81508634812	
0.172	0.813929299059	
0.173	0.812770749877	
0.174	0.811610691728	
0.175	0.810449115786	
0.176	0.809286013251	
0.177	0.808121375343	
0.178	0.806955193305	
0.179	0.805787458404	
0.18	0.804618161927	
0.181	0.803447295185	
0.182	0.80227484951	
0.183	0.801100816257	
0.184	0.799925186804	
0.185	0.798747952548	
0.186	0.797569104912	
0.187	0.796388635338	
0.188	0.795206535291	
0.189	0.794022796259	
0.19	0.792837409749	
0.191	0.791650367294	
0.192	0.790461660445	
0.193	0.789271280776	
0.194	0.788079219885	
0.195	0.786885469388	
0.196	0.785690020926	
0.197	0.78449286616	
0.198	0.783293996772	
0.199	0.782093404467	
0.2	0.780891080973	
0.201	0.779687018036	
0.202	0.778481207426	
0.203	0.777273640935	
0.204	0.776064310375	
0.205	0.774853207581	
0.206	0.773640324408	
0.207	0.772425652734	
0.208	0.771209184458	
0.209	0.769990911501	
0.21	0.768770825805	
0.211	0.767548919333	
0.212	0.766325184071	
0.213	0.765099612027	
0.214	0.763872195227	
0.215	0.762642925722	
0.216	0.761411795585	
0.217	0.760178796906	
0.218	0.758943921802	
0.219	0.757707162409	
0.22	0.756468510884	
0.221	0.755227959407	
0.222	0.753985500178	
0.223	0.752741125421	
0.224	0.751494827379	
0.225	0.750246598318	
0.226	0.748996430526	
0.227	0.747744316312	
0.228	0.746490248007	
0.229	0.745234217963	
0.23	0.743976218554	
0.231	0.742716242176	
0.232	0.741454281247	
0.233	0.740190328206	
0.234	0.738924375514	
0.235	0.737656415654	
0.236	0.736386441131	
0.237	0.735114444472	
0.238	0.733840418224	
0.239	0.732564354958	
0.24	0.731286247266	
0.241	0.730006087762	
0.242	0.728723869082	
0.243	0.727439583884	
0.244	0.726153224848	
0.245	0.724864784675	
0.246	0.72357425609	
0.247	0.722281631838	
0.248	0.720986904687	
0.249	0.719690067428	
0.25	0.718391112873	
0.251	0.717090033856	
0.252	0.715786823233	
0.253	0.714481473884	
0.254	0.71317397871	
0.255	0.711864330634	
0.256	0.710552522601	
0.257	0.709238547579	
0.258	0.707922398559	
0.259	0.706604068553	
0.26	0.705283550596	
0.261	0.703960837747	
0.262	0.702635923084	
0.263	0.70130879971	
0.264	0.69997946075	
0.265	0.698647899353	
0.266	0.697314108687	
0.267	0.695978081946	
0.268	0.694639812346	
0.269	0.693299293124	
0.27	0.691956517542	
0.271	0.690611478883	
0.272	0.689264170454	
0.273	0.687914585584	
0.274	0.686562717626	
0.275	0.685208559953	
0.276	0.683852105965	
0.277	0.682493349083	
0.278	0.68113228275	
0.279	0.679768900434	
0.28	0.678403195625	
0.281	0.677035161836	
0.282	0.675664792603	
0.283	0.674292081487	
0.284	0.67291702207	
0.285	0.671539607957	
0.286	0.67015983278	
0.287	0.668777690189	
0.288	0.667393173862	
0.289	0.666006277498	
0.29	0.66461699482	
0.291	0.663225319575	
0.292	0.661831245531	
0.293	0.660434766484	
0.294	0.65903587625	
0.295	0.65763456867	
0.296	0.656230837608	
0.297	0.654824676952	
0.298	0.653416080615	
0.299	0.652005042532	
0.3	0.650591556663	
0.301	0.649175616991	
0.302	0.647757217523	
0.303	0.646336352291	
0.304	0.64491301535	
0.305	0.643487200779	
0.306	0.642058902682	
0.307	0.640628115185	
0.308	0.639194832441	
0.309	0.637759048625	
0.31	0.636320757937	
0.311	0.634879954602	
0.312	0.633436632868	
0.313	0.631990787007	
0.314	0.630542411318	
0.315	0.629091500121	
0.316	0.627638047763	
0.317	0.626182048615	
0.318	0.624723497071	
0.319	0.623262387551	
0.32	0.6217987145	
0.321	0.620332472387	
0.322	0.618863655705	
0.323	0.617392258973	
0.324	0.615918276734	
0.325	0.614441703556	
0.326	0.612962534031	
0.327	0.611480762779	
0.328	0.609996384441	
0.329	0.608509393685	
0.33	0.607019785204	
0.331	0.605527553716	
0.332	0.604032693963	
0.333	0.602535200714	
0.334	0.601035068762	
0.335	0.599532292925	
0.336	0.598026868046	
0.337	0.596518788996	
0.338	0.595008050668	
0.339	0.593494647982	
0.34	0.591978575883	
0.341	0.590459829341	
0.342	0.588938403354	
0.343	0.587414292941	
0.344	0.585887493152	
0.345	0.584357999058	
0.346	0.582825805758	
0.347	0.581290908376	
0.348	0.579753302062	
0.349	0.578212981992	
0.35	0.576669943368	
0.351	0.575124181417	
0.352	0.573575691392	
0.353	0.572024468572	
0.354	0.570470508264	
0.355	0.568913805797	
0.356	0.56735435653	
0.357	0.565792155846	
0.358	0.564227199155	
0.359	0.562659481892	
0.36	0.561088999519	
0.361	0.559515747525	
0.362	0.557939721424	
0.363	0.556360916758	
0.364	0.554779329093	
0.365	0.553194954023	
0.366	0.551607787169	
0.367	0.550017824177	
0.368	0.54842506072	
0.369	0.546829492498	
0.37	0.545231115239	
0.371	0.543629924694	
0.372	0.542025916643	
0.373	0.540419086894	
0.374	0.538809431278	
0.375	0.537196945658	
0.376	0.535581625919	
0.377	0.533963467975	
0.378	0.532342467768	
0.379	0.530718621265	
0.38	0.52909192446	
0.381	0.527462373376	
0.382	0.525829964062	
0.383	0.524194692593	
0.384	0.522556555073	
0.385	0.520915547632	
0.386	0.519271666428	
0.387	0.517624907646	
0.388	0.515975267498	
0.389	0.514322742223	
0.39	0.512667328089	
0.391	0.511009021391	
0.392	0.509347818449	
0.393	0.507683715614	
0.394	0.506016709262	
0.395	0.504346795798	
0.396	0.502673971654	
0.397	0.50099823329	
0.398	0.499319577193	
0.399	0.497637999879	
0.4	0.49595349789	
0.401	0.494266067798	
0.402	0.4925757062	
0.403	0.490882409724	
0.404	0.489186175025	
0.405	0.487486998783	
0.406	0.48578487771	
0.407	0.484079808545	
0.408	0.482371788053	
0.409	0.480660813029	
0.41	0.478946880296	
0.411	0.477229986705	
0.412	0.475510129134	
0.413	0.473787304492	
0.414	0.472061509713	
0.415	0.470332741762	
0.416	0.468600997631	
0.417	0.46686627434	
0.418	0.465128568939	
0.419	0.463387878505	
0.42	0.461644200145	
0.421	0.459897530992	
0.422	0.458147868209	
0.423	0.456395208989	
0.424	0.454639550552	
0.425	0.452880890147	
0.426	0.451119225051	
0.427	0.449354552571	
0.428	0.447586870042	
0.429	0.445816174828	
0.43	0.444042464321	
0.431	0.442265735945	
0.432	0.440485987149	
0.433	0.438703215412	
0.434	0.436917418244	
0.435	0.435128593181	
0.436	0.433336737791	
0.437	0.431541849668	
0.438	0.429743926439	
0.439	0.427942965756	
0.44	0.426138965303	
0.441	0.424331922791	
0.442	0.422521835963	
0.443	0.420708702589	
0.444	0.41889252047	
0.445	0.417073287434	
0.446	0.41525100134	
0.447	0.413425660077	
0.448	0.411597261562	
0.449	0.409765803743	
0.45	0.407931284595	
0.451	0.406093702125	
0.452	0.404253054369	
0.453	0.402409339392	
0.454	0.400562555288	
0.455	0.398712700182	
0.456	0.396859772229	
0.457	0.395003769611	
0.458	0.393144690544	
0.459	0.39128253327	
0.46	0.389417296063	
0.461	0.387548977225	
0.462	0.38567757509	
0.463	0.383803088021	
0.464	0.381925514409	
0.465	0.380044852678	
0.466	0.378161101281	
0.467	0.376274258701	
0.468	0.374384323449	
0.469	0.372491294069	
0.47	0.370595169135	
0.471	0.368695947248	
0.472	0.366793627042	
0.473	0.364888207181	
0.474	0.362979686358	
0.475	0.361068063298	
0.476	0.359153336754	
0.477	0.357235505511	
0.478	0.355314568383	
0.479	0.353390524216	
0.48	0.351463371886	
0.481	0.349533110298	
0.482	0.347599738389	
0.483	0.345663255126	
0.484	0.343723659505	
0.485	0.341780950556	
0.486	0.339835127337	
0.487	0.337886188936	
0.488	0.335934134473	
0.489	0.333978963099	
0.49	0.332020673995	
0.491	0.330059266371	
0.492	0.328094739471	
0.493	0.326127092568	
0.494	0.324156324966	
0.495	0.322182435998	
0.496	0.320205425031	
0.497	0.318225291461	
0.498	0.316242034716	
0.499	0.314255654252	
0.5	0.31226614956	
0.501	0.310273520159	
0.502	0.308277765599	
0.503	0.306278885464	
0.504	0.304276879365	
0.505	0.302271746948	
0.506	0.300263487885	
0.507	0.298252101885	
0.508	0.296237588684	
0.509	0.29421994805	
0.51	0.292199179783	
0.511	0.290175283714	
0.512	0.288148259704	
0.513	0.286118107647	
0.514	0.284084827467	
0.515	0.282048419119	
0.516	0.280008882591	
0.517	0.277966217901	
0.518	0.275920425098	
0.519	0.273871504263	
0.52	0.271819455509	
0.521	0.26976427898	
0.522	0.267705974851	
0.523	0.265644543327	
0.524	0.263579984649	
0.525	0.261512299084	
0.526	0.259441486935	
0.527	0.257367548533	
0.528	0.255290484244	
0.529	0.253210294463	
0.53	0.251126979617	
0.531	0.249040540165	
0.532	0.246950976598	
0.533	0.244858289439	
0.534	0.242762479241	
0.535	0.24066354659	
0.536	0.238561492104	
0.537	0.236456316431	
0.538	0.234348020253	
0.539	0.232236604282	
0.54	0.230122069263	
0.541	0.228004415972	
0.542	0.225883645217	
0.543	0.223759757838	
0.544	0.221632754708	
0.545	0.219502636729	
0.546	0.217369404837	
0.547	0.215233060001	
0.548	0.213093603219	
0.549	0.210951035523	
0.55	0.208805357976	
0.551	0.206656571675	
0.552	0.204504677745	
0.553	0.202349677348	
0.554	0.200191571674	
0.555	0.198030361947	
0.556	0.195866049423	
0.557	0.193698635389	
0.558	0.191528121165	
0.559	0.189354508104	
0.56	0.187177797589	
0.561	0.184997991037	
0.562	0.182815089896	
0.563	0.180629095647	
0.564	0.178440009803	
0.565	0.176247833909	
0.566	0.174052569541	
0.567	0.171854218311	
0.568	0.169652781859	
0.569	0.167448261859	
0.57	0.165240660019	
0.571	0.163029978076	
0.572	0.160816217802	
0.573	0.158599381	
0.574	0.156379469506	
0.575	0.154156485188	
0.576	0.151930429946	
0.577	0.149701305712	
0.578	0.147469114453	
0.579	0.145233858166	
0.58	0.142995538881	
0.581	0.14075415866	
0.582	0.138509719599	
0.583	0.136262223824	
0.584	0.134011673495	
0.585	0.131758070806	
0.586	0.12950141798	
0.587	0.127241717275	
0.588	0.124978970981	
0.589	0.122713181419	
0.59	0.120444350947	
0.591	0.118172481949	
0.592	0.115897576847	
0.593	0.113619638094	
0.594	0.111338668173	
0.595	0.109054669604	
0.596	0.106767644936	
0.597	0.104477596752	
0.598	0.102184527669	
0.599	0.0998884403335	
0.6	0.0975893374272	
0.601	0.0952872216634	
0.602	0.0929820957882	
0.603	0.0906739625806	
0.604	0.0883628248519	
0.605	0.0860486854463	
0.606	0.0837315472407	
0.607	0.0814114131446	
0.608	0.0790882861002	
0.609	0.0767621690826	
0.61	0.0744330650994	
0.611	0.0721009771909	
0.612	0.0697659084304	
0.613	0.0674278619237	
0.614	0.0650868408095	
0.615	0.062742848259	
0.616	0.0603958874765	
0.617	0.0580459616988	
0.618	0.0556930741956	
0.619	0.0533372282693	
0.62	0.0509784272553	
0.621	0.0486166745214	
0.622	0.0462519734685	
0.623	0.0438843275302	
0.624	0.041513740173	
0.625	0.039140214896	
0.626	0.0367637552313	
0.627	0.0343843647437	
0.628	0.0320020470309	
0.629	0.0296168057234	
0.63	0.0272286444846	
0.631	0.0248375670105	
0.632	0.0224435770302	
0.633	0.0200466783056	
0.634	0.0176468746313	
0.635	0.0152441698349	
0.636	0.0128385677766	
0.637	0.0104300723499	
0.638	0.00801868748066	
0.639	0.00560441712794	
0.64	0.00318726528352	
0.641	0.000767235972053	
0.642	-0.00165566674892	
0.643	-0.00408143878901	
0.644	-0.00651007602495	
0.645	-0.00894157430063	
0.646	-0.011375929427	
0.647	-0.0138131371823	
0.648	-0.0162531933118	
0.649	-0.0186960935277	
0.65	-0.0211418335097	
0.651	-0.0235904089044	
0.652	-0.0260418153256	
0.653	-0.0284960483542	
0.654	-0.0309531035383	
0.655	-0.0334129763929	
0.656	-0.0358756624004	
0.657	-0.0383411570103	
0.658	-0.040809455639	
0.659	-0.0432805536703	
0.66	-0.045754446455	
0.661	-0.0482311293111	
0.662	-0.0507105975237	
0.663	-0.053192846345	
0.664	-0.0556778709944	
0.665	-0.0581656666584	
0.666	-0.0606562284907	
0.667	-0.0631495516121	
0.668	-0.0656456311106	
0.669	-0.0681444620414	
0.67	-0.0706460394267	
0.671	-0.0731503582559	
0.672	-0.0756574134857	
0.673	-0.0781672000399	
0.674	-0.0806797128094	
0.675	-0.0831949466524	
0.676	-0.0857128963942	
0.677	-0.0882335568272	
0.678	-0.0907569227112	
0.679	-0.093282988773	
0.68	-0.0958117497068	
0.681	-0.0983432001738	
0.682	-0.100877334803	
0.683	-0.103414148189	
0.684	-0.105953634895	
0.685	-0.108495789452	
0.686	-0.111040606357	
0.687	-0.113588080075	
0.688	-0.116138205037	
0.689	-0.118690975642	
0.69	-0.121246386258	
0.691	-0.123804431217	
0.692	-0.126365104821	
0.693	-0.128928401338	
0.694	-0.131494315003	
0.695	-0.134062840019	
0.696	-0.136633970556	
0.697	-0.139207700752	
0.698	-0.141784024711	
0.699	-0.144362936505	
0.7	-0.146944430175	
0.701	-0.149528499726	
0.702	-0.152115139132	
0.703	-0.154704342336	
0.704	-0.157296103245	
0.705	-0.159890415737	
0.706	-0.162487273655	
0.707	-0.165086670809	
0.708	-0.167688600979	
0.709	-0.170293057909	
0.71	-0.172900035314	
0.711	-0.175509526874	
0.712	-0.178121526238	
0.713	-0.18073602702	
0.714	-0.183353022804	
0.715	-0.185972507141	
0.716	-0.188594473548	
0.717	-0.191218915512	
0.718	-0.193845826485	
0.719	-0.196475199889	
0.72	-0.19910702911	
0.721	-0.201741307506	
0.722	-0.204378028399	
0.723	-0.207017185081	
0.724	-0.20965877081	
0.725	-0.212302778811	
0.726	-0.21494920228	
0.727	-0.217598034377	
0.728	-0.220249268231	
0.729	-0.222902896939	
0.73	-0.225558913565	
0.731	-0.228217311142	
0.732	-0.230878082669	
0.733	-0.233541221114	
0.734	-0.236206719412	
0.735	-0.238874570466	
0.736	-0.241544767147	
0.737	-0.244217302293	
0.738	-0.246892168711	
0.739	-0.249569359174	
0.74	-0.252248866426	
0.741	-0.254930683175	
0.742	-0.2576148021	
0.743	-0.260301215845	
0.744	-0.262989917025	
0.745	-0.265680898221	
0.746	-0.268374151982	
0.747	-0.271069670826	
0.748	-0.273767447236	
0.749	-0.276467473668	
0.75	-0.279169742542	
0.751	-0.281874246247	
0.752	-0.28458097714	
0.753	-0.287289927547	
0.754	-0.290001089761	
0.755	-0.292714456043	
0.756	-0.295430018624	
0.757	-0.2981477697	
0.758	-0.300867701438	
0.759	-0.303589805972	
0.76	-0.306314075403	
0.761	-0.309040501803	
0.762	-0.311769077209	
0.763	-0.314499793629	
0.764	-0.317232643037	
0.765	-0.319967617378	
0.766	-0.322704708563	
0.767	-0.325443908471	
0.768	-0.328185208951	
0.769	-0.330928601821	
0.77	-0.333674078865	
0.771	-0.336421631836	
0.772	-0.339171252457	
0.773	-0.341922932418	
0.774	-0.344676663378	
0.775	-0.347432436964	
0.776	-0.350190244773	
0.777	-0.352950078368	
0.778	-0.355711929284	
0.779	-0.35847578902	
0.78	-0.361241649049	
0.781	-0.364009500808	
0.782	-0.366779335705	
0.783	-0.369551145116	
0.784	-0.372324920387	
0.785	-0.37510065283	
0.786	-0.377878333729	
0.787	-0.380657954334	
0.788	-0.383439505866	
0.789	-0.386222979513	
0.79	-0.389008366434	
0.791	-0.391795657753	
0.792	-0.394584844568	
0.793	-0.397375917943	
0.794	-0.40016886891	
0.795	-0.402963688472	
0.796	-0.4057603676	
0.797	-0.408558897236	
0.798	-0.411359268287	
0.799	-0.414161471634	
0.8	-0.416965498123	
0.801	-0.419771338571	
0.802	-0.422578983764	
0.803	-0.425388424458	
0.804	-0.428199651376	
0.805	-0.431012655212	
0.806	-0.43382742663	
0.807	-0.436643956261	
0.808	-0.439462234707	
0.809	-0.442282252538	
0.81	-0.445104000296	
0.811	-0.447927468489	
0.812	-0.450752647598	
0.813	-0.45357952807	
0.814	-0.456408100323	
0.815	-0.459238354746	
0.816	-0.462070281696	
0.817	-0.464903871499	
0.818	-0.467739114453	
0.819	-0.470576000822	
0.82	-0.473414520843	
0.821	-0.476254664722	
0.822	-0.479096422633	
0.823	-0.481939784722	
0.824	-0.484784741104	
0.825	-0.487631281863	
0.826	-0.490479397054	
0.827	-0.493329076702	
0.828	-0.496180310801	
0.829	-0.499033089314	
0.83	-0.501887402178	
0.831	-0.504743239296	
0.832	-0.507600590542	
0.833	-0.510459445762	
0.834	-0.51331979477	
0.835	-0.516181627351	
0.836	-0.51904493326	
0.837	-0.521909702222	
0.838	-0.524775923933	
0.839	-0.527643588059	
0.84	-0.530512684236	
0.841	-0.533383202071	
0.842	-0.536255131141	
0.843	-0.539128460992	
0.844	-0.542003181144	
0.845	-0.544879281085	
0.846	-0.547756750272	
0.847	-0.550635578137	
0.848	-0.553515754079	
0.849	-0.556397267469	
0.85	-0.559280107648	
0.851	-0.562164263929	
0.852	-0.565049725595	
0.853	-0.567936481899	
0.854	-0.570824522065	
0.855	-0.57371383529	
0.856	-0.57660441074	
0.857	-0.579496237552	
0.858	-0.582389304834	
0.859	-0.585283601665	
0.86	-0.588179117097	
0.861	-0.591075840149	
0.862	-0.593973759816	
0.863	-0.59687286506	
0.864	-0.599773144816	
0.865	-0.602674587991	
0.866	-0.605577183462	
0.867	-0.608480920077	
0.868	-0.611385786657	
0.869	-0.614291771994	
0.87	-0.61719886485	
0.871	-0.62010705396	
0.872	-0.623016328029	
0.873	-0.625926675736	
0.874	-0.628838085728	
0.875	-0.631750546628	
0.876	-0.634664047027	
0.877	-0.63757857549	
0.878	-0.640494120551	
0.879	-0.64341067072	
0.88	-0.646328214475	
0.881	-0.649246740268	
0.882	-0.652166236523	
0.883	-0.655086691634	
0.884	-0.658008093968	
0.885	-0.660930431866	
0.886	-0.663853693638	
0.887	-0.666777867568	
0.888	-0.669702941913	
0.889	-0.672628904898	
0.89	-0.675555744726	
0.891	-0.678483449568	
0.892	-0.68141200757	
0.893	-0.684341406848	
0.894	-0.687271635493	
0.895	-0.690202681565	
0.896	-0.693134533101	
0.897	-0.696067178107	
0.898	-0.699000604564	
0.899	-0.701934800423	
0.9	-0.70486975361	
0.901	-0.707805452023	
0.902	-0.710741883532	
0.903	-0.713679035981	
0.904	-0.716616897187	
0.905	-0.719555454939	
0.906	-0.722494696999	
0.907	-0.725434611103	
0.908	-0.728375184959	
0.909	-0.731316406248	
0.91	-0.734258262626	
0.911	-0.73720074172	
0.912	-0.74014383113	
0.913	-0.743087518433	
0.914	-0.746031791175	
0.915	-0.748976636877	
0.916	-0.751922043035	
0.917	-0.754867997116	
0.918	-0.757814486561	
0.919	-0.760761498787	
0.92	-0.763709021181	
0.921	-0.766657041106	
0.922	-0.769605545899	
0.923	-0.772554522869	
0.924	-0.7755039593	
0.925	-0.778453842449	
0.926	-0.781404159549	
0.927	-0.784354897805	
0.928	-0.787306044396	
0.929	-0.790257586477	
0.93	-0.793209511174	
0.931	-0.796161805589	
0.932	-0.799114456799	
0.933	-0.802067451854	
0.934	-0.805020777779	
0.935	-0.807974421573	
0.936	-0.810928370209	
0.937	-0.813882610636	
0.938	-0.816837129775	
0.939	-0.819791914523	
0.94	-0.822746951753	
0.941	-0.825702228311	
0.942	-0.828657731017	
0.943	-0.831613446668	
0.944	-0.834569362034	
0.945	-0.837525463861	
0.946	-0.840481738868	
0.947	-0.843438173753	
0.948	-0.846394755184	
0.949	-0.849351469808	
0.95	-0.852308304246	
0.951	-0.855265245092	
0.952	-0.858222278919	
0.953	-0.861179392273	
0.954	-0.864136571676	
0.955	-0.867093803625	
0.956	-0.870051074592	
0.957	-0.873008371027	
0.958	-0.875965679352	
0.959	-0.878922985967	
0.96	-0.881880277247	
0.961	-0.884837539544	
0.962	-0.887794759183	
0.963	-0.890751922467	
0.964	-0.893709015675	
0.965	-0.896666025062	
0.966	-0.899622936856	
0.967	-0.902579737265	
0.968	-0.905536412472	
0.969	-0.908492948634	
0.97	-0.911449331888	
0.971	-0.914405548344	
0.972	-0.91736158409	
0.973	-0.92031742519	
0.974	-0.923273057684	
0.975	-0.92622846759	
0.976	-0.929183640902	
0.977	-0.932138563588	
0.978	-0.935093221598	
0.979	-0.938047600853	
0.98	-0.941001687254	
0.981	-0.94395546668	
0.982	-0.946908924984	
0.983	-0.949862047998	
0.984	-0.952814821529	
0.985	-0.955767231364	
0.986	-0.958719263264	
0.987	-0.961670902971	
0.988	-0.9646221362	
0.989	-0.967572948646	
0.99	-0.970523325982	
0.991	-0.973473253855	
0.992	-0.976422717895	
0.993	-0.979371703703	
0.994	-0.982320196863	
0.995	-0.985268182935	
0.996	-0.988215647455	
0.997	-0.99116257594	
0.998	-0.994108953882	
0.999	-0.997054766752	
1.0	-1.0	
