0.0	1.0	
0.001	0.997520451331	
0.002	0.995472748479	
0.003	0.993561503612	
0.004	0.991733750637	
0.005	0.989965616733	
0.006	0.988243531265	
0.007	0.986558766721	
0.008	0.98490525424	
0.009	0.983278538254	
0.01	0.981675213889	
0.011	0.980092597675	
0.012	0.978528522204	
0.013	0.976981201572	
0.014	0.975449139611	
0.015	0.973931065188	
0.016	0.972425885331	
0.017	0.970932650434	
0.018	0.969450527924	
0.019	0.967978781953	
0.02	0.966516757507	
0.021	0.96506386779	
0.022	0.963619584088	
0.023	0.962183427528	
0.024	0.960754962323	
0.025	0.959333790167	
0.026	0.957919545568	
0.027	0.956511891906	
0.028	0.955110518105	
0.029	0.95371513579	
0.03	0.952325476845	
0.031	0.950941291314	
0.032	0.949562345577	
0.033	0.948188420756	
0.034	0.946819311333	
0.035	0.94545482392	
0.036	0.944094776187	
0.037	0.942738995901	
0.038	0.941387320087	
0.039	0.940039594261	
0.04	0.938695671763	
0.041	0.937355413142	
0.042	0.936018685616	
0.043	0.934685362578	
0.044	0.933355323149	
0.045	0.932028451777	
0.046	0.93070463787	
0.047	0.92938377546	
0.048	0.928065762901	
0.049	0.926750502589	
0.05	0.925437900708	
0.051	0.924127866995	
0.052	0.922820314527	
0.053	0.92151515952	
0.054	0.920212321146	
0.055	0.918911721369	
0.056	0.917613284783	
0.057	0.91631693847	
0.058	0.915022611866	
0.059	0.913730236636	
0.06	0.912439746557	
0.061	0.911151077411	
0.062	0.909864166884	
0.063	0.908578954469	
0.064	0.907295381385	
0.065	0.906013390487	
0.066	0.904732926193	
0.067	0.903453934411	
0.068	0.90217636247	
0.069	0.900900159059	
0.07	0.899625274164	
0.071	0.898351659012	
0.072	0.897079266018	
0.073	0.895808048739	
0.074	0.894537961818	
0.075	0.893268960948	
0.076	0.892001002823	
0.077	0.890734045103	
0.078	0.889468046374	
0.079	0.888202966111	
0.08	0.886938764647	
0.081	0.885675403136	
0.082	0.884412843529	
0.083	0.883151048539	
0.084	0.881889981617	
0.085	0.880629606923	
0.086	0.879369889302	
0.087	0.878110794263	
0.088	0.876852287951	
0.089	0.87559433713	
0.09	0.874336909159	
0.091	0.873079971975	
0.092	0.871823494073	
0.093	0.870567444486	
0.094	0.869311792773	
0.095	0.868056508995	
0.096	0.866801563708	
0.097	0.865546927941	
0.098	0.864292573185	
0.099	0.863038471377	
0.1	0.86178459489	
0.101	0.860530916517	
0.102	0.85927740946	
0.103	0.858024047319	
0.104	0.856770804081	
0.105	0.855517654107	
0.106	0.854264572123	
0.107	0.853011533211	
0.108	0.851758512799	
0.109	0.85050548665	
0.11	0.849252430855	
0.111	0.847999321823	
0.112	0.846746136275	
0.113	0.845492851235	
0.114	0.844239444019	
0.115	0.842985892235	
0.116	0.841732173768	
0.117	0.840478266779	
0.118	0.839224149695	
0.119	0.837969801205	
0.12	0.83671520025	
0.121	0.835460326022	
0.122	0.834205157956	
0.123	0.832949675723	
0.124	0.831693859226	
0.125	0.830437688596	
0.126	0.829181144185	
0.127	0.827924206561	
0.128	0.826666856507	
0.129	0.82540907501	
0.13	0.824150843262	
0.131	0.822892142655	
0.132	0.821632954774	
0.133	0.820373261396	
0.134	0.819113044484	
0.135	0.817852286186	
0.136	0.816590968826	
0.137	0.815329074907	
0.138	0.814066587105	
0.139	0.812803488262	
0.14	0.81153976139	
0.141	0.81027538966	
0.142	0.809010356405	
0.143	0.807744645116	
0.144	0.806478239434	
0.145	0.805211123155	
0.146	0.803943280222	
0.147	0.802674694724	
0.148	0.801405350893	
0.149	0.800135233102	
0.15	0.798864325862	
0.151	0.797592613821	
0.152	0.79632008176	
0.153	0.795046714592	
0.154	0.793772497358	
0.155	0.792497415227	
0.156	0.791221453494	
0.157	0.789944597576	
0.158	0.788666833012	
0.159	0.78738814546	
0.16	0.786108520695	
0.161	0.784827944609	
0.162	0.783546403206	
0.163	0.782263882604	
0.164	0.780980369031	
0.165	0.779695848822	
0.166	0.778410308423	
0.167	0.777123734382	
0.168	0.775836113355	
0.169	0.774547432097	
0.17	0.773257677468	
0.171	0.771966836426	
0.172	0.770674896026	
0.173	0.769381843425	
0.174	0.768087665871	
0.175	0.76679235071	
0.176	0.76549588538	
0.177	0.764198257411	
0.178	0.762899454426	
0.179	0.761599464136	
0.18	0.760298274342	
0.181	0.758995872932	
0.182	0.757692247881	
0.183	0.756387387249	
0.184	0.755081279181	
0.185	0.753773911907	
0.186	0.752465273736	
0.187	0.751155353062	
0.188	0.749844138359	
0.189	0.74853161818	
0.19	0.747217781156	
0.191	0.745902615999	
0.192	0.744586111494	
0.193	0.743268256507	
0.194	0.741949039976	
0.195	0.740628450914	
0.196	0.73930647841	
0.197	0.737983111624	
0.198	0.736658339789	
0.199	0.735332152211	
0.2	0.734004538264	
0.201	0.732675487395	
0.202	0.731344989119	
0.203	0.730013033021	
0.204	0.728679608753	
0.205	0.727344706035	
0.206	0.726008314653	
0.207	0.724670424462	
0.208	0.72333102538	
0.209	0.72199010739	
0.21	0.720647660542	
0.211	0.719303674948	
0.212	0.717958140782	
0.213	0.716611048285	
0.214	0.715262387755	
0.215	0.713912149557	
0.216	0.712560324113	
0.217	0.711206901908	
0.218	0.709851873487	
0.219	0.708495229454	
0.22	0.707136960471	
0.221	0.705777057263	
0.222	0.704415510609	
0.223	0.703052311347	
0.224	0.701687450374	
0.225	0.700320918643	
0.226	0.698952707162	
0.227	0.697582806997	
0.228	0.696211209271	
0.229	0.694837905158	
0.23	0.693462885891	
0.231	0.692086142756	
0.232	0.690707667092	
0.233	0.689327450295	
0.234	0.68794548381	
0.235	0.68656175914	
0.236	0.685176267836	
0.237	0.683789001504	
0.238	0.682399951803	
0.239	0.68100911044	
0.24	0.679616469177	
0.241	0.678222019824	
0.242	0.676825754246	
0.243	0.675427664353	
0.244	0.674027742109	
0.245	0.672625979527	
0.246	0.671222368668	
0.247	0.669816901643	
0.248	0.668409570614	
0.249	0.667000367789	
0.25	0.665589285424	
0.251	0.664176315827	
0.252	0.662761451349	
0.253	0.661344684391	
0.254	0.659926007402	
0.255	0.658505412876	
0.256	0.657082893357	
0.257	0.655658441431	
0.258	0.654232049735	
0.259	0.652803710949	
0.26	0.651373417801	
0.261	0.649941163062	
0.262	0.648506939551	
0.263	0.647070740131	
0.264	0.645632557711	
0.265	0.644192385242	
0.266	0.642750215724	
0.267	0.641306042198	
0.268	0.63985985775	
0.269	0.63841165551	
0.27	0.636961428652	
0.271	0.635509170394	
0.272	0.634054873996	
0.273	0.632598532763	
0.274	0.631140140042	
0.275	0.629679689222	
0.276	0.628217173738	
0.277	0.626752587063	
0.278	0.625285922715	
0.279	0.623817174254	
0.28	0.622346335282	
0.281	0.620873399442	
0.282	0.61939836042	
0.283	0.617921211942	
0.284	0.616441947777	
0.285	0.614960561733	
0.286	0.613477047662	
0.287	0.611991399455	
0.288	0.610503611043	
0.289	0.6090136764	
0.29	0.607521589538	
0.291	0.606027344512	
0.292	0.604530935416	
0.293	0.603032356382	
0.294	0.601531601586	
0.295	0.600028665241	
0.296	0.5985235416	
0.297	0.597016224956	
0.298	0.595506709642	
0.299	0.59399499003	
0.3	0.59248106053	
0.301	0.590964915592	
0.302	0.589446549706	
0.303	0.5879259574	
0.304	0.586403133239	
0.305	0.584878071831	
0.306	0.583350767817	
0.307	0.581821215881	
0.308	0.580289410742	
0.309	0.578755347161	
0.31	0.577219019932	
0.311	0.575680423893	
0.312	0.574139553914	
0.313	0.572596404907	
0.314	0.57105097182	
0.315	0.569503249639	
0.316	0.567953233387	
0.317	0.566400918126	
0.318	0.564846298952	
0.319	0.563289371002	
0.32	0.561730129448	
0.321	0.560168569501	
0.322	0.558604686405	
0.323	0.557038475445	
0.324	0.555469931942	
0.325	0.553899051252	
0.326	0.552325828769	
0.327	0.550750259923	
0.328	0.549172340181	
0.329	0.547592065047	
0.33	0.546009430059	
0.331	0.544424430794	
0.332	0.542837062864	
0.333	0.541247321916	
0.334	0.539655203635	
0.335	0.538060703741	
0.336	0.53646381799	
0.337	0.534864542173	
0.338	0.533262872119	
0.339	0.531658803691	
0.34	0.530052332787	
0.341	0.528443455342	
0.342	0.526832167327	
0.343	0.525218464746	
0.344	0.523602343641	
0.345	0.521983800087	
0.346	0.520362830196	
0.347	0.518739430115	
0.348	0.517113596025	
0.349	0.515485324143	
0.35	0.51385461072	
0.351	0.512221452045	
0.352	0.510585844437	
0.353	0.508947784255	
0.354	0.507307267888	
0.355	0.505664291764	
0.356	0.504018852342	
0.357	0.502370946119	
0.358	0.500720569624	
0.359	0.499067719421	
0.36	0.49741239211	
0.361	0.495754584324	
0.362	0.494094292731	
0.363	0.492431514033	
0.364	0.490766244966	
0.365	0.489098482301	
0.366	0.487428222843	
0.367	0.48575546343	
0.368	0.484080200937	
0.369	0.482402432269	
0.37	0.480722154368	
0.371	0.479039364209	
0.372	0.477354058801	
0.373	0.475666235188	
0.374	0.473975890445	
0.375	0.472283021684	
0.376	0.470587626048	
0.377	0.468889700716	
0.378	0.467189242899	
0.379	0.465486249843	
0.38	0.463780718826	
0.381	0.462072647162	
0.382	0.460362032196	
0.383	0.458648871307	
0.384	0.456933161908	
0.385	0.455214901447	
0.386	0.453494087402	
0.387	0.451770717287	
0.388	0.450044788648	
0.389	0.448316299064	
0.39	0.446585246149	
0.391	0.444851627548	
0.392	0.443115440941	
0.393	0.44137668404	
0.394	0.439635354591	
0.395	0.437891450372	
0.396	0.436144969194	
0.397	0.434395908903	
0.398	0.432644267375	
0.399	0.430890042521	
0.4	0.429133232285	
0.401	0.427373834642	
0.402	0.425611847602	
0.403	0.423847269207	
0.404	0.422080097531	
0.405	0.420310330682	
0.406	0.4185379668	
0.407	0.416763004057	
0.408	0.41498544066	
0.409	0.413205274847	
0.41	0.411422504888	
0.411	0.409637129086	
0.412	0.407849145779	
0.413	0.406058553333	
0.414	0.404265350151	
0.415	0.402469534665	
0.416	0.400671105341	
0.417	0.398870060679	
0.418	0.397066399208	
0.419	0.395260119492	
0.42	0.393451220126	
0.421	0.391639699738	
0.422	0.389825556989	
0.423	0.38800879057	
0.424	0.386189399206	
0.425	0.384367381654	
0.426	0.382542736703	
0.427	0.380715463175	
0.428	0.378885559923	
0.429	0.377053025832	
0.43	0.37521785982	
0.431	0.373380060837	
0.432	0.371539627864	
0.433	0.369696559916	
0.434	0.367850856039	
0.435	0.36600251531	
0.436	0.364151536839	
0.437	0.362297919768	
0.438	0.360441663271	
0.439	0.358582766553	
0.44	0.356721228853	
0.441	0.354857049439	
0.442	0.352990227612	
0.443	0.351120762707	
0.444	0.349248654087	
0.445	0.347373901151	
0.446	0.345496503325	
0.447	0.34361646007	
0.448	0.341733770879	
0.449	0.339848435275	
0.45	0.337960452813	
0.451	0.336069823081	
0.452	0.334176545697	
0.453	0.332280620311	
0.454	0.330382046605	
0.455	0.328480824293	
0.456	0.32657695312	
0.457	0.324670432863	
0.458	0.322761263329	
0.459	0.320849444359	
0.46	0.318934975824	
0.461	0.317017857626	
0.462	0.315098089699	
0.463	0.31317567201	
0.464	0.311250604554	
0.465	0.309322887361	
0.466	0.30739252049	
0.467	0.305459504032	
0.468	0.30352383811	
0.469	0.301585522879	
0.47	0.299644558521	
0.471	0.297700945256	
0.472	0.295754683329	
0.473	0.293805773021	
0.474	0.29185421464	
0.475	0.28990000853	
0.476	0.287943155062	
0.477	0.28598365464	
0.478	0.2840215077	
0.479	0.282056714708	
0.48	0.28008927616	
0.481	0.278119192587	
0.482	0.276146464546	
0.483	0.274171092628	
0.484	0.272193077457	
0.485	0.270212419684	
0.486	0.268229119992	
0.487	0.266243179098	
0.488	0.264254597747	
0.489	0.262263376716	
0.49	0.260269516812	
0.491	0.258273018874	
0.492	0.256273883773	
0.493	0.254272112409	
0.494	0.252267705713	
0.495	0.250260664648	
0.496	0.248250990207	
0.497	0.246238683414	
0.498	0.244223745325	
0.499	0.242206177025	
0.5	0.240185979632	
0.501	0.238163154291	
0.502	0.236137702182	
0.503	0.234109624514	
0.504	0.232078922526	
0.505	0.230045597489	
0.506	0.228009650704	
0.507	0.225971083502	
0.508	0.223929897247	
0.509	0.221886093332	
0.51	0.21983967318	
0.511	0.217790638246	
0.512	0.215738990015	
0.513	0.213684730003	
0.514	0.211627859755	
0.515	0.209568380849	
0.516	0.207506294893	
0.517	0.205441603523	
0.518	0.203374308409	
0.519	0.201304411249	
0.52	0.199231913773	
0.521	0.197156817741	
0.522	0.195079124942	
0.523	0.192998837199	
0.524	0.190915956361	
0.525	0.18883048431	
0.526	0.186742422959	
0.527	0.184651774249	
0.528	0.182558540154	
0.529	0.180462722676	
0.53	0.178364323848	
0.531	0.176263345735	
0.532	0.17415979043	
0.533	0.172053660057	
0.534	0.169944956771	
0.535	0.167833682756	
0.536	0.165719840228	
0.537	0.16360343143	
0.538	0.161484458639	
0.539	0.159362924161	
0.54	0.157238830329	
0.541	0.155112179511	
0.542	0.152982974103	
0.543	0.150851216529	
0.544	0.148716909246	
0.545	0.14658005474	
0.546	0.144440655527	
0.547	0.142298714154	
0.548	0.140154233197	
0.549	0.138007215261	
0.55	0.135857662983	
0.551	0.133705579029	
0.552	0.131550966095	
0.553	0.129393826908	
0.554	0.127234164222	
0.555	0.125071980824	
0.556	0.12290727953	
0.557	0.120740063184	
0.558	0.118570334663	
0.559	0.116398096872	
0.56	0.114223352746	
0.561	0.112046105249	
0.562	0.109866357376	
0.563	0.107684112151	
0.564	0.105499372629	
0.565	0.103312141894	
0.566	0.101122423058	
0.567	0.0989302192651	
0.568	0.0967355336881	
0.569	0.0945383695294	
0.57	0.0923387300212	
0.571	0.0901366184252	
0.572	0.0879320380327	
0.573	0.0857249921646	
0.574	0.0835154841714	
0.575	0.0813035174331	
0.576	0.0790890953592	
0.577	0.0768722213887	
0.578	0.0746528989902	
0.579	0.0724311316615	
0.58	0.0702069229301	
0.581	0.0679802763528	
0.582	0.0657511955158	
0.583	0.0635196840348	
0.584	0.0612857455548	
0.585	0.0590493837501	
0.586	0.0568106023244	
0.587	0.0545694050107	
0.588	0.0523257955712	
0.589	0.0500797777976	
0.59	0.0478313555105	
0.591	0.0455805325601	
0.592	0.0433273128256	
0.593	0.0410717002155	
0.594	0.0388136986674	
0.595	0.036553312148	
0.596	0.0342905446532	
0.597	0.0320254002082	
0.598	0.029757882867	
0.599	0.0274879967128	
0.6	0.0252157458578	
0.601	0.0229411344435	
0.602	0.02066416664	
0.603	0.0183848466467	
0.604	0.0161031786918	
0.605	0.0138191670326	
0.606	0.0115328159552	
0.607	0.00924412977472	
0.608	0.00695311283508	
0.609	0.00465976950913	
0.61	0.00236410419854	
0.611	6.61213338282e-05	
0.612	-0.00223417462569	
0.613	-0.00453677919192	
0.614	-0.00684168784798	
0.615	-0.00914889604828	
0.616	-0.0114583992185	
0.617	-0.0137701927555	
0.618	-0.0160842720277	
0.619	-0.0184006323747	
0.62	-0.0207192691075	
0.621	-0.0230401775084	
0.622	-0.0253633528313	
0.623	-0.0276887903014	
0.624	-0.0300164851153	
0.625	-0.0323464324413	
0.626	-0.0346786274188	
0.627	-0.0370130651592	
0.628	-0.0393497407451	
0.629	-0.0416886492308	
0.63	-0.0440297856422	
0.631	-0.0463731449766	
0.632	-0.0487187222033	
0.633	-0.051066512263	
0.634	-0.0534165100681	
0.635	-0.0557687105028	
0.636	-0.0581231084228	
0.637	-0.0604796986559	
0.638	-0.0628384760014	
0.639	-0.0651994352305	
0.64	-0.0675625710862	
0.641	-0.0699278782834	
0.642	-0.0722953515086	
0.643	-0.0746649854206	
0.644	-0.0770367746498	
0.645	-0.0794107137987	
0.646	-0.0817867974417	
0.647	-0.0841650201252	
0.648	-0.0865453763675	
0.649	-0.0889278606592	
0.65	-0.0913124674627	
0.651	-0.0936991912126	
0.652	-0.0960880263157	
0.653	-0.0984789671506	
0.654	-0.100872008069	
0.655	-0.103267143392	
0.656	-0.105664367418	
0.657	-0.108063674412	
0.658	-0.110465058616	
0.659	-0.11286851424	
0.66	-0.11527403547	
0.661	-0.117681616463	
0.662	-0.120091251346	
0.663	-0.122502934223	
0.664	-0.124916659167	
0.665	-0.127332420224	
0.666	-0.129750211414	
0.667	-0.132170026727	
0.668	-0.134591860128	
0.669	-0.137015705552	
0.67	-0.13944155691	
0.671	-0.141869408081	
0.672	-0.144299252922	
0.673	-0.146731085258	
0.674	-0.149164898888	
0.675	-0.151600687587	
0.676	-0.154038445097	
0.677	-0.156478165137	
0.678	-0.158919841398	
0.679	-0.161363467542	
0.68	-0.163809037207	
0.681	-0.166256544	
0.682	-0.168705981504	
0.683	-0.171157343274	
0.684	-0.173610622837	
0.685	-0.176065813695	
0.686	-0.17852290932	
0.687	-0.180981903161	
0.688	-0.183442788636	
0.689	-0.185905559139	
0.69	-0.188370208035	
0.691	-0.190836728665	
0.692	-0.19330511434	
0.693	-0.195775358346	
0.694	-0.198247453942	
0.695	-0.20072139436	
0.696	-0.203197172806	
0.697	-0.205674782458	
0.698	-0.208154216468	
0.699	-0.210635467962	
0.7	-0.213118530039	
0.701	-0.21560339577	
0.702	-0.218090058203	
0.703	-0.220578510355	
0.704	-0.223068745221	
0.705	-0.225560755766	
0.706	-0.22805453493	
0.707	-0.230550075627	
0.708	-0.233047370745	
0.709	-0.235546413143	
0.71	-0.238047195658	
0.711	-0.240549711096	
0.712	-0.243053952241	
0.713	-0.245559911848	
0.714	-0.248067582648	
0.715	-0.250576957343	
0.716	-0.253088028612	
0.717	-0.255600789106	
0.718	-0.25811523145	
0.719	-0.260631348244	
0.72	-0.263149132061	
0.721	-0.26566857545	
0.722	-0.268189670931	
0.723	-0.270712411	
0.724	-0.273236788128	
0.725	-0.275762794758	
0.726	-0.278290423309	
0.727	-0.280819666173	
0.728	-0.283350515717	
0.729	-0.285882964283	
0.73	-0.288417004185	
0.731	-0.290952627715	
0.732	-0.293489827135	
0.733	-0.296028594685	
0.734	-0.298568922578	
0.735	-0.301110803002	
0.736	-0.30365422812	
0.737	-0.306199190067	
0.738	-0.308745680956	
0.739	-0.311293692872	
0.74	-0.313843217878	
0.741	-0.316394248007	
0.742	-0.318946775271	
0.743	-0.321500791654	
0.744	-0.324056289117	
0.745	-0.326613259594	
0.746	-0.329171694994	
0.747	-0.331731587204	
0.748	-0.334292928081	
0.749	-0.336855709461	
0.75	-0.339419923153	
0.751	-0.341985560941	
0.752	-0.344552614586	
0.753	-0.347121075823	
0.754	-0.349690936361	
0.755	-0.352262187885	
0.756	-0.354834822056	
0.757	-0.35740883051	
0.758	-0.359984204858	
0.759	-0.362560936686	
0.76	-0.365139017557	
0.761	-0.367718439006	
0.762	-0.370299192548	
0.763	-0.37288126967	
0.764	-0.375464661835	
0.765	-0.378049360484	
0.766	-0.38063535703	
0.767	-0.383222642865	
0.768	-0.385811209355	
0.769	-0.388401047841	
0.77	-0.390992149642	
0.771	-0.39358450605	
0.772	-0.396178108335	
0.773	-0.398772947742	
0.774	-0.401369015492	
0.775	-0.403966302783	
0.776	-0.406564800786	
0.777	-0.409164500652	
0.778	-0.411765393504	
0.779	-0.414367470445	
0.78	-0.416970722551	
0.781	-0.419575140876	
0.782	-0.422180716449	
0.783	-0.424787440277	
0.784	-0.427395303341	
0.785	-0.4300042966	
0.786	-0.432614410989	
0.787	-0.435225637419	
0.788	-0.437837966778	
0.789	-0.44045138993	
0.79	-0.443065897715	
0.791	-0.445681480951	
0.792	-0.448298130432	
0.793	-0.450915836928	
0.794	-0.453534591187	
0.795	-0.456154383932	
0.796	-0.458775205863	
0.797	-0.461397047659	
0.798	-0.464019899974	
0.799	-0.466643753439	
0.8	-0.469268598661	
0.801	-0.471894426227	
0.802	-0.474521226697	
0.803	-0.477148990612	
0.804	-0.479777708487	
0.805	-0.482407370815	
0.806	-0.485037968068	
0.807	-0.487669490692	
0.808	-0.490301929113	
0.809	-0.492935273733	
0.81	-0.495569514931	
0.811	-0.498204643065	
0.812	-0.500840648469	
0.813	-0.503477521454	
0.814	-0.50611525231	
0.815	-0.508753831304	
0.816	-0.51139324868	
0.817	-0.514033494661	
0.818	-0.516674559445	
0.819	-0.519316433211	
0.82	-0.521959106113	
0.821	-0.524602568285	
0.822	-0.527246809838	
0.823	-0.52989182086	
0.824	-0.532537591417	
0.825	-0.535184111556	
0.826	-0.537831371297	
0.827	-0.540479360643	
0.828	-0.543128069571	
0.829	-0.545777488038	
0.83	-0.548427605981	
0.831	-0.551078413312	
0.832	-0.553729899922	
0.833	-0.556382055682	
0.834	-0.559034870441	
0.835	-0.561688334025	
0.836	-0.564342436238	
0.837	-0.566997166866	
0.838	-0.569652515669	
0.839	-0.57230847239	
0.84	-0.574965026747	
0.841	-0.577622168439	
0.842	-0.580279887142	
0.843	-0.582938172513	
0.844	-0.585597014185	
0.845	-0.588256401772	
0.846	-0.590916324866	
0.847	-0.593576773039	
0.848	-0.596237735841	
0.849	-0.5988992028	
0.85	-0.601561163426	
0.851	-0.604223607205	
0.852	-0.606886523605	
0.853	-0.609549902071	
0.854	-0.612213732029	
0.855	-0.614878002882	
0.856	-0.617542704015	
0.857	-0.620207824791	
0.858	-0.622873354553	
0.859	-0.625539282623	
0.86	-0.628205598303	
0.861	-0.630872290874	
0.862	-0.633539349598	
0.863	-0.636206763714	
0.864	-0.638874522444	
0.865	-0.641542614988	
0.866	-0.644211030526	
0.867	-0.646879758218	
0.868	-0.649548787204	
0.869	-0.652218106604	
0.87	-0.654887705518	
0.871	-0.657557573026	
0.872	-0.660227698188	
0.873	-0.662898070045	
0.874	-0.665568677618	
0.875	-0.668239509906	
0.876	-0.670910555892	
0.877	-0.673581804537	
0.878	-0.676253244783	
0.879	-0.678924865553	
0.88	-0.681596655749	
0.881	-0.684268604255	
0.882	-0.686940699936	
0.883	-0.689612931636	
0.884	-0.692285288181	
0.885	-0.694957758377	
0.886	-0.697630331012	
0.887	-0.700302994853	
0.888	-0.70297573865	
0.889	-0.705648551133	
0.89	-0.708321421011	
0.891	-0.710994336979	
0.892	-0.713667287708	
0.893	-0.716340261854	
0.894	-0.719013248051	
0.895	-0.721686234916	
0.896	-0.724359211049	
0.897	-0.727032165027	
0.898	-0.729705085413	
0.899	-0.732377960749	
0.9	-0.735050779558	
0.901	-0.737723530347	
0.902	-0.740396201602	
0.903	-0.743068781793	
0.904	-0.74574125937	
0.905	-0.748413622765	
0.906	-0.751085860393	
0.907	-0.75375796065	
0.908	-0.756429911913	
0.909	-0.759101702544	
0.91	-0.761773320885	
0.911	-0.764444755258	
0.912	-0.767115993972	
0.913	-0.769787025314	
0.914	-0.772457837556	
0.915	-0.77512841895	
0.916	-0.777798757732	
0.917	-0.780468842121	
0.918	-0.783138660316	
0.919	-0.7858082005	
0.92	-0.78847745084	
0.921	-0.791146399483	
0.922	-0.79381503456	
0.923	-0.796483344185	
0.924	-0.799151316454	
0.925	-0.801818939446	
0.926	-0.804486201224	
0.927	-0.807153089833	
0.928	-0.8098195933	
0.929	-0.812485699637	
0.93	-0.815151396839	
0.931	-0.817816672882	
0.932	-0.820481515728	
0.933	-0.82314591332	
0.934	-0.825809853586	
0.935	-0.828473324436	
0.936	-0.831136313765	
0.937	-0.833798809451	
0.938	-0.836460799353	
0.939	-0.839122271319	
0.94	-0.841783213174	
0.941	-0.844443612733	
0.942	-0.847103457792	
0.943	-0.849762736128	
0.944	-0.852421435508	
0.945	-0.855079543678	
0.946	-0.85773704837	
0.947	-0.860393937299	
0.948	-0.863050198166	
0.949	-0.865705818655	
0.95	-0.868360786433	
0.951	-0.871015089154	
0.952	-0.873668714453	
0.953	-0.876321649954	
0.954	-0.87897388326	
0.955	-0.881625401963	
0.956	-0.884276193637	
0.957	-0.886926245841	
0.958	-0.889575546121	
0.959	-0.892224082003	
0.96	-0.894871841003	
0.961	-0.897518810619	
0.962	-0.900164978333	
0.963	-0.902810331615	
0.964	-0.905454857918	
0.965	-0.90809854468	
0.966	-0.910741379324	
0.967	-0.913383349261	
0.968	-0.916024441883	
0.969	-0.91866464457	
0.97	-0.921303944686	
0.971	-0.923942329583	
0.972	-0.926579786596	
0.973	-0.929216303045	
0.974	-0.931851866238	
0.975	-0.934486463467	
0.976	-0.937120082011	
0.977	-0.939752709133	
0.978	-0.942384332083	
0.979	-0.945014938097	
0.98	-0.947644514397	
0.981	-0.95027304819	
0.982	-0.952900526671	
0.983	-0.955526937018	
0.984	-0.958152266399	
0.985	-0.960776501965	
0.986	-0.963399630856	
0.987	-0.966021640196	
0.988	-0.968642517097	
0.989	-0.971262248657	
0.99	-0.973880821961	
0.991	-0.976498224079	
0.992	-0.979114442069	
0.993	-0.981729462977	
0.994	-0.984343273834	
0.995	-0.986955861657	
0.996	-0.989567213452	
0.997	-0.992177316211	
0.998	-0.994786156913	
0.999	-0.997393722525	
1.0	-1.0	
