0.0	1.0	
0.001	0.999996539917	
0.002	0.999987780517	
0.003	0.999974438135	
0.004	0.999956846197	
0.005	0.999935222407	
0.006	0.999909726812	
0.007	0.999880485026	
0.008	0.999847599876	
0.009	0.999811158045	
0.01	0.999771234225	
0.011	0.99972789386	
0.012	0.99968119507	
0.013	0.999631190036	
0.014	0.999577926031	
0.015	0.999521446212	
0.016	0.99946179024	
0.017	0.999398994766	
0.018	0.999333093831	
0.019	0.999264119188	
0.02	0.999192100574	
0.021	0.99911706593	
0.022	0.999039041595	
0.023	0.998958052469	
0.024	0.998874122148	
0.025	0.998787273047	
0.026	0.998697526507	
0.027	0.998604902882	
0.028	0.998509421623	
0.029	0.99841110135	
0.03	0.998309959912	
0.031	0.998206014447	
0.032	0.998099281432	
0.033	0.997989776729	
0.034	0.997877515623	
0.035	0.997762512865	
0.036	0.9976447827	
0.037	0.997524338903	
0.038	0.997401194803	
0.039	0.997275363311	
0.04	0.997146856945	
0.041	0.997015687846	
0.042	0.996881867805	
0.043	0.996745408277	
0.044	0.996606320402	
0.045	0.996464615016	
0.046	0.996320302668	
0.047	0.996173393635	
0.048	0.996023897935	
0.049	0.995871825336	
0.05	0.995717185367	
0.051	0.995559987335	
0.052	0.995400240325	
0.053	0.995237953218	
0.054	0.995073134693	
0.055	0.99490579324	
0.056	0.994735937164	
0.057	0.994563574595	
0.058	0.994388713492	
0.059	0.994211361652	
0.06	0.994031526715	
0.061	0.99384921617	
0.062	0.993664437358	
0.063	0.993477197482	
0.064	0.993287503608	
0.065	0.993095362672	
0.066	0.992900781481	
0.067	0.992703766722	
0.068	0.992504324962	
0.069	0.992302462654	
0.07	0.99209818614	
0.071	0.991891501654	
0.072	0.991682415326	
0.073	0.991470933186	
0.074	0.991257061164	
0.075	0.991040805097	
0.076	0.990822170729	
0.077	0.990601163712	
0.078	0.990377789616	
0.079	0.99015205392	
0.08	0.989923962027	
0.081	0.989693519256	
0.082	0.989460730848	
0.083	0.98922560197	
0.084	0.988988137715	
0.085	0.988748343104	
0.086	0.988506223086	
0.087	0.988261782545	
0.088	0.988015026295	
0.089	0.987765959089	
0.09	0.987514585614	
0.091	0.987260910495	
0.092	0.987004938299	
0.093	0.986746673532	
0.094	0.986486120644	
0.095	0.986223284029	
0.096	0.985958168024	
0.097	0.985690776915	
0.098	0.985421114935	
0.099	0.985149186266	
0.1	0.984874995038	
0.101	0.984598545335	
0.102	0.98431984119	
0.103	0.984038886593	
0.104	0.983755685484	
0.105	0.983470241761	
0.106	0.983182559278	
0.107	0.982892641843	
0.108	0.982600493226	
0.109	0.982306117152	
0.11	0.982009517308	
0.111	0.981710697341	
0.112	0.981409660856	
0.113	0.981106411425	
0.114	0.98080095258	
0.115	0.980493287814	
0.116	0.980183420588	
0.117	0.979871354326	
0.118	0.979557092417	
0.119	0.979240638216	
0.12	0.978921995046	
0.121	0.978601166195	
0.122	0.978278154921	
0.123	0.977952964449	
0.124	0.977625597973	
0.125	0.977296058658	
0.126	0.976964349637	
0.127	0.976630474014	
0.128	0.976294434866	
0.129	0.97595623524	
0.13	0.975615878154	
0.131	0.9752733666	
0.132	0.974928703544	
0.133	0.974581891922	
0.134	0.974232934647	
0.135	0.973881834606	
0.136	0.973528594659	
0.137	0.973173217642	
0.138	0.972815706366	
0.139	0.97245606362	
0.14	0.972094292167	
0.141	0.971730394746	
0.142	0.971364374077	
0.143	0.970996232852	
0.144	0.970625973746	
0.145	0.970253599407	
0.146	0.969879112465	
0.147	0.969502515528	
0.148	0.969123811182	
0.149	0.968743001993	
0.15	0.968360090506	
0.151	0.967975079247	
0.152	0.967587970722	
0.153	0.967198767416	
0.154	0.966807471797	
0.155	0.966414086312	
0.156	0.966018613391	
0.157	0.965621055445	
0.158	0.965221414866	
0.159	0.964819694029	
0.16	0.964415895292	
0.161	0.964010020994	
0.162	0.963602073457	
0.163	0.963192054987	
0.164	0.962779967874	
0.165	0.962365814388	
0.166	0.961949596787	
0.167	0.96153131731	
0.168	0.961110978182	
0.169	0.96068858161	
0.17	0.960264129789	
0.171	0.959837624895	
0.172	0.959409069091	
0.173	0.958978464525	
0.174	0.95854581333	
0.175	0.958111117626	
0.176	0.957674379515	
0.177	0.957235601089	
0.178	0.956794784423	
0.179	0.956351931581	
0.18	0.95590704461	
0.181	0.955460125546	
0.182	0.955011176411	
0.183	0.954560199215	
0.184	0.954107195952	
0.185	0.953652168607	
0.186	0.953195119149	
0.187	0.952736049537	
0.188	0.952274961716	
0.189	0.951811857618	
0.19	0.951346739167	
0.191	0.95087960827	
0.192	0.950410466825	
0.193	0.949939316718	
0.194	0.949466159824	
0.195	0.948990998004	
0.196	0.94851383311	
0.197	0.948034666983	
0.198	0.947553501452	
0.199	0.947070338335	
0.2	0.94658517944	
0.201	0.946098026564	
0.202	0.945608881493	
0.203	0.945117746002	
0.204	0.944624621858	
0.205	0.944129510815	
0.206	0.943632414619	
0.207	0.943133335004	
0.208	0.942632273697	
0.209	0.942129232412	
0.21	0.941624212856	
0.211	0.941117216724	
0.212	0.940608245702	
0.213	0.940097301469	
0.214	0.939584385692	
0.215	0.939069500029	
0.216	0.938552646131	
0.217	0.938033825638	
0.218	0.937513040181	
0.219	0.936990291384	
0.22	0.936465580859	
0.221	0.935938910213	
0.222	0.935410281043	
0.223	0.934879694936	
0.224	0.934347153472	
0.225	0.933812658224	
0.226	0.933276210753	
0.227	0.932737812616	
0.228	0.932197465359	
0.229	0.931655170521	
0.23	0.931110929633	
0.231	0.930564744218	
0.232	0.930016615792	
0.233	0.929466545863	
0.234	0.928914535929	
0.235	0.928360587485	
0.236	0.927804702014	
0.237	0.927246880993	
0.238	0.926687125894	
0.239	0.926125438179	
0.24	0.925561819304	
0.241	0.924996270716	
0.242	0.924428793858	
0.243	0.923859390163	
0.244	0.923288061059	
0.245	0.922714807966	
0.246	0.922139632297	
0.247	0.92156253546	
0.248	0.920983518855	
0.249	0.920402583874	
0.25	0.919819731905	
0.251	0.919234964327	
0.252	0.918648282514	
0.253	0.918059687835	
0.254	0.917469181648	
0.255	0.916876765309	
0.256	0.916282440167	
0.257	0.915686207562	
0.258	0.915088068832	
0.259	0.914488025305	
0.26	0.913886078306	
0.261	0.913282229152	
0.262	0.912676479154	
0.263	0.912068829619	
0.264	0.911459281846	
0.265	0.910847837129	
0.266	0.910234496758	
0.267	0.909619262013	
0.268	0.909002134173	
0.269	0.908383114508	
0.27	0.907762204285	
0.271	0.907139404763	
0.272	0.906514717197	
0.273	0.905888142836	
0.274	0.905259682924	
0.275	0.9046293387	
0.276	0.903997111397	
0.277	0.903363002241	
0.278	0.902727012457	
0.279	0.902089143262	
0.28	0.901449395867	
0.281	0.90080777148	
0.282	0.900164271303	
0.283	0.899518896534	
0.284	0.898871648363	
0.285	0.898222527978	
0.286	0.897571536562	
0.287	0.896918675291	
0.288	0.896263945338	
0.289	0.895607347871	
0.29	0.894948884052	
0.291	0.894288555039	
0.292	0.893626361987	
0.293	0.892962306043	
0.294	0.892296388353	
0.295	0.891628610054	
0.296	0.890958972283	
0.297	0.890287476169	
0.298	0.889614122839	
0.299	0.888938913414	
0.3	0.888261849011	
0.301	0.887582930743	
0.302	0.886902159718	
0.303	0.886219537039	
0.304	0.885535063808	
0.305	0.884848741118	
0.306	0.884160570061	
0.307	0.883470551724	
0.308	0.882778687189	
0.309	0.882084977536	
0.31	0.881389423838	
0.311	0.880692027166	
0.312	0.879992788587	
0.313	0.879291709162	
0.314	0.878588789949	
0.315	0.877884032004	
0.316	0.877177436375	
0.317	0.876469004111	
0.318	0.875758736252	
0.319	0.875046633838	
0.32	0.874332697904	
0.321	0.873616929479	
0.322	0.872899329593	
0.323	0.872179899267	
0.324	0.871458639522	
0.325	0.870735551373	
0.326	0.870010635833	
0.327	0.86928389391	
0.328	0.868555326609	
0.329	0.867824934931	
0.33	0.867092719875	
0.331	0.866358682434	
0.332	0.865622823599	
0.333	0.864885144356	
0.334	0.86414564569	
0.335	0.863404328581	
0.336	0.862661194004	
0.337	0.861916242934	
0.338	0.86116947634	
0.339	0.860420895188	
0.34	0.859670500442	
0.341	0.858918293061	
0.342	0.858164274002	
0.343	0.857408444217	
0.344	0.856650804656	
0.345	0.855891356266	
0.346	0.85513009999	
0.347	0.854367036769	
0.348	0.853602167538	
0.349	0.852835493232	
0.35	0.852067014781	
0.351	0.851296733113	
0.352	0.850524649151	
0.353	0.849750763817	
0.354	0.84897507803	
0.355	0.848197592703	
0.356	0.847418308749	
0.357	0.846637227077	
0.358	0.845854348592	
0.359	0.845069674199	
0.36	0.844283204796	
0.361	0.843494941281	
0.362	0.842704884547	
0.363	0.841913035486	
0.364	0.841119394987	
0.365	0.840323963934	
0.366	0.83952674321	
0.367	0.838727733695	
0.368	0.837926936265	
0.369	0.837124351795	
0.37	0.836319981156	
0.371	0.835513825216	
0.372	0.834705884841	
0.373	0.833896160894	
0.374	0.833084654234	
0.375	0.832271365721	
0.376	0.831456296207	
0.377	0.830639446546	
0.378	0.829820817587	
0.379	0.829000410176	
0.38	0.828178225158	
0.381	0.827354263375	
0.382	0.826528525664	
0.383	0.825701012863	
0.384	0.824871725805	
0.385	0.824040665322	
0.386	0.823207832241	
0.387	0.822373227389	
0.388	0.82153685159	
0.389	0.820698705665	
0.39	0.819858790432	
0.391	0.819017106707	
0.392	0.818173655304	
0.393	0.817328437034	
0.394	0.816481452706	
0.395	0.815632703126	
0.396	0.814782189099	
0.397	0.813929911424	
0.398	0.813075870902	
0.399	0.81222006833	
0.4	0.811362504501	
0.401	0.810503180208	
0.402	0.809642096241	
0.403	0.808779253386	
0.404	0.807914652429	
0.405	0.807048294154	
0.406	0.806180179339	
0.407	0.805310308764	
0.408	0.804438683204	
0.409	0.803565303433	
0.41	0.802690170223	
0.411	0.801813284343	
0.412	0.80093464656	
0.413	0.800054257639	
0.414	0.799172118342	
0.415	0.798288229431	
0.416	0.797402591662	
0.417	0.796515205793	
0.418	0.795626072578	
0.419	0.794735192769	
0.42	0.793842567114	
0.421	0.792948196363	
0.422	0.79205208126	
0.423	0.791154222549	
0.424	0.790254620972	
0.425	0.789353277268	
0.426	0.788450192173	
0.427	0.787545366425	
0.428	0.786638800754	
0.429	0.785730495894	
0.43	0.784820452573	
0.431	0.783908671518	
0.432	0.782995153454	
0.433	0.782079899105	
0.434	0.781162909192	
0.435	0.780244184435	
0.436	0.779323725549	
0.437	0.778401533252	
0.438	0.777477608256	
0.439	0.776551951273	
0.44	0.775624563012	
0.441	0.774695444182	
0.442	0.773764595488	
0.443	0.772832017633	
0.444	0.771897711321	
0.445	0.770961677251	
0.446	0.770023916121	
0.447	0.769084428629	
0.448	0.768143215468	
0.449	0.767200277331	
0.45	0.76625561491	
0.451	0.765309228894	
0.452	0.76436111997	
0.453	0.763411288823	
0.454	0.762459736138	
0.455	0.761506462596	
0.456	0.760551468878	
0.457	0.759594755661	
0.458	0.758636323624	
0.459	0.757676173441	
0.46	0.756714305784	
0.461	0.755750721326	
0.462	0.754785420737	
0.463	0.753818404684	
0.464	0.752849673834	
0.465	0.751879228851	
0.466	0.750907070399	
0.467	0.749933199139	
0.468	0.74895761573	
0.469	0.747980320831	
0.47	0.747001315098	
0.471	0.746020599185	
0.472	0.745038173746	
0.473	0.744054039431	
0.474	0.743068196891	
0.475	0.742080646775	
0.476	0.741091389727	
0.477	0.740100426394	
0.478	0.739107757418	
0.479	0.738113383442	
0.48	0.737117305106	
0.481	0.736119523048	
0.482	0.735120037905	
0.483	0.734118850313	
0.484	0.733115960905	
0.485	0.732111370315	
0.486	0.731105079172	
0.487	0.730097088107	
0.488	0.729087397746	
0.489	0.728076008717	
0.49	0.727062921644	
0.491	0.726048137149	
0.492	0.725031655856	
0.493	0.724013478384	
0.494	0.722993605352	
0.495	0.721972037377	
0.496	0.720948775075	
0.497	0.71992381906	
0.498	0.718897169946	
0.499	0.717868828343	
0.5	0.716838794862	
0.501	0.715807070111	
0.502	0.714773654697	
0.503	0.713738549227	
0.504	0.712701754304	
0.505	0.71166327053	
0.506	0.710623098509	
0.507	0.709581238839	
0.508	0.708537692119	
0.509	0.707492458947	
0.51	0.706445539918	
0.511	0.705396935627	
0.512	0.704346646666	
0.513	0.703294673629	
0.514	0.702241017104	
0.515	0.701185677682	
0.516	0.700128655949	
0.517	0.699069952492	
0.518	0.698009567897	
0.519	0.696947502746	
0.52	0.695883757622	
0.521	0.694818333106	
0.522	0.693751229777	
0.523	0.692682448215	
0.524	0.691611988996	
0.525	0.690539852696	
0.526	0.689466039889	
0.527	0.688390551149	
0.528	0.687313387048	
0.529	0.686234548155	
0.53	0.685154035041	
0.531	0.684071848274	
0.532	0.68298798842	
0.533	0.681902456045	
0.534	0.680815251713	
0.535	0.679726375987	
0.536	0.67863582943	
0.537	0.677543612601	
0.538	0.67644972606	
0.539	0.675354170366	
0.54	0.674256946074	
0.541	0.673158053742	
0.542	0.672057493922	
0.543	0.670955267169	
0.544	0.669851374034	
0.545	0.668745815069	
0.546	0.667638590823	
0.547	0.666529701845	
0.548	0.665419148681	
0.549	0.664306931878	
0.55	0.663193051981	
0.551	0.662077509534	
0.552	0.660960305079	
0.553	0.659841439158	
0.554	0.658720912311	
0.555	0.657598725077	
0.556	0.656474877994	
0.557	0.655349371599	
0.558	0.654222206427	
0.559	0.653093383014	
0.56	0.651962901893	
0.561	0.650830763595	
0.562	0.649696968653	
0.563	0.648561517596	
0.564	0.647424410954	
0.565	0.646285649254	
0.566	0.645145233022	
0.567	0.644003162786	
0.568	0.642859439068	
0.569	0.641714062393	
0.57	0.640567033283	
0.571	0.63941835226	
0.572	0.638268019843	
0.573	0.637116036552	
0.574	0.635962402904	
0.575	0.634807119418	
0.576	0.633650186608	
0.577	0.632491604991	
0.578	0.631331375079	
0.579	0.630169497385	
0.58	0.629005972421	
0.581	0.627840800699	
0.582	0.626673982727	
0.583	0.625505519014	
0.584	0.624335410068	
0.585	0.623163656395	
0.586	0.621990258502	
0.587	0.620815216892	
0.588	0.619638532069	
0.589	0.618460204536	
0.59	0.617280234794	
0.591	0.616098623343	
0.592	0.614915370684	
0.593	0.613730477314	
0.594	0.612543943732	
0.595	0.611355770433	
0.596	0.610165957914	
0.597	0.608974506668	
0.598	0.60778141719	
0.599	0.606586689972	
0.6	0.605390325506	
0.601	0.604192324282	
0.602	0.602992686791	
0.603	0.60179141352	
0.604	0.600588504958	
0.605	0.599383961591	
0.606	0.598177783906	
0.607	0.596969972387	
0.608	0.595760527518	
0.609	0.594549449783	
0.61	0.593336739664	
0.611	0.592122397641	
0.612	0.590906424195	
0.613	0.589688819806	
0.614	0.588469584951	
0.615	0.587248720109	
0.616	0.586026225755	
0.617	0.584802102366	
0.618	0.583576350417	
0.619	0.58234897038	
0.62	0.58111996273	
0.621	0.579889327937	
0.622	0.578657066474	
0.623	0.577423178811	
0.624	0.576187665416	
0.625	0.574950526759	
0.626	0.573711763307	
0.627	0.572471375526	
0.628	0.571229363883	
0.629	0.569985728842	
0.63	0.568740470868	
0.631	0.567493590424	
0.632	0.566245087971	
0.633	0.564994963973	
0.634	0.563743218888	
0.635	0.562489853178	
0.636	0.5612348673	
0.637	0.559978261713	
0.638	0.558720036875	
0.639	0.557460193241	
0.64	0.556198731267	
0.641	0.554935651407	
0.642	0.553670954116	
0.643	0.552404639847	
0.644	0.551136709052	
0.645	0.549867162181	
0.646	0.548595999687	
0.647	0.547323222017	
0.648	0.546048829622	
0.649	0.544772822949	
0.65	0.543495202445	
0.651	0.542215968557	
0.652	0.540935121731	
0.653	0.539652662411	
0.654	0.538368591042	
0.655	0.537082908066	
0.656	0.535795613926	
0.657	0.534506709064	
0.658	0.53321619392	
0.659	0.531924068935	
0.66	0.530630334547	
0.661	0.529334991196	
0.662	0.528038039318	
0.663	0.526739479352	
0.664	0.525439311732	
0.665	0.524137536894	
0.666	0.522834155273	
0.667	0.521529167302	
0.668	0.520222573415	
0.669	0.518914374044	
0.67	0.517604569621	
0.671	0.516293160575	
0.672	0.514980147338	
0.673	0.513665530337	
0.674	0.512349310003	
0.675	0.511031486762	
0.676	0.509712061042	
0.677	0.508391033268	
0.678	0.507068403867	
0.679	0.505744173262	
0.68	0.504418341879	
0.681	0.50309091014	
0.682	0.501761878467	
0.683	0.500431247284	
0.684	0.49909901701	
0.685	0.497765188066	
0.686	0.496429760871	
0.687	0.495092735845	
0.688	0.493754113406	
0.689	0.492413893972	
0.69	0.491072077958	
0.691	0.489728665781	
0.692	0.488383657857	
0.693	0.487037054599	
0.694	0.485688856423	
0.695	0.484339063741	
0.696	0.482987676965	
0.697	0.481634696507	
0.698	0.48028012278	
0.699	0.478923956192	
0.7	0.477566197154	
0.701	0.476206846074	
0.702	0.474845903362	
0.703	0.473483369425	
0.704	0.472119244669	
0.705	0.470753529501	
0.706	0.469386224327	
0.707	0.468017329551	
0.708	0.466646845578	
0.709	0.465274772812	
0.71	0.463901111654	
0.711	0.462525862509	
0.712	0.461149025776	
0.713	0.459770601858	
0.714	0.458390591153	
0.715	0.457008994063	
0.716	0.455625810985	
0.717	0.454241042319	
0.718	0.452854688461	
0.719	0.451466749809	
0.72	0.450077226758	
0.721	0.448686119705	
0.722	0.447293429045	
0.723	0.445899155172	
0.724	0.444503298479	
0.725	0.44310585936	
0.726	0.441706838208	
0.727	0.440306235413	
0.728	0.438904051367	
0.729	0.437500286461	
0.73	0.436094941085	
0.731	0.434688015627	
0.732	0.433279510477	
0.733	0.431869426022	
0.734	0.43045776265	
0.735	0.429044520748	
0.736	0.427629700701	
0.737	0.426213302896	
0.738	0.424795327717	
0.739	0.423375775548	
0.74	0.421954646774	
0.741	0.420531941777	
0.742	0.419107660939	
0.743	0.417681804643	
0.744	0.416254373269	
0.745	0.414825367199	
0.746	0.413394786813	
0.747	0.411962632489	
0.748	0.410528904607	
0.749	0.409093603544	
0.75	0.40765672968	
0.751	0.406218283389	
0.752	0.40477826505	
0.753	0.403336675038	
0.754	0.401893513728	
0.755	0.400448781494	
0.756	0.399002478712	
0.757	0.397554605753	
0.758	0.396105162993	
0.759	0.394654150802	
0.76	0.393201569552	
0.761	0.391747419615	
0.762	0.390291701361	
0.763	0.388834415161	
0.764	0.387375561383	
0.765	0.385915140397	
0.766	0.384453152571	
0.767	0.382989598273	
0.768	0.38152447787	
0.769	0.380057791728	
0.77	0.378589540214	
0.771	0.377119723694	
0.772	0.375648342531	
0.773	0.374175397091	
0.774	0.372700887737	
0.775	0.371224814833	
0.776	0.369747178741	
0.777	0.368267979823	
0.778	0.366787218442	
0.779	0.365304894958	
0.78	0.363821009732	
0.781	0.362335563123	
0.782	0.360848555492	
0.783	0.359359987196	
0.784	0.357869858595	
0.785	0.356378170047	
0.786	0.354884921907	
0.787	0.353390114534	
0.788	0.351893748284	
0.789	0.350395823511	
0.79	0.348896340572	
0.791	0.347395299821	
0.792	0.345892701611	
0.793	0.344388546297	
0.794	0.342882834232	
0.795	0.341375565768	
0.796	0.339866741256	
0.797	0.338356361049	
0.798	0.336844425498	
0.799	0.335330934952	
0.8	0.333815889762	
0.801	0.332299290277	
0.802	0.330781136846	
0.803	0.329261429818	
0.804	0.327740169539	
0.805	0.326217356358	
0.806	0.324692990622	
0.807	0.323167072675	
0.808	0.321639602866	
0.809	0.320110581538	
0.81	0.318580009037	
0.811	0.317047885706	
0.812	0.31551421189	
0.813	0.313978987932	
0.814	0.312442214175	
0.815	0.310903890961	
0.816	0.309364018631	
0.817	0.307822597528	
0.818	0.306279627992	
0.819	0.304735110363	
0.82	0.303189044981	
0.821	0.301641432185	
0.822	0.300092272315	
0.823	0.298541565708	
0.824	0.296989312704	
0.825	0.295435513638	
0.826	0.293880168848	
0.827	0.29232327867	
0.828	0.29076484344	
0.829	0.289204863495	
0.83	0.287643339168	
0.831	0.286080270794	
0.832	0.284515658708	
0.833	0.282949503243	
0.834	0.281381804731	
0.835	0.279812563507	
0.836	0.278241779901	
0.837	0.276669454246	
0.838	0.275095586872	
0.839	0.273520178111	
0.84	0.271943228293	
0.841	0.270364737747	
0.842	0.268784706803	
0.843	0.267203135791	
0.844	0.265620025037	
0.845	0.264035374871	
0.846	0.26244918562	
0.847	0.26086145761	
0.848	0.259272191169	
0.849	0.257681386623	
0.85	0.256089044297	
0.851	0.254495164517	
0.852	0.252899747607	
0.853	0.251302793893	
0.854	0.249704303696	
0.855	0.248104277342	
0.856	0.246502715153	
0.857	0.244899617452	
0.858	0.243294984561	
0.859	0.241688816801	
0.86	0.240081114494	
0.861	0.238471877961	
0.862	0.236861107521	
0.863	0.235248803496	
0.864	0.233634966203	
0.865	0.232019595963	
0.866	0.230402693094	
0.867	0.228784257914	
0.868	0.227164290741	
0.869	0.225542791893	
0.87	0.223919761685	
0.871	0.222295200434	
0.872	0.220669108458	
0.873	0.21904148607	
0.874	0.217412333586	
0.875	0.215781651322	
0.876	0.214149439591	
0.877	0.212515698707	
0.878	0.210880428984	
0.879	0.209243630734	
0.88	0.207605304271	
0.881	0.205965449907	
0.882	0.204324067952	
0.883	0.20268115872	
0.884	0.20103672252	
0.885	0.199390759663	
0.886	0.19774327046	
0.887	0.19609425522	
0.888	0.194443714252	
0.889	0.192791647865	
0.89	0.191138056368	
0.891	0.189482940069	
0.892	0.187826299275	
0.893	0.186168134294	
0.894	0.184508445432	
0.895	0.182847232997	
0.896	0.181184497293	
0.897	0.179520238627	
0.898	0.177854457304	
0.899	0.176187153629	
0.9	0.174518327906	
0.901	0.172847980439	
0.902	0.171176111532	
0.903	0.169502721488	
0.904	0.16782781061	
0.905	0.1661513792	
0.906	0.164473427561	
0.907	0.162793955993	
0.908	0.161112964799	
0.909	0.15943045428	
0.91	0.157746424735	
0.911	0.156060876464	
0.912	0.154373809768	
0.913	0.152685224946	
0.914	0.150995122297	
0.915	0.149303502119	
0.916	0.147610364711	
0.917	0.145915710369	
0.918	0.144219539393	
0.919	0.142521852077	
0.92	0.140822648721	
0.921	0.139121929618	
0.922	0.137419695066	
0.923	0.13571594536	
0.924	0.134010680795	
0.925	0.132303901665	
0.926	0.130595608266	
0.927	0.12888580089	
0.928	0.127174479832	
0.929	0.125461645385	
0.93	0.123747297842	
0.931	0.122031437495	
0.932	0.120314064636	
0.933	0.118595179558	
0.934	0.116874782551	
0.935	0.115152873906	
0.936	0.113429453915	
0.937	0.111704522867	
0.938	0.109978081052	
0.939	0.10825012876	
0.94	0.10652066628	
0.941	0.104789693902	
0.942	0.103057211912	
0.943	0.1013232206	
0.944	0.0995877202531	
0.945	0.0978507111588	
0.946	0.096112193604	
0.947	0.0943721678755	
0.948	0.0926306342595	
0.949	0.090887593042	
0.95	0.0891430445086	
0.951	0.0873969889445	
0.952	0.0856494266347	
0.953	0.0839003578635	
0.954	0.0821497829153	
0.955	0.0803977020738	
0.956	0.0786441156225	
0.957	0.0768890238445	
0.958	0.0751324270227	
0.959	0.0733743254394	
0.96	0.0716147193767	
0.961	0.0698536091164	
0.962	0.0680909949398	
0.963	0.066326877128	
0.964	0.0645612559616	
0.965	0.0627941317211	
0.966	0.0610255046865	
0.967	0.0592553751373	
0.968	0.057483743353	
0.969	0.0557106096125	
0.97	0.0539359741945	
0.971	0.0521598373773	
0.972	0.0503821994388	
0.973	0.0486030606567	
0.974	0.0468224213083	
0.975	0.0450402816706	
0.976	0.0432566420201	
0.977	0.0414715026331	
0.978	0.0396848637857	
0.979	0.0378967257534	
0.98	0.0361070888115	
0.981	0.034315953235	
0.982	0.0325233192985	
0.983	0.0307291872763	
0.984	0.0289335574424	
0.985	0.0271364300705	
0.986	0.0253378054337	
0.987	0.0235376838052	
0.988	0.0217360654576	
0.989	0.0199329506632	
0.99	0.018128339694	
0.991	0.0163222328217	
0.992	0.0145146303176	
0.993	0.0127055324529	
0.994	0.0108949394982	
0.995	0.00908285172389	
0.996	0.00726926940008	
0.997	0.00545419279651	
0.998	0.00363762218262	
0.999	0.00181955782751	
1.0	0.0	
