0.0	1.0	
0.001	0.997091000975	
0.002	0.994773086155	
0.003	0.992635822299	
0.004	0.990607948704	
0.005	0.988657647924	
0.006	0.986766949733	
0.007	0.98492435509	
0.008	0.983121901014	
0.009	0.981353762117	
0.01	0.979615500675	
0.011	0.977903629042	
0.012	0.97621533752	
0.013	0.974548316458	
0.014	0.972900635189	
0.015	0.971270656848	
0.016	0.969656976763	
0.017	0.968058376811	
0.018	0.966473790917	
0.019	0.964902278498	
0.02	0.963343003698	
0.021	0.961795218937	
0.022	0.960258251698	
0.023	0.958731493809	
0.024	0.957214392655	
0.025	0.955706443909	
0.026	0.954207185464	
0.027	0.952716192339	
0.028	0.951233072358	
0.029	0.949757462479	
0.03	0.948289025638	
0.031	0.946827448032	
0.032	0.945372436771	
0.033	0.943923717823	
0.034	0.942481034228	
0.035	0.94104414452	
0.036	0.939612821344	
0.037	0.938186850226	
0.038	0.936766028484	
0.039	0.935350164257	
0.04	0.933939075638	
0.041	0.932532589891	
0.042	0.931130542759	
0.043	0.929732777825	
0.044	0.92833914595	
0.045	0.926949504751	
0.046	0.925563718134	
0.047	0.924181655868	
0.048	0.922803193197	
0.049	0.921428210479	
0.05	0.92005659287	
0.051	0.918688230015	
0.052	0.917323015782	
0.053	0.915960848004	
0.054	0.91460162825	
0.055	0.913245261607	
0.056	0.911891656484	
0.057	0.910540724426	
0.058	0.909192379943	
0.059	0.907846540353	
0.06	0.906503125634	
0.061	0.905162058286	
0.062	0.903823263204	
0.063	0.902486667557	
0.064	0.901152200678	
0.065	0.899819793958	
0.066	0.898489380752	
0.067	0.897160896281	
0.068	0.895834277551	
0.069	0.894509463271	
0.07	0.893186393777	
0.071	0.891865010959	
0.072	0.890545258197	
0.073	0.889227080294	
0.074	0.887910423418	
0.075	0.886595235046	
0.076	0.885281463908	
0.077	0.883969059941	
0.078	0.882657974236	
0.079	0.881348158997	
0.08	0.880039567495	
0.081	0.878732154029	
0.082	0.877425873888	
0.083	0.876120683313	
0.084	0.874816539461	
0.085	0.873513400376	
0.086	0.872211224951	
0.087	0.870909972907	
0.088	0.869609604754	
0.089	0.868310081773	
0.09	0.867011365984	
0.091	0.865713420123	
0.092	0.864416207619	
0.093	0.863119692572	
0.094	0.861823839727	
0.095	0.860528614461	
0.096	0.859233982756	
0.097	0.857939911183	
0.098	0.856646366885	
0.099	0.855353317557	
0.1	0.854060731431	
0.101	0.852768577262	
0.102	0.851476824307	
0.103	0.850185442318	
0.104	0.84889440152	
0.105	0.847603672603	
0.106	0.846313226707	
0.107	0.84502303541	
0.108	0.843733070716	
0.109	0.842443305042	
0.11	0.841153711209	
0.111	0.839864262431	
0.112	0.838574932301	
0.113	0.837285694788	
0.114	0.83599652422	
0.115	0.834707395282	
0.116	0.833418283	
0.117	0.832129162738	
0.118	0.830840010187	
0.119	0.829550801357	
0.12	0.82826151257	
0.121	0.826972120454	
0.122	0.825682601931	
0.123	0.824392934217	
0.124	0.823103094808	
0.125	0.821813061481	
0.126	0.82052281228	
0.127	0.819232325516	
0.128	0.817941579758	
0.129	0.816650553829	
0.13	0.815359226798	
0.131	0.814067577978	
0.132	0.812775586918	
0.133	0.811483233399	
0.134	0.810190497432	
0.135	0.808897359246	
0.136	0.807603799292	
0.137	0.806309798233	
0.138	0.80501533694	
0.139	0.803720396493	
0.14	0.802424958168	
0.141	0.801129003443	
0.142	0.799832513987	
0.143	0.798535471658	
0.144	0.797237858502	
0.145	0.795939656747	
0.146	0.7946408488	
0.147	0.793341417243	
0.148	0.792041344834	
0.149	0.790740614497	
0.15	0.789439209325	
0.151	0.788137112574	
0.152	0.78683430766	
0.153	0.785530778159	
0.154	0.784226507801	
0.155	0.782921480468	
0.156	0.781615680194	
0.157	0.78030909116	
0.158	0.779001697692	
0.159	0.777693484259	
0.16	0.776384435471	
0.161	0.775074536075	
0.162	0.773763770956	
0.163	0.772452125132	
0.164	0.771139583753	
0.165	0.769826132099	
0.166	0.768511755577	
0.167	0.767196439723	
0.168	0.765880170193	
0.169	0.764562932769	
0.17	0.763244713351	
0.171	0.761925497958	
0.172	0.760605272729	
0.173	0.759284023914	
0.174	0.75796173788	
0.175	0.756638401104	
0.176	0.755314000177	
0.177	0.753988521795	
0.178	0.752661952765	
0.179	0.751334279998	
0.18	0.750005490512	
0.181	0.748675571426	
0.182	0.747344509962	
0.183	0.746012293444	
0.184	0.744678909295	
0.185	0.743344345036	
0.186	0.742008588284	
0.187	0.740671626753	
0.188	0.739333448253	
0.189	0.737994040684	
0.19	0.736653392043	
0.191	0.735311490414	
0.192	0.733968323973	
0.193	0.732623880987	
0.194	0.731278149808	
0.195	0.729931118877	
0.196	0.728582776721	
0.197	0.727233111952	
0.198	0.725882113267	
0.199	0.724529769446	
0.2	0.72317606935	
0.201	0.721821001923	
0.202	0.720464556191	
0.203	0.719106721257	
0.204	0.717747486305	
0.205	0.716386840596	
0.206	0.715024773471	
0.207	0.713661274344	
0.208	0.712296332708	
0.209	0.710929938129	
0.21	0.709562080249	
0.211	0.708192748783	
0.212	0.706821933518	
0.213	0.705449624315	
0.214	0.704075811105	
0.215	0.702700483893	
0.216	0.70132363275	
0.217	0.69994524782	
0.218	0.698565319314	
0.219	0.697183837514	
0.22	0.695800792766	
0.221	0.694416175487	
0.222	0.693029976158	
0.223	0.691642185328	
0.224	0.69025279361	
0.225	0.688861791683	
0.226	0.68746917029	
0.227	0.686074920237	
0.228	0.684679032397	
0.229	0.683281497701	
0.23	0.681882307145	
0.231	0.680481451787	
0.232	0.679078922747	
0.233	0.677674711204	
0.234	0.676268808398	
0.235	0.674861205631	
0.236	0.673451894262	
0.237	0.67204086571	
0.238	0.670628111455	
0.239	0.669213623031	
0.24	0.667797392033	
0.241	0.666379410114	
0.242	0.664959668981	
0.243	0.6635381604	
0.244	0.662114876194	
0.245	0.660689808239	
0.246	0.659262948469	
0.247	0.657834288872	
0.248	0.656403821491	
0.249	0.654971538425	
0.25	0.653537431825	
0.251	0.652101493897	
0.252	0.650663716899	
0.253	0.649224093144	
0.254	0.647782614997	
0.255	0.646339274875	
0.256	0.644894065247	
0.257	0.643446978635	
0.258	0.641998007613	
0.259	0.640547144803	
0.26	0.639094382881	
0.261	0.637639714573	
0.262	0.636183132655	
0.263	0.634724629953	
0.264	0.633264199344	
0.265	0.631801833751	
0.266	0.630337526151	
0.267	0.628871269568	
0.268	0.627403057073	
0.269	0.625932881788	
0.27	0.624460736883	
0.271	0.622986615574	
0.272	0.621510511126	
0.273	0.620032416854	
0.274	0.618552326115	
0.275	0.617070232318	
0.276	0.615586128915	
0.277	0.614100009409	
0.278	0.612611867345	
0.279	0.611121696316	
0.28	0.609629489962	
0.281	0.608135241967	
0.282	0.606638946061	
0.283	0.605140596021	
0.284	0.603640185666	
0.285	0.602137708864	
0.286	0.600633159523	
0.287	0.5991265316	
0.288	0.597617819093	
0.289	0.596107016046	
0.29	0.594594116548	
0.291	0.593079114729	
0.292	0.591562004764	
0.293	0.590042780872	
0.294	0.588521437316	
0.295	0.586997968399	
0.296	0.585472368471	
0.297	0.583944631921	
0.298	0.582414753183	
0.299	0.580882726734	
0.3	0.579348547092	
0.301	0.577812208816	
0.302	0.576273706509	
0.303	0.574733034816	
0.304	0.573190188423	
0.305	0.571645162058	
0.306	0.570097950488	
0.307	0.568548548526	
0.308	0.566996951021	
0.309	0.565443152867	
0.31	0.563887148998	
0.311	0.562328934386	
0.312	0.560768504047	
0.313	0.559205853037	
0.314	0.557640976449	
0.315	0.556073869422	
0.316	0.554504527129	
0.317	0.552932944788	
0.318	0.551359117653	
0.319	0.54978304102	
0.32	0.548204710225	
0.321	0.546624120641	
0.322	0.545041267682	
0.323	0.543456146803	
0.324	0.541868753495	
0.325	0.540279083289	
0.326	0.538687131756	
0.327	0.537092894505	
0.328	0.535496367184	
0.329	0.533897545479	
0.33	0.532296425116	
0.331	0.530693001858	
0.332	0.529087271506	
0.333	0.5274792299	
0.334	0.52586887292	
0.335	0.52425619648	
0.336	0.522641196535	
0.337	0.521023869077	
0.338	0.519404210135	
0.339	0.517782215776	
0.34	0.516157882106	
0.341	0.514531205267	
0.342	0.512902181438	
0.343	0.511270806836	
0.344	0.509637077715	
0.345	0.508000990368	
0.346	0.506362541121	
0.347	0.504721726341	
0.348	0.503078542429	
0.349	0.501432985825	
0.35	0.499785053004	
0.351	0.498134740479	
0.352	0.496482044798	
0.353	0.494826962546	
0.354	0.493169490346	
0.355	0.491509624856	
0.356	0.489847362769	
0.357	0.488182700817	
0.358	0.486515635766	
0.359	0.484846164419	
0.36	0.483174283615	
0.361	0.481499990227	
0.362	0.479823281167	
0.363	0.47814415338	
0.364	0.476462603849	
0.365	0.47477862959	
0.366	0.473092227658	
0.367	0.47140339514	
0.368	0.469712129161	
0.369	0.468018426879	
0.37	0.46632228549	
0.371	0.464623702224	
0.372	0.462922674345	
0.373	0.461219199154	
0.374	0.459513273986	
0.375	0.457804896212	
0.376	0.456094063237	
0.377	0.4543807725	
0.378	0.452665021478	
0.379	0.450946807679	
0.38	0.449226128649	
0.381	0.447502981965	
0.382	0.445777365244	
0.383	0.444049276131	
0.384	0.442318712312	
0.385	0.440585671501	
0.386	0.438850151453	
0.387	0.437112149952	
0.388	0.435371664818	
0.389	0.433628693908	
0.39	0.431883235108	
0.391	0.430135286343	
0.392	0.428384845569	
0.393	0.426631910777	
0.394	0.424876479993	
0.395	0.423118551276	
0.396	0.421358122717	
0.397	0.419595192446	
0.398	0.417829758621	
0.399	0.416061819437	
0.4	0.414291373123	
0.401	0.41251841794	
0.402	0.410742952184	
0.403	0.408964974183	
0.404	0.407184482301	
0.405	0.405401474933	
0.406	0.403615950509	
0.407	0.401827907492	
0.408	0.400037344378	
0.409	0.398244259697	
0.41	0.396448652011	
0.411	0.394650519918	
0.412	0.392849862046	
0.413	0.391046677057	
0.414	0.389240963649	
0.415	0.387432720548	
0.416	0.385621946519	
0.417	0.383808640354	
0.418	0.381992800882	
0.419	0.380174426964	
0.42	0.378353517494	
0.421	0.376530071398	
0.422	0.374704087635	
0.423	0.372875565198	
0.424	0.371044503111	
0.425	0.369210900432	
0.426	0.367374756252	
0.427	0.365536069693	
0.428	0.363694839911	
0.429	0.361851066094	
0.43	0.360004747463	
0.431	0.358155883271	
0.432	0.356304472803	
0.433	0.354450515378	
0.434	0.352594010347	
0.435	0.350734957091	
0.436	0.348873355027	
0.437	0.347009203601	
0.438	0.345142502294	
0.439	0.343273250617	
0.44	0.341401448115	
0.441	0.339527094365	
0.442	0.337650188974	
0.443	0.335770731583	
0.444	0.333888721866	
0.445	0.332004159526	
0.446	0.330117044301	
0.447	0.328227375959	
0.448	0.326335154302	
0.449	0.324440379161	
0.45	0.322543050402	
0.451	0.32064316792	
0.452	0.318740731644	
0.453	0.316835741535	
0.454	0.314928197583	
0.455	0.313018099813	
0.456	0.31110544828	
0.457	0.30919024307	
0.458	0.307272484303	
0.459	0.305352172129	
0.46	0.30342930673	
0.461	0.301503888318	
0.462	0.299575917139	
0.463	0.297645393471	
0.464	0.295712317619	
0.465	0.293776689925	
0.466	0.291838510759	
0.467	0.289897780524	
0.468	0.287954499652	
0.469	0.286008668609	
0.47	0.284060287892	
0.471	0.282109358029	
0.472	0.280155879577	
0.473	0.278199853128	
0.474	0.276241279302	
0.475	0.274280158753	
0.476	0.272316492164	
0.477	0.27035028025	
0.478	0.268381523757	
0.479	0.266410223463	
0.48	0.264436380175	
0.481	0.262459994733	
0.482	0.260481068007	
0.483	0.258499600897	
0.484	0.256515594338	
0.485	0.25452904929	
0.486	0.252539966749	
0.487	0.25054834774	
0.488	0.248554193318	
0.489	0.246557504569	
0.49	0.244558282612	
0.491	0.242556528594	
0.492	0.240552243694	
0.493	0.238545429123	
0.494	0.236536086119	
0.495	0.234524215956	
0.496	0.232509819933	
0.497	0.230492899384	
0.498	0.228473455672	
0.499	0.22645149019	
0.5	0.224427004362	
0.501	0.222399999643	
0.502	0.220370477519	
0.503	0.218338439504	
0.504	0.216303887145	
0.505	0.214266822019	
0.506	0.212227245732	
0.507	0.210185159923	
0.508	0.208140566258	
0.509	0.206093466435	
0.51	0.204043862185	
0.511	0.201991755264	
0.512	0.199937147462	
0.513	0.197880040598	
0.514	0.195820436522	
0.515	0.193758337113	
0.516	0.191693744282	
0.517	0.189626659968	
0.518	0.187557086141	
0.519	0.185485024802	
0.52	0.183410477981	
0.521	0.181333447738	
0.522	0.179253936164	
0.523	0.17717194538	
0.524	0.175087477535	
0.525	0.17300053481	
0.526	0.170911119416	
0.527	0.168819233592	
0.528	0.16672487961	
0.529	0.164628059768	
0.53	0.162528776397	
0.531	0.160427031856	
0.532	0.158322828536	
0.533	0.156216168855	
0.534	0.154107055263	
0.535	0.151995490237	
0.536	0.149881476288	
0.537	0.147765015952	
0.538	0.145646111798	
0.539	0.143524766424	
0.54	0.141400982455	
0.541	0.13927476255	
0.542	0.137146109394	
0.543	0.135015025703	
0.544	0.132881514222	
0.545	0.130745577727	
0.546	0.128607219022	
0.547	0.12646644094	
0.548	0.124323246344	
0.549	0.122177638128	
0.55	0.120029619212	
0.551	0.117879192549	
0.552	0.11572636112	
0.553	0.113571127933	
0.554	0.111413496029	
0.555	0.109253468476	
0.556	0.107091048372	
0.557	0.104926238843	
0.558	0.102759043046	
0.559	0.100589464167	
0.56	0.0984175054195	
0.561	0.0962431700475	
0.562	0.0940664613236	
0.563	0.0918873825498	
0.564	0.0897059370568	
0.565	0.0875221282046	
0.566	0.0853359593821	
0.567	0.0831474340071	
0.568	0.0809565555265	
0.569	0.078763327416	
0.57	0.0765677531803	
0.571	0.074369836353	
0.572	0.0721695804965	
0.573	0.0699669892021	
0.574	0.0677620660898	
0.575	0.0655548148084	
0.576	0.0633452390357	
0.577	0.061133342478	
0.578	0.0589191288704	
0.579	0.0567026019765	
0.58	0.054483765589	
0.581	0.0522626235288	
0.582	0.0500391796457	
0.583	0.0478134378179	
0.584	0.0455854019524	
0.585	0.0433550759846	
0.586	0.0411224638783	
0.587	0.0388875696261	
0.588	0.0366503972487	
0.589	0.0344109507957	
0.59	0.0321692343447	
0.591	0.0299252520019	
0.592	0.0276790079018	
0.593	0.0254305062075	
0.594	0.0231797511099	
0.595	0.0209267468288	
0.596	0.0186714976118	
0.597	0.016414007735	
0.598	0.0141542815027	
0.599	0.0118923232472	
0.6	0.00962813732932	
0.601	0.00736172813769	
0.602	0.00509310008923	
0.603	0.00282225762895	
0.604	0.000549205229889	
0.605	-0.00172605260684	
0.606	-0.00400351135212	
0.607	-0.00628316644884	
0.608	-0.00856501331191	
0.609	-0.0108490473283	
0.61	-0.0131352638571	
0.611	-0.0154236582294	
0.612	-0.0177142257486	
0.613	-0.0200069616902	
0.614	-0.0223018613017	
0.615	-0.0245989198031	
0.616	-0.0268981323864	
0.617	-0.0291994942161	
0.618	-0.0315030004287	
0.619	-0.0338086461334	
0.62	-0.0361164264114	
0.621	-0.0384263363164	
0.622	-0.0407383708746	
0.623	-0.0430525250844	
0.624	-0.0453687939169	
0.625	-0.0476871723155	
0.626	-0.0500076551961	
0.627	-0.0523302374474	
0.628	-0.0546549139303	
0.629	-0.0569816794784	
0.63	-0.0593105288982	
0.631	-0.0616414569684	
0.632	-0.0639744584406	
0.633	-0.0663095280391	
0.634	-0.0686466604609	
0.635	-0.0709858503758	
0.636	-0.0733270924262	
0.637	-0.0756703812275	
0.638	-0.0780157113679	
0.639	-0.0803630774083	
0.64	-0.0827124738827	
0.641	-0.085063895298	
0.642	-0.0874173361338	
0.643	-0.0897727908431	
0.644	-0.0921302538514	
0.645	-0.0944897195576	
0.646	-0.0968511823336	
0.647	-0.0992146365243	
0.648	-0.101580076448	
0.649	-0.103947496395	
0.65	-0.106316890631	
0.651	-0.108688253392	
0.652	-0.11106157889	
0.653	-0.113436861309	
0.654	-0.115814094806	
0.655	-0.118193273511	
0.656	-0.120574391529	
0.657	-0.122957442938	
0.658	-0.125342421787	
0.659	-0.127729322101	
0.66	-0.130118137879	
0.661	-0.13250886309	
0.662	-0.134901491679	
0.663	-0.137296017566	
0.664	-0.139692434642	
0.665	-0.142090736771	
0.666	-0.144490917794	
0.667	-0.146892971524	
0.668	-0.149296891745	
0.669	-0.15170267222	
0.67	-0.154110306681	
0.671	-0.156519788836	
0.672	-0.158931112368	
0.673	-0.161344270931	
0.674	-0.163759258155	
0.675	-0.166176067643	
0.676	-0.168594692972	
0.677	-0.171015127693	
0.678	-0.173437365332	
0.679	-0.175861399388	
0.68	-0.178287223334	
0.681	-0.180714830617	
0.682	-0.183144214659	
0.683	-0.185575368855	
0.684	-0.188008286576	
0.685	-0.190442961165	
0.686	-0.192879385942	
0.687	-0.195317554197	
0.688	-0.197757459199	
0.689	-0.200199094189	
0.69	-0.202642452383	
0.691	-0.20508752697	
0.692	-0.207534311115	
0.693	-0.209982797957	
0.694	-0.212432980611	
0.695	-0.214884852163	
0.696	-0.217338405676	
0.697	-0.219793634189	
0.698	-0.222250530713	
0.699	-0.224709088234	
0.7	-0.227169299713	
0.701	-0.229631158088	
0.702	-0.232094656269	
0.703	-0.234559787141	
0.704	-0.237026543565	
0.705	-0.239494918377	
0.706	-0.241964904386	
0.707	-0.244436494378	
0.708	-0.246909681114	
0.709	-0.249384457328	
0.71	-0.25186081573	
0.711	-0.254338749007	
0.712	-0.256818249818	
0.713	-0.259299310799	
0.714	-0.261781924562	
0.715	-0.264266083691	
0.716	-0.266751780749	
0.717	-0.269239008271	
0.718	-0.27172775877	
0.719	-0.274218024733	
0.72	-0.276709798623	
0.721	-0.279203072877	
0.722	-0.281697839909	
0.723	-0.284194092108	
0.724	-0.286691821839	
0.725	-0.289191021442	
0.726	-0.291691683232	
0.727	-0.2941937995	
0.728	-0.296697362514	
0.729	-0.299202364517	
0.73	-0.301708797726	
0.731	-0.304216654336	
0.732	-0.306725926517	
0.733	-0.309236606415	
0.734	-0.311748686151	
0.735	-0.314262157824	
0.736	-0.316777013506	
0.737	-0.319293245248	
0.738	-0.321810845076	
0.739	-0.32432980499	
0.74	-0.326850116968	
0.741	-0.329371772966	
0.742	-0.331894764912	
0.743	-0.334419084713	
0.744	-0.336944724252	
0.745	-0.339471675387	
0.746	-0.341999929954	
0.747	-0.344529479765	
0.748	-0.347060316607	
0.749	-0.349592432244	
0.75	-0.352125818419	
0.751	-0.354660466847	
0.752	-0.357196369223	
0.753	-0.359733517218	
0.754	-0.362271902478	
0.755	-0.364811516628	
0.756	-0.367352351268	
0.757	-0.369894397975	
0.758	-0.372437648303	
0.759	-0.374982093783	
0.76	-0.377527725924	
0.761	-0.380074536208	
0.762	-0.382622516099	
0.763	-0.385171657034	
0.764	-0.387721950429	
0.765	-0.390273387677	
0.766	-0.392825960147	
0.767	-0.395379659186	
0.768	-0.397934476118	
0.769	-0.400490402245	
0.77	-0.403047428844	
0.771	-0.405605547171	
0.772	-0.408164748459	
0.773	-0.410725023919	
0.774	-0.413286364738	
0.775	-0.415848762083	
0.776	-0.418412207094	
0.777	-0.420976690893	
0.778	-0.423542204578	
0.779	-0.426108739223	
0.78	-0.428676285883	
0.781	-0.431244835587	
0.782	-0.433814379345	
0.783	-0.436384908141	
0.784	-0.438956412942	
0.785	-0.441528884687	
0.786	-0.444102314298	
0.787	-0.446676692672	
0.788	-0.449252010685	
0.789	-0.45182825919	
0.79	-0.454405429019	
0.791	-0.456983510982	
0.792	-0.459562495868	
0.793	-0.462142374441	
0.794	-0.464723137447	
0.795	-0.467304775609	
0.796	-0.469887279627	
0.797	-0.472470640181	
0.798	-0.475054847928	
0.799	-0.477639893505	
0.8	-0.480225767527	
0.801	-0.482812460586	
0.802	-0.485399963254	
0.803	-0.487988266081	
0.804	-0.490577359598	
0.805	-0.49316723431	
0.806	-0.495757880706	
0.807	-0.498349289249	
0.808	-0.500941450384	
0.809	-0.503534354534	
0.81	-0.506127992101	
0.811	-0.508722353464	
0.812	-0.511317428985	
0.813	-0.513913209002	
0.814	-0.516509683832	
0.815	-0.519106843773	
0.816	-0.521704679101	
0.817	-0.524303180071	
0.818	-0.526902336917	
0.819	-0.529502139855	
0.82	-0.532102579076	
0.821	-0.534703644754	
0.822	-0.53730532704	
0.823	-0.539907616067	
0.824	-0.542510501945	
0.825	-0.545113974765	
0.826	-0.547718024597	
0.827	-0.550322641492	
0.828	-0.552927815478	
0.829	-0.555533536566	
0.83	-0.558139794744	
0.831	-0.560746579982	
0.832	-0.563353882228	
0.833	-0.565961691411	
0.834	-0.56856999744	
0.835	-0.571178790204	
0.836	-0.573788059573	
0.837	-0.576397795394	
0.838	-0.579007987497	
0.839	-0.581618625691	
0.84	-0.584229699767	
0.841	-0.586841199494	
0.842	-0.589453114622	
0.843	-0.592065434882	
0.844	-0.594678149986	
0.845	-0.597291249625	
0.846	-0.59990472347	
0.847	-0.602518561176	
0.848	-0.605132752374	
0.849	-0.60774728668	
0.85	-0.610362153688	
0.851	-0.612977342973	
0.852	-0.615592844092	
0.853	-0.618208646583	
0.854	-0.620824739962	
0.855	-0.62344111373	
0.856	-0.626057757367	
0.857	-0.628674660333	
0.858	-0.631291812071	
0.859	-0.633909202004	
0.86	-0.636526819537	
0.861	-0.639144654056	
0.862	-0.641762694927	
0.863	-0.644380931501	
0.864	-0.646999353105	
0.865	-0.649617949052	
0.866	-0.652236708635	
0.867	-0.654855621128	
0.868	-0.657474675786	
0.869	-0.660093861848	
0.87	-0.662713168533	
0.871	-0.665332585041	
0.872	-0.667952100556	
0.873	-0.670571704243	
0.874	-0.673191385247	
0.875	-0.675811132697	
0.876	-0.678430935704	
0.877	-0.68105078336	
0.878	-0.68367066474	
0.879	-0.6862905689	
0.88	-0.68891048488	
0.881	-0.6915304017	
0.882	-0.694150308364	
0.883	-0.696770193858	
0.884	-0.699390047149	
0.885	-0.702009857189	
0.886	-0.70462961291	
0.887	-0.707249303228	
0.888	-0.709868917041	
0.889	-0.712488443229	
0.89	-0.715107870658	
0.891	-0.717727188172	
0.892	-0.7203463846	
0.893	-0.722965448755	
0.894	-0.725584369432	
0.895	-0.728203135407	
0.896	-0.730821735443	
0.897	-0.733440158281	
0.898	-0.736058392651	
0.899	-0.73867642726	
0.9	-0.741294250803	
0.901	-0.743911851957	
0.902	-0.74652921938	
0.903	-0.749146341716	
0.904	-0.751763207592	
0.905	-0.754379805617	
0.906	-0.756996124385	
0.907	-0.759612152474	
0.908	-0.762227878444	
0.909	-0.764843290839	
0.91	-0.767458378187	
0.911	-0.770073129001	
0.912	-0.772687531776	
0.913	-0.775301574992	
0.914	-0.777915247113	
0.915	-0.780528536585	
0.916	-0.783141431841	
0.917	-0.785753921296	
0.918	-0.788365993351	
0.919	-0.790977636388	
0.92	-0.793588838778	
0.921	-0.796199588871	
0.922	-0.798809875006	
0.923	-0.801419685504	
0.924	-0.80402900867	
0.925	-0.806637832795	
0.926	-0.809246146154	
0.927	-0.811853937008	
0.928	-0.814461193599	
0.929	-0.817067904158	
0.93	-0.819674056897	
0.931	-0.822279640017	
0.932	-0.8248846417	
0.933	-0.827489050116	
0.934	-0.830092853418	
0.935	-0.832696039744	
0.936	-0.835298597219	
0.937	-0.837900513951	
0.938	-0.840501778036	
0.939	-0.843102377552	
0.94	-0.845702300564	
0.941	-0.848301535124	
0.942	-0.850900069266	
0.943	-0.853497891012	
0.944	-0.856094988369	
0.945	-0.858691349329	
0.946	-0.861286961871	
0.947	-0.863881813959	
0.948	-0.866475893542	
0.949	-0.869069188557	
0.95	-0.871661686924	
0.951	-0.874253376551	
0.952	-0.876844245332	
0.953	-0.879434281146	
0.954	-0.882023471858	
0.955	-0.884611805322	
0.956	-0.887199269375	
0.957	-0.889785851842	
0.958	-0.892371540533	
0.959	-0.894956323245	
0.96	-0.897540187763	
0.961	-0.900123121857	
0.962	-0.902705113283	
0.963	-0.905286149786	
0.964	-0.907866219094	
0.965	-0.910445308926	
0.966	-0.913023406986	
0.967	-0.915600500962	
0.968	-0.918176578535	
0.969	-0.920751627367	
0.97	-0.923325635111	
0.971	-0.925898589406	
0.972	-0.928470477877	
0.973	-0.931041288138	
0.974	-0.933611007788	
0.975	-0.936179624417	
0.976	-0.938747125598	
0.977	-0.941313498895	
0.978	-0.943878731858	
0.979	-0.946442812025	
0.98	-0.94900572692	
0.981	-0.951567464058	
0.982	-0.954128010939	
0.983	-0.95668735505	
0.984	-0.95924548387	
0.985	-0.961802384863	
0.986	-0.96435804548	
0.987	-0.966912453162	
0.988	-0.969465595339	
0.989	-0.972017459426	
0.99	-0.974568032828	
0.991	-0.97711730294	
0.992	-0.979665257141	
0.993	-0.982211882803	
0.994	-0.984757167284	
0.995	-0.987301097931	
0.996	-0.989843662079	
0.997	-0.992384847053	
0.998	-0.994924640165	
0.999	-0.997463028717	
1.0	-1.0	
