0.0	1.0	
0.001	0.994010922032	
0.002	0.989990853328	
0.003	0.986483202989	
0.004	0.98327151718	
0.005	0.980263186265	
0.006	0.977407406331	
0.007	0.974672392236	
0.008	0.972036536769	
0.009	0.969484280684	
0.01	0.967003933862	
0.011	0.96458642159	
0.012	0.962224514359	
0.013	0.959912329833	
0.014	0.957644997224	
0.015	0.95541842328	
0.016	0.953229124396	
0.017	0.9510741032	
0.018	0.948950755908	
0.019	0.946856801491	
0.02	0.94479022665	
0.021	0.942749242448	
0.022	0.940732249704	
0.023	0.938737811044	
0.024	0.936764628119	
0.025	0.934811522832	
0.026	0.932877421761	
0.027	0.93096134312	
0.028	0.92906238576	
0.029	0.927179719846	
0.03	0.925312578892	
0.031	0.923460252922	
0.032	0.921622082569	
0.033	0.919797453954	
0.034	0.917985794223	
0.035	0.916186567642	
0.036	0.914399272164	
0.037	0.912623436404	
0.038	0.910858616952	
0.039	0.909104395998	
0.04	0.907360379203	
0.041	0.905626193808	
0.042	0.903901486925	
0.043	0.902185924015	
0.044	0.900479187502	
0.045	0.898780975534	
0.046	0.897091000849	
0.047	0.895408989754	
0.048	0.893734681191	
0.049	0.892067825889	
0.05	0.890408185585	
0.051	0.888755532317	
0.052	0.88710964777	
0.053	0.885470322681	
0.054	0.883837356283	
0.055	0.882210555805	
0.056	0.880589735998	
0.057	0.878974718705	
0.058	0.877365332461	
0.059	0.875761412119	
0.06	0.87416279851	
0.061	0.872569338117	
0.062	0.870980882782	
0.063	0.869397289427	
0.064	0.867818419792	
0.065	0.866244140198	
0.066	0.864674321317	
0.067	0.863108837964	
0.068	0.861547568894	
0.069	0.859990396623	
0.07	0.858437207245	
0.071	0.856887890276	
0.072	0.855342338496	
0.073	0.853800447804	
0.074	0.852262117082	
0.075	0.850727248067	
0.076	0.849195745227	
0.077	0.847667515649	
0.078	0.846142468929	
0.079	0.844620517071	
0.08	0.843101574385	
0.081	0.841585557403	
0.082	0.840072384786	
0.083	0.838561977241	
0.084	0.837054257447	
0.085	0.835549149977	
0.086	0.834046581228	
0.087	0.832546479355	
0.088	0.831048774203	
0.089	0.829553397253	
0.09	0.828060281555	
0.091	0.826569361682	
0.092	0.825080573671	
0.093	0.823593854972	
0.094	0.822109144406	
0.095	0.820626382113	
0.096	0.819145509512	
0.097	0.817666469257	
0.098	0.816189205197	
0.099	0.814713662338	
0.1	0.813239786809	
0.101	0.811767525822	
0.102	0.81029682764	
0.103	0.808827641547	
0.104	0.807359917814	
0.105	0.805893607671	
0.106	0.804428663279	
0.107	0.802965037699	
0.108	0.801502684871	
0.109	0.800041559584	
0.11	0.798581617455	
0.111	0.797122814903	
0.112	0.79566510913	
0.113	0.794208458094	
0.114	0.792752820494	
0.115	0.791298155747	
0.116	0.789844423967	
0.117	0.788391585949	
0.118	0.786939603153	
0.119	0.78548843768	
0.12	0.784038052263	
0.121	0.782588410243	
0.122	0.781139475563	
0.123	0.779691212743	
0.124	0.778243586872	
0.125	0.776796563593	
0.126	0.775350109087	
0.127	0.773904190063	
0.128	0.772458773743	
0.129	0.77101382785	
0.13	0.769569320599	
0.131	0.768125220682	
0.132	0.766681497257	
0.133	0.765238119941	
0.134	0.763795058796	
0.135	0.76235228432	
0.136	0.760909767439	
0.137	0.759467479492	
0.138	0.75802539223	
0.139	0.756583477802	
0.14	0.755141708744	
0.141	0.753700057979	
0.142	0.7522584988	
0.143	0.750817004868	
0.144	0.749375550201	
0.145	0.747934109168	
0.146	0.746492656484	
0.147	0.745051167199	
0.148	0.743609616691	
0.149	0.742167980666	
0.15	0.740726235143	
0.151	0.739284356454	
0.152	0.737842321235	
0.153	0.73640010642	
0.154	0.734957689238	
0.155	0.733515047204	
0.156	0.732072158116	
0.157	0.730629000048	
0.158	0.729185551347	
0.159	0.727741790625	
0.16	0.726297696757	
0.161	0.724853248875	
0.162	0.723408426364	
0.163	0.721963208856	
0.164	0.720517576228	
0.165	0.719071508595	
0.166	0.717624986308	
0.167	0.716177989949	
0.168	0.714730500327	
0.169	0.713282498475	
0.17	0.711833965646	
0.171	0.710384883308	
0.172	0.708935233142	
0.173	0.707484997038	
0.174	0.70603415709	
0.175	0.704582695598	
0.176	0.703130595056	
0.177	0.701677838158	
0.178	0.700224407789	
0.179	0.698770287023	
0.18	0.697315459122	
0.181	0.695859907533	
0.182	0.694403615881	
0.183	0.692946567972	
0.184	0.691488747787	
0.185	0.690030139479	
0.186	0.688570727373	
0.187	0.687110495961	
0.188	0.685649429901	
0.189	0.684187514015	
0.19	0.682724733285	
0.191	0.681261072851	
0.192	0.67979651801	
0.193	0.678331054214	
0.194	0.676864667064	
0.195	0.675397342315	
0.196	0.673929065867	
0.197	0.672459823767	
0.198	0.670989602206	
0.199	0.669518387515	
0.2	0.668046166169	
0.201	0.666572924777	
0.202	0.665098650088	
0.203	0.663623328982	
0.204	0.662146948476	
0.205	0.660669495716	
0.206	0.659190957977	
0.207	0.657711322664	
0.208	0.656230577306	
0.209	0.65474870956	
0.21	0.653265707203	
0.211	0.651781558136	
0.212	0.65029625038	
0.213	0.648809772073	
0.214	0.647322111474	
0.215	0.645833256955	
0.216	0.644343197003	
0.217	0.642851920222	
0.218	0.641359415323	
0.219	0.639865671131	
0.22	0.638370676581	
0.221	0.636874420713	
0.222	0.635376892679	
0.223	0.633878081732	
0.224	0.632377977234	
0.225	0.630876568647	
0.226	0.629373845539	
0.227	0.627869797577	
0.228	0.62636441453	
0.229	0.624857686264	
0.23	0.623349602745	
0.231	0.621840154037	
0.232	0.620329330299	
0.233	0.618817121785	
0.234	0.617303518843	
0.235	0.615788511916	
0.236	0.614272091539	
0.237	0.612754248337	
0.238	0.611234973027	
0.239	0.609714256415	
0.24	0.608192089397	
0.241	0.606668462955	
0.242	0.60514336816	
0.243	0.603616796167	
0.244	0.60208873822	
0.245	0.600559185645	
0.246	0.599028129853	
0.247	0.597495562338	
0.248	0.595961474675	
0.249	0.594425858523	
0.25	0.592888705621	
0.251	0.591350007788	
0.252	0.589809756922	
0.253	0.588267945001	
0.254	0.58672456408	
0.255	0.585179606293	
0.256	0.583633063848	
0.257	0.582084929032	
0.258	0.580535194206	
0.259	0.578983851807	
0.26	0.577430894344	
0.261	0.575876314403	
0.262	0.57432010464	
0.263	0.572762257784	
0.264	0.571202766638	
0.265	0.569641624074	
0.266	0.568078823035	
0.267	0.566514356535	
0.268	0.564948217658	
0.269	0.563380399555	
0.27	0.561810895448	
0.271	0.560239698625	
0.272	0.558666802443	
0.273	0.557092200325	
0.274	0.555515885762	
0.275	0.553937852309	
0.276	0.552358093588	
0.277	0.550776603286	
0.278	0.549193375154	
0.279	0.547608403006	
0.28	0.546021680723	
0.281	0.544433202246	
0.282	0.542842961581	
0.283	0.541250952795	
0.284	0.539657170017	
0.285	0.538061607438	
0.286	0.536464259311	
0.287	0.534865119947	
0.288	0.53326418372	
0.289	0.531661445063	
0.29	0.530056898467	
0.291	0.528450538485	
0.292	0.526842359726	
0.293	0.525232356859	
0.294	0.523620524609	
0.295	0.522006857762	
0.296	0.520391351158	
0.297	0.518773999696	
0.298	0.51715479833	
0.299	0.515533742071	
0.3	0.513910825985	
0.301	0.512286045196	
0.302	0.510659394879	
0.303	0.509030870269	
0.304	0.50740046665	
0.305	0.505768179365	
0.306	0.504134003807	
0.307	0.502497935426	
0.308	0.500859969724	
0.309	0.499220102254	
0.31	0.497578328624	
0.311	0.495934644495	
0.312	0.494289045577	
0.313	0.492641527635	
0.314	0.490992086483	
0.315	0.489340717988	
0.316	0.487687418068	
0.317	0.48603218269	
0.318	0.484375007872	
0.319	0.482715889684	
0.32	0.481054824245	
0.321	0.479391807721	
0.322	0.477726836331	
0.323	0.476059906341	
0.324	0.474391014068	
0.325	0.472720155874	
0.326	0.471047328173	
0.327	0.469372527426	
0.328	0.46769575014	
0.329	0.466016992873	
0.33	0.464336252229	
0.331	0.462653524857	
0.332	0.460968807457	
0.333	0.459282096773	
0.334	0.457593389596	
0.335	0.455902682764	
0.336	0.454209973161	
0.337	0.452515257716	
0.338	0.450818533406	
0.339	0.44911979725	
0.34	0.447419046315	
0.341	0.445716277712	
0.342	0.444011488597	
0.343	0.442304676172	
0.344	0.440595837681	
0.345	0.438884970414	
0.346	0.437172071705	
0.347	0.435457138931	
0.348	0.433740169514	
0.349	0.432021160919	
0.35	0.430300110653	
0.351	0.428577016269	
0.352	0.426851875361	
0.353	0.425124685566	
0.354	0.423395444564	
0.355	0.421664150077	
0.356	0.41993079987	
0.357	0.41819539175	
0.358	0.416457923566	
0.359	0.414718393208	
0.36	0.412976798609	
0.361	0.411233137742	
0.362	0.409487408622	
0.363	0.407739609306	
0.364	0.405989737891	
0.365	0.404237792515	
0.366	0.402483771357	
0.367	0.400727672635	
0.368	0.398969494611	
0.369	0.397209235582	
0.37	0.395446893891	
0.371	0.393682467916	
0.372	0.391915956078	
0.373	0.390147356836	
0.374	0.388376668689	
0.375	0.386603890175	
0.376	0.384829019872	
0.377	0.383052056397	
0.378	0.381272998405	
0.379	0.379491844592	
0.38	0.377708593689	
0.381	0.37592324447	
0.382	0.374135795744	
0.383	0.37234624636	
0.384	0.370554595205	
0.385	0.368760841204	
0.386	0.366964983319	
0.387	0.36516702055	
0.388	0.363366951938	
0.389	0.361564776556	
0.39	0.359760493518	
0.391	0.357954101976	
0.392	0.356145601116	
0.393	0.354334990164	
0.394	0.352522268381	
0.395	0.350707435067	
0.396	0.348890489556	
0.397	0.347071431221	
0.398	0.345250259471	
0.399	0.343426973751	
0.4	0.341601573541	
0.401	0.339774058359	
0.402	0.33794442776	
0.403	0.336112681332	
0.404	0.334278818701	
0.405	0.332442839528	
0.406	0.33060474351	
0.407	0.32876453038	
0.408	0.326922199905	
0.409	0.325077751888	
0.41	0.323231186168	
0.411	0.321382502619	
0.412	0.319531701149	
0.413	0.317678781701	
0.414	0.315823744255	
0.415	0.313966588823	
0.416	0.312107315453	
0.417	0.310245924228	
0.418	0.308382415264	
0.419	0.306516788713	
0.42	0.30464904476	
0.421	0.302779183626	
0.422	0.300907205563	
0.423	0.29903311086	
0.424	0.297156899838	
0.425	0.295278572853	
0.426	0.293398130295	
0.427	0.291515572585	
0.428	0.289630900182	
0.429	0.287744113574	
0.43	0.285855213286	
0.431	0.283964199873	
0.432	0.282071073927	
0.433	0.280175836069	
0.434	0.278278486956	
0.435	0.276379027278	
0.436	0.274477457755	
0.437	0.272573779143	
0.438	0.27066799223	
0.439	0.268760097835	
0.44	0.266850096811	
0.441	0.264937990044	
0.442	0.263023778451	
0.443	0.261107462982	
0.444	0.259189044619	
0.445	0.257268524376	
0.446	0.2553459033	
0.447	0.25342118247	
0.448	0.251494362996	
0.449	0.24956544602	
0.45	0.247634432716	
0.451	0.24570132429	
0.452	0.24376612198	
0.453	0.241828827054	
0.454	0.239889440813	
0.455	0.237947964589	
0.456	0.236004399746	
0.457	0.234058747677	
0.458	0.232111009809	
0.459	0.230161187599	
0.46	0.228209282534	
0.461	0.226255296135	
0.462	0.22429922995	
0.463	0.22234108556	
0.464	0.220380864578	
0.465	0.218418568646	
0.466	0.216454199436	
0.467	0.214487758652	
0.468	0.212519248028	
0.469	0.21054866933	
0.47	0.208576024351	
0.471	0.206601314918	
0.472	0.204624542886	
0.473	0.202645710141	
0.474	0.200664818598	
0.475	0.198681870204	
0.476	0.196696866935	
0.477	0.194709810796	
0.478	0.192720703824	
0.479	0.190729548084	
0.48	0.188736345672	
0.481	0.186741098713	
0.482	0.184743809361	
0.483	0.182744479801	
0.484	0.180743112246	
0.485	0.17873970894	
0.486	0.176734272156	
0.487	0.174726804196	
0.488	0.17271730739	
0.489	0.170705784099	
0.49	0.168692236713	
0.491	0.166676667651	
0.492	0.16465907936	
0.493	0.162639474317	
0.494	0.160617855027	
0.495	0.158594224025	
0.496	0.156568583875	
0.497	0.154540937168	
0.498	0.152511286524	
0.499	0.150479634594	
0.5	0.148445984055	
0.501	0.146410337614	
0.502	0.144372698004	
0.503	0.14233306799	
0.504	0.140291450364	
0.505	0.138247847944	
0.506	0.136202263579	
0.507	0.134154700145	
0.508	0.132105160547	
0.509	0.130053647717	
0.51	0.128000164616	
0.511	0.125944714231	
0.512	0.12388729958	
0.513	0.121827923706	
0.514	0.119766589682	
0.515	0.117703300607	
0.516	0.115638059609	
0.517	0.113570869842	
0.518	0.111501734489	
0.519	0.109430656761	
0.52	0.107357639894	
0.521	0.105282687155	
0.522	0.103205801835	
0.523	0.101126987255	
0.524	0.0990462467604	
0.525	0.0969635837266	
0.526	0.0948790015546	
0.527	0.092792503673	
0.528	0.0907040935374	
0.529	0.0886137746304	
0.53	0.0865215504615	
0.531	0.0844274245672	
0.532	0.0823314005108	
0.533	0.0802334818825	
0.534	0.0781336722993	
0.535	0.0760319754046	
0.536	0.0739283948687	
0.537	0.0718229343887	
0.538	0.0697155976878	
0.539	0.067606388516	
0.54	0.0654953106499	
0.541	0.0633823678922	
0.542	0.061267564072	
0.543	0.059150903045	
0.544	0.0570323886929	
0.545	0.0549120249237	
0.546	0.0527898156715	
0.547	0.0506657648967	
0.548	0.0485398765856	
0.549	0.0464121547506	
0.55	0.04428260343	
0.551	0.0421512266882	
0.552	0.0400180286153	
0.553	0.0378830133273	
0.554	0.035746184966	
0.555	0.0336075476989	
0.556	0.0314671057193	
0.557	0.029324863246	
0.558	0.0271808245234	
0.559	0.0250349938216	
0.56	0.022887375436	
0.561	0.0207379736876	
0.562	0.0185867929228	
0.563	0.0164338375133	
0.564	0.0142791118562	
0.565	0.0121226203737	
0.566	0.00996436751338	
0.567	0.00780435774796	
0.568	0.00564259557526	
0.569	0.0034790855182	
0.57	0.00131383212473	
0.571	-0.000853160032208	
0.572	-0.00302188635472	
0.573	-0.00519234222002	
0.574	-0.00736452298048	
0.575	-0.00953842396363	
0.576	-0.0117140404723	
0.577	-0.0138913677845	
0.578	-0.0160704011537	
0.579	-0.0182511358087	
0.58	-0.0204335669536	
0.581	-0.0226176897682	
0.582	-0.0248034994075	
0.583	-0.0269909910024	
0.584	-0.0291801596592	
0.585	-0.0313710004598	
0.586	-0.033563508462	
0.587	-0.0357576786991	
0.588	-0.0379535061803	
0.589	-0.0401509858906	
0.59	-0.042350112791	
0.591	-0.0445508818183	
0.592	-0.0467532878851	
0.593	-0.0489573258803	
0.594	-0.0511629906687	
0.595	-0.0533702770912	
0.596	-0.0555791799648	
0.597	-0.0577896940827	
0.598	-0.0600018142145	
0.599	-0.0622155351059	
0.6	-0.0644308514788	
0.601	-0.0666477580318	
0.602	-0.0688662494396	
0.603	-0.0710863203534	
0.604	-0.0733079654011	
0.605	-0.0755311791869	
0.606	-0.0777559562916	
0.607	-0.0799822912728	
0.608	-0.0822101786646	
0.609	-0.0844396129779	
0.61	-0.0866705887003	
0.611	-0.0889031002962	
0.612	-0.0911371422069	
0.613	-0.0933727088506	
0.614	-0.0956097946224	
0.615	-0.0978483938943	
0.616	-0.100088501015	
0.617	-0.102330110312	
0.618	-0.104573216087	
0.619	-0.106817812621	
0.62	-0.109063894172	
0.621	-0.111311454974	
0.622	-0.113560489239	
0.623	-0.115810991158	
0.624	-0.118062954896	
0.625	-0.120316374599	
0.626	-0.122571244387	
0.627	-0.12482755836	
0.628	-0.127085310594	
0.629	-0.129344495144	
0.63	-0.131605106042	
0.631	-0.133867137298	
0.632	-0.136130582898	
0.633	-0.138395436808	
0.634	-0.140661692971	
0.635	-0.142929345306	
0.636	-0.145198387714	
0.637	-0.147468814071	
0.638	-0.14974061823	
0.639	-0.152013794025	
0.64	-0.154288335266	
0.641	-0.156564235742	
0.642	-0.15884148922	
0.643	-0.161120089444	
0.644	-0.163400030139	
0.645	-0.165681305005	
0.646	-0.167963907722	
0.647	-0.170247831949	
0.648	-0.172533071323	
0.649	-0.174819619458	
0.65	-0.177107469948	
0.651	-0.179396616365	
0.652	-0.18168705226	
0.653	-0.183978771163	
0.654	-0.18627176658	
0.655	-0.188566032	
0.656	-0.190861560887	
0.657	-0.193158346686	
0.658	-0.19545638282	
0.659	-0.19775566269	
0.66	-0.200056179679	
0.661	-0.202357927145	
0.662	-0.204660898428	
0.663	-0.206965086845	
0.664	-0.209270485694	
0.665	-0.211577088251	
0.666	-0.213884887771	
0.667	-0.216193877489	
0.668	-0.218504050619	
0.669	-0.220815400354	
0.67	-0.223127919867	
0.671	-0.225441602309	
0.672	-0.227756440812	
0.673	-0.230072428488	
0.674	-0.232389558425	
0.675	-0.234707823696	
0.676	-0.237027217348	
0.677	-0.239347732412	
0.678	-0.241669361897	
0.679	-0.24399209879	
0.68	-0.246315936062	
0.681	-0.24864086666	
0.682	-0.250966883513	
0.683	-0.253293979528	
0.684	-0.255622147595	
0.685	-0.257951380581	
0.686	-0.260281671334	
0.687	-0.262613012683	
0.688	-0.264945397437	
0.689	-0.267278818384	
0.69	-0.269613268293	
0.691	-0.271948739913	
0.692	-0.274285225974	
0.693	-0.276622719185	
0.694	-0.278961212238	
0.695	-0.281300697802	
0.696	-0.283641168529	
0.697	-0.28598261705	
0.698	-0.288325035979	
0.699	-0.290668417908	
0.7	-0.29301275541	
0.701	-0.29535804104	
0.702	-0.297704267333	
0.703	-0.300051426805	
0.704	-0.302399511953	
0.705	-0.304748515255	
0.706	-0.307098429168	
0.707	-0.309449246133	
0.708	-0.311800958569	
0.709	-0.31415355888	
0.71	-0.316507039447	
0.711	-0.318861392634	
0.712	-0.321216610786	
0.713	-0.323572686231	
0.714	-0.325929611274	
0.715	-0.328287378206	
0.716	-0.330645979296	
0.717	-0.333005406797	
0.718	-0.335365652941	
0.719	-0.337726709943	
0.72	-0.34008857	
0.721	-0.342451225288	
0.722	-0.344814667969	
0.723	-0.347178890182	
0.724	-0.349543884051	
0.725	-0.351909641681	
0.726	-0.354276155158	
0.727	-0.356643416549	
0.728	-0.359011417907	
0.729	-0.361380151261	
0.73	-0.363749608628	
0.731	-0.366119782003	
0.732	-0.368490663364	
0.733	-0.370862244672	
0.734	-0.37323451787	
0.735	-0.375607474882	
0.736	-0.377981107615	
0.737	-0.380355407959	
0.738	-0.382730367785	
0.739	-0.385105978949	
0.74	-0.387482233285	
0.741	-0.389859122614	
0.742	-0.392236638737	
0.743	-0.394614773438	
0.744	-0.396993518485	
0.745	-0.399372865626	
0.746	-0.401752806593	
0.747	-0.404133333102	
0.748	-0.406514436851	
0.749	-0.40889610952	
0.75	-0.411278342773	
0.751	-0.413661128255	
0.752	-0.416044457597	
0.753	-0.418428322411	
0.754	-0.420812714293	
0.755	-0.423197624821	
0.756	-0.425583045556	
0.757	-0.427968968045	
0.758	-0.430355383815	
0.759	-0.432742284379	
0.76	-0.43512966123	
0.761	-0.437517505847	
0.762	-0.439905809692	
0.763	-0.442294564211	
0.764	-0.444683760832	
0.765	-0.447073390968	
0.766	-0.449463446014	
0.767	-0.45185391735	
0.768	-0.45424479634	
0.769	-0.456636074331	
0.77	-0.459027742653	
0.771	-0.461419792623	
0.772	-0.463812215537	
0.773	-0.46620500268	
0.774	-0.468598145317	
0.775	-0.470991634699	
0.776	-0.473385462062	
0.777	-0.475779618624	
0.778	-0.478174095588	
0.779	-0.480568884141	
0.78	-0.482963975455	
0.781	-0.485359360687	
0.782	-0.487755030975	
0.783	-0.490150977446	
0.784	-0.492547191207	
0.785	-0.494943663353	
0.786	-0.497340384962	
0.787	-0.499737347097	
0.788	-0.502134540805	
0.789	-0.504531957118	
0.79	-0.506929587053	
0.791	-0.509327421611	
0.792	-0.51172545178	
0.793	-0.51412366853	
0.794	-0.516522062818	
0.795	-0.518920625584	
0.796	-0.521319347756	
0.797	-0.523718220244	
0.798	-0.526117233946	
0.799	-0.528516379742	
0.8	-0.530915648499	
0.801	-0.533315031069	
0.802	-0.53571451829	
0.803	-0.538114100985	
0.804	-0.540513769961	
0.805	-0.542913516012	
0.806	-0.545313329916	
0.807	-0.54771320244	
0.808	-0.550113124332	
0.809	-0.552513086329	
0.81	-0.554913079152	
0.811	-0.557313093507	
0.812	-0.559713120089	
0.813	-0.562113149576	
0.814	-0.564513172632	
0.815	-0.566913179908	
0.816	-0.569313162041	
0.817	-0.571713109653	
0.818	-0.574113013353	
0.819	-0.576512863736	
0.82	-0.578912651382	
0.821	-0.581312366858	
0.822	-0.583712000718	
0.823	-0.586111543502	
0.824	-0.588510985735	
0.825	-0.590910317929	
0.826	-0.593309530585	
0.827	-0.595708614187	
0.828	-0.598107559206	
0.829	-0.600506356102	
0.83	-0.60290499532	
0.831	-0.60530346729	
0.832	-0.607701762433	
0.833	-0.610099871153	
0.834	-0.612497783842	
0.835	-0.614895490879	
0.836	-0.617292982631	
0.837	-0.61969024945	
0.838	-0.622087281676	
0.839	-0.624484069636	
0.84	-0.626880603645	
0.841	-0.629276874004	
0.842	-0.631672871001	
0.843	-0.634068584913	
0.844	-0.636464006002	
0.845	-0.638859124519	
0.846	-0.641253930702	
0.847	-0.643648414777	
0.848	-0.646042566956	
0.849	-0.64843637744	
0.85	-0.650829836417	
0.851	-0.653222934062	
0.852	-0.655615660541	
0.853	-0.658008006003	
0.854	-0.660399960587	
0.855	-0.662791514422	
0.856	-0.665182657621	
0.857	-0.667573380287	
0.858	-0.669963672512	
0.859	-0.672353524374	
0.86	-0.67474292594	
0.861	-0.677131867266	
0.862	-0.679520338395	
0.863	-0.681908329358	
0.864	-0.684295830175	
0.865	-0.686682830856	
0.866	-0.689069321395	
0.867	-0.69145529178	
0.868	-0.693840731983	
0.869	-0.696225631967	
0.87	-0.698609981682	
0.871	-0.700993771068	
0.872	-0.703376990054	
0.873	-0.705759628556	
0.874	-0.70814167648	
0.875	-0.710523123721	
0.876	-0.712903960163	
0.877	-0.715284175677	
0.878	-0.717663760126	
0.879	-0.72004270336	
0.88	-0.722420995219	
0.881	-0.724798625532	
0.882	-0.727175584116	
0.883	-0.72955186078	
0.884	-0.731927445319	
0.885	-0.734302327521	
0.886	-0.73667649716	
0.887	-0.739049944001	
0.888	-0.741422657799	
0.889	-0.743794628298	
0.89	-0.746165845231	
0.891	-0.748536298322	
0.892	-0.750905977284	
0.893	-0.753274871819	
0.894	-0.755642971621	
0.895	-0.758010266371	
0.896	-0.760376745742	
0.897	-0.762742399396	
0.898	-0.765107216987	
0.899	-0.767471188155	
0.9	-0.769834302535	
0.901	-0.772196549748	
0.902	-0.774557919408	
0.903	-0.776918401118	
0.904	-0.779277984472	
0.905	-0.781636659054	
0.906	-0.783994414438	
0.907	-0.786351240189	
0.908	-0.788707125862	
0.909	-0.791062061005	
0.91	-0.793416035153	
0.911	-0.795769037833	
0.912	-0.798121058565	
0.913	-0.800472086857	
0.914	-0.802822112208	
0.915	-0.80517112411	
0.916	-0.807519112045	
0.917	-0.809866065484	
0.918	-0.812211973892	
0.919	-0.814556826723	
0.92	-0.816900613424	
0.921	-0.819243323431	
0.922	-0.821584946174	
0.923	-0.823925471072	
0.924	-0.826264887535	
0.925	-0.828603184967	
0.926	-0.830940352762	
0.927	-0.833276380306	
0.928	-0.835611256974	
0.929	-0.837944972137	
0.93	-0.840277515155	
0.931	-0.84260887538	
0.932	-0.844939042156	
0.933	-0.847268004818	
0.934	-0.849595752695	
0.935	-0.851922275106	
0.936	-0.854247561362	
0.937	-0.856571600769	
0.938	-0.85889438262	
0.939	-0.861215896205	
0.94	-0.863536130804	
0.941	-0.865855075688	
0.942	-0.868172720123	
0.943	-0.870489053366	
0.944	-0.872804064666	
0.945	-0.875117743265	
0.946	-0.877430078398	
0.947	-0.879741059292	
0.948	-0.882050675167	
0.949	-0.884358915235	
0.95	-0.886665768701	
0.951	-0.888971224763	
0.952	-0.891275272612	
0.953	-0.893577901432	
0.954	-0.895879100399	
0.955	-0.898178858683	
0.956	-0.900477165446	
0.957	-0.902774009845	
0.958	-0.905069381028	
0.959	-0.907363268138	
0.96	-0.909655660309	
0.961	-0.911946546671	
0.962	-0.914235916346	
0.963	-0.916523758449	
0.964	-0.91881006209	
0.965	-0.92109481637	
0.966	-0.923378010387	
0.967	-0.925659633229	
0.968	-0.927939673981	
0.969	-0.930218121719	
0.97	-0.932494965515	
0.971	-0.934770194434	
0.972	-0.937043797534	
0.973	-0.939315763868	
0.974	-0.941586082484	
0.975	-0.943854742421	
0.976	-0.946121732715	
0.977	-0.948387042394	
0.978	-0.950650660484	
0.979	-0.952912576	
0.98	-0.955172777956	
0.981	-0.957431255357	
0.982	-0.959687997204	
0.983	-0.961942992493	
0.984	-0.964196230214	
0.985	-0.966447699352	
0.986	-0.968697388885	
0.987	-0.970945287787	
0.988	-0.973191385027	
0.989	-0.975435669569	
0.99	-0.977678130372	
0.991	-0.979918756387	
0.992	-0.982157536565	
0.993	-0.984394459847	
0.994	-0.986629515173	
0.995	-0.988862691477	
0.996	-0.991093977687	
0.997	-0.993323362727	
0.998	-0.995550835517	
0.999	-0.997776384971	
1.0	-1.0	
