0.0	2.0	
0.001	1.96831556548	
0.002	1.95511917739	
0.003	1.94494960879	
0.004	1.93634160398	
0.005	1.92872839225	
0.006	1.92181966717	
0.007	1.91544318162	
0.008	1.90948683832	
0.009	1.903872863	
0.01	1.89854469206	
0.011	1.89345967148	
0.012	1.88858469928	
0.013	1.88389347936	
0.014	1.87936471353	
0.015	1.87498086741	
0.016	1.87072730227	
0.017	1.86659164829	
0.018	1.86256334206	
0.019	1.85863327849	
0.02	1.85479354445	
0.021	1.8510372118	
0.022	1.84735817438	
0.023	1.84375101813	
0.024	1.8402109164	
0.025	1.83673354476	
0.026	1.83331501103	
0.027	1.82995179739	
0.028	1.82664071204	
0.029	1.82337884857	
0.03	1.82016355168	
0.031	1.81699238793	
0.032	1.8138631208	
0.033	1.81077368914	
0.034	1.80772218863	
0.035	1.80470685569	
0.036	1.80172605338	
0.037	1.7987782591	
0.038	1.79586205382	
0.039	1.79297611248	
0.04	1.79011919561	
0.041	1.78729014183	
0.042	1.78448786114	
0.043	1.781711329	
0.044	1.77895958101	
0.045	1.77623170806	
0.046	1.77352685208	
0.047	1.77084420214	
0.048	1.76818299089	
0.049	1.76554249142	
0.05	1.76292201434	
0.051	1.76032090516	
0.052	1.75773854187	
0.053	1.75517433276	
0.054	1.7526277144	
0.055	1.75009814982	
0.056	1.74758512679	
0.057	1.74508815629	
0.058	1.74260677108	
0.059	1.74014052434	
0.06	1.73768898852	
0.061	1.73525175414	
0.062	1.73282842881	
0.063	1.73041863619	
0.064	1.72802201518	
0.065	1.72563821899	
0.066	1.72326691444	
0.067	1.72090778119	
0.068	1.71856051107	
0.069	1.71622480747	
0.07	1.71390038472	
0.071	1.71158696757	
0.072	1.70928429065	
0.073	1.70699209798	
0.074	1.70471014256	
0.075	1.70243818588	
0.076	1.70017599757	
0.077	1.69792335499	
0.078	1.69568004291	
0.079	1.69344585313	
0.08	1.6912205842	
0.081	1.68900404111	
0.082	1.68679603501	
0.083	1.68459638295	
0.084	1.68240490762	
0.085	1.68022143712	
0.086	1.67804580471	
0.087	1.67587784865	
0.088	1.67371741195	
0.089	1.6715643422	
0.09	1.66941849137	
0.091	1.66727971567	
0.092	1.66514787535	
0.093	1.66302283457	
0.094	1.66090446124	
0.095	1.65879262687	
0.096	1.65668720646	
0.097	1.65458807836	
0.098	1.65249512411	
0.099	1.65040822841	
0.1	1.64832727893	
0.101	1.64625216622	
0.102	1.64418278364	
0.103	1.64211902724	
0.104	1.64006079566	
0.105	1.63800799005	
0.106	1.635960514	
0.107	1.63391827344	
0.108	1.63188117656	
0.109	1.62984913375	
0.11	1.62782205752	
0.111	1.62579986243	
0.112	1.62378246503	
0.113	1.62176978379	
0.114	1.61976173906	
0.115	1.61775825297	
0.116	1.61575924941	
0.117	1.61376465398	
0.118	1.61177439391	
0.119	1.60978839803	
0.12	1.60780659671	
0.121	1.60582892183	
0.122	1.60385530673	
0.123	1.60188568616	
0.124	1.59991999624	
0.125	1.59795817444	
0.126	1.59600015949	
0.127	1.59404589143	
0.128	1.5920953115	
0.129	1.59014836211	
0.13	1.58820498687	
0.131	1.58626513048	
0.132	1.58432873876	
0.133	1.58239575858	
0.134	1.58046613786	
0.135	1.57853982551	
0.136	1.57661677144	
0.137	1.57469692652	
0.138	1.57278024254	
0.139	1.5708666722	
0.14	1.56895616909	
0.141	1.56704868766	
0.142	1.56514418321	
0.143	1.56324261183	
0.144	1.56134393045	
0.145	1.55944809675	
0.146	1.55755506917	
0.147	1.55566480691	
0.148	1.55377726989	
0.149	1.55189241871	
0.15	1.55001021469	
0.151	1.5481306198	
0.152	1.5462535967	
0.153	1.54437910864	
0.154	1.54250711954	
0.155	1.54063759391	
0.156	1.53877049687	
0.157	1.53690579411	
0.158	1.5350434519	
0.159	1.53318343707	
0.16	1.53132571699	
0.161	1.52947025956	
0.162	1.5276170332	
0.163	1.52576600686	
0.164	1.52391714995	
0.165	1.52207043241	
0.166	1.52022582462	
0.167	1.51838329746	
0.168	1.51654282223	
0.169	1.51470437072	
0.17	1.51286791511	
0.171	1.51103342805	
0.172	1.50920088258	
0.173	1.50737025217	
0.174	1.50554151068	
0.175	1.50371463236	
0.176	1.50188959186	
0.177	1.5000663642	
0.178	1.49824492477	
0.179	1.49642524932	
0.18	1.49460731397	
0.181	1.49279109516	
0.182	1.49097656969	
0.183	1.4891637147	
0.184	1.48735250764	
0.185	1.48554292631	
0.186	1.48373494878	
0.187	1.48192855348	
0.188	1.48012371911	
0.189	1.47832042468	
0.19	1.47651864949	
0.191	1.47471837312	
0.192	1.47291957543	
0.193	1.47112223658	
0.194	1.46932633697	
0.195	1.46753185728	
0.196	1.46573877844	
0.197	1.46394708167	
0.198	1.46215674839	
0.199	1.4603677603	
0.2	1.45858009933	
0.201	1.45679374766	
0.202	1.4550086877	
0.203	1.45322490207	
0.204	1.45144237363	
0.205	1.44966108548	
0.206	1.4478810209	
0.207	1.44610216341	
0.208	1.44432449673	
0.209	1.44254800479	
0.21	1.44077267172	
0.211	1.43899848185	
0.212	1.4372254197	
0.213	1.43545347	
0.214	1.43368261765	
0.215	1.43191284774	
0.216	1.43014414556	
0.217	1.42837649655	
0.218	1.42660988635	
0.219	1.42484430077	
0.22	1.42307972579	
0.221	1.42131614754	
0.222	1.41955355235	
0.223	1.41779192668	
0.224	1.41603125718	
0.225	1.41427153062	
0.226	1.41251273397	
0.227	1.41075485432	
0.228	1.40899787891	
0.229	1.40724179515	
0.23	1.40548659058	
0.231	1.40373225288	
0.232	1.40197876988	
0.233	1.40022612955	
0.234	1.39847431998	
0.235	1.39672332942	
0.236	1.39497314623	
0.237	1.39322375891	
0.238	1.39147515608	
0.239	1.38972732651	
0.24	1.38798025906	
0.241	1.38623394274	
0.242	1.38448836667	
0.243	1.38274352008	
0.244	1.38099939234	
0.245	1.37925597292	
0.246	1.3775132514	
0.247	1.37577121748	
0.248	1.37402986097	
0.249	1.37228917179	
0.25	1.37054913995	
0.251	1.3688097556	
0.252	1.36707100895	
0.253	1.36533289036	
0.254	1.36359539025	
0.255	1.36185849916	
0.256	1.36012220773	
0.257	1.35838650669	
0.258	1.35665138686	
0.259	1.35491683917	
0.26	1.35318285464	
0.261	1.35144942436	
0.262	1.34971653953	
0.263	1.34798419144	
0.264	1.34625237146	
0.265	1.34452107106	
0.266	1.34279028176	
0.267	1.3410599952	
0.268	1.3393302031	
0.269	1.33760089725	
0.27	1.33587206951	
0.271	1.33414371185	
0.272	1.33241581629	
0.273	1.33068837495	
0.274	1.32896138002	
0.275	1.32723482374	
0.276	1.32550869847	
0.277	1.32378299661	
0.278	1.32205771063	
0.279	1.32033283311	
0.28	1.31860835665	
0.281	1.31688427396	
0.282	1.3151605778	
0.283	1.313437261	
0.284	1.31171431645	
0.285	1.30999173713	
0.286	1.30826951605	
0.287	1.30654764632	
0.288	1.3048261211	
0.289	1.30310493359	
0.29	1.30138407709	
0.291	1.29966354494	
0.292	1.29794333055	
0.293	1.29622342737	
0.294	1.29450382894	
0.295	1.29278452883	
0.296	1.29106552068	
0.297	1.28934679819	
0.298	1.28762835511	
0.299	1.28591018525	
0.3	1.28419228246	
0.301	1.28247464068	
0.302	1.28075725386	
0.303	1.27904011602	
0.304	1.27732322126	
0.305	1.27560656368	
0.306	1.27389013747	
0.307	1.27217393685	
0.308	1.27045795611	
0.309	1.26874218956	
0.31	1.26702663159	
0.311	1.26531127661	
0.312	1.2635961191	
0.313	1.26188115357	
0.314	1.26016637458	
0.315	1.25845177675	
0.316	1.25673735473	
0.317	1.25502310322	
0.318	1.25330901696	
0.319	1.25159509073	
0.32	1.24988131937	
0.321	1.24816769775	
0.322	1.24645422079	
0.323	1.24474088343	
0.324	1.24302768068	
0.325	1.24131460757	
0.326	1.23960165919	
0.327	1.23788883065	
0.328	1.23617611711	
0.329	1.23446351377	
0.33	1.23275101585	
0.331	1.23103861864	
0.332	1.22932631744	
0.333	1.2276141076	
0.334	1.22590198451	
0.335	1.22418994358	
0.336	1.22247798028	
0.337	1.22076609009	
0.338	1.21905426855	
0.339	1.21734251122	
0.34	1.21563081368	
0.341	1.21391917158	
0.342	1.21220758058	
0.343	1.21049603638	
0.344	1.2087845347	
0.345	1.20707307131	
0.346	1.20536164201	
0.347	1.20365024263	
0.348	1.20193886902	
0.349	1.20022751707	
0.35	1.19851618271	
0.351	1.19680486189	
0.352	1.19509355059	
0.353	1.19338224482	
0.354	1.19167094062	
0.355	1.18995963407	
0.356	1.18824832126	
0.357	1.18653699833	
0.358	1.18482566143	
0.359	1.18311430675	
0.36	1.1814029305	
0.361	1.17969152892	
0.362	1.17798009828	
0.363	1.17626863487	
0.364	1.17455713502	
0.365	1.17284559507	
0.366	1.1711340114	
0.367	1.1694223804	
0.368	1.16771069851	
0.369	1.16599896218	
0.37	1.16428716787	
0.371	1.1625753121	
0.372	1.16086339139	
0.373	1.15915140228	
0.374	1.15743934135	
0.375	1.15572720521	
0.376	1.15401499046	
0.377	1.15230269376	
0.378	1.15059031178	
0.379	1.1488778412	
0.38	1.14716527874	
0.381	1.14545262114	
0.382	1.14373986515	
0.383	1.14202700756	
0.384	1.14031404516	
0.385	1.13860097479	
0.386	1.13688779328	
0.387	1.13517449751	
0.388	1.13346108436	
0.389	1.13174755075	
0.39	1.13003389359	
0.391	1.12832010984	
0.392	1.12660619647	
0.393	1.12489215047	
0.394	1.12317796885	
0.395	1.12146364863	
0.396	1.11974918688	
0.397	1.11803458064	
0.398	1.11631982702	
0.399	1.11460492312	
0.4	1.11288986606	
0.401	1.11117465299	
0.402	1.10945928106	
0.403	1.10774374746	
0.404	1.10602804939	
0.405	1.10431218406	
0.406	1.1025961487	
0.407	1.10087994056	
0.408	1.09916355692	
0.409	1.09744699506	
0.41	1.09573025229	
0.411	1.09401332591	
0.412	1.09229621327	
0.413	1.09057891172	
0.414	1.08886141863	
0.415	1.08714373139	
0.416	1.08542584739	
0.417	1.08370776406	
0.418	1.08198947883	
0.419	1.08027098914	
0.42	1.07855229247	
0.421	1.07683338629	
0.422	1.0751142681	
0.423	1.07339493541	
0.424	1.07167538574	
0.425	1.06995561664	
0.426	1.06823562566	
0.427	1.06651541037	
0.428	1.06479496835	
0.429	1.06307429721	
0.43	1.06135339456	
0.431	1.05963225802	
0.432	1.05791088523	
0.433	1.05618927386	
0.434	1.05446742157	
0.435	1.05274532604	
0.436	1.05102298496	
0.437	1.04930039605	
0.438	1.04757755703	
0.439	1.04585446564	
0.44	1.04413111962	
0.441	1.04240751674	
0.442	1.04068365476	
0.443	1.03895953148	
0.444	1.0372351447	
0.445	1.03551049223	
0.446	1.03378557189	
0.447	1.03206038152	
0.448	1.03033491898	
0.449	1.02860918211	
0.45	1.02688316879	
0.451	1.02515687692	
0.452	1.02343030438	
0.453	1.02170344908	
0.454	1.01997630894	
0.455	1.01824888191	
0.456	1.01652116591	
0.457	1.0147931589	
0.458	1.01306485884	
0.459	1.01133626373	
0.46	1.00960737153	
0.461	1.00787818025	
0.462	1.0061486879	
0.463	1.00441889249	
0.464	1.00268879207	
0.465	1.00095838466	
0.466	0.999227668321	
0.467	0.997496641116	
0.468	0.995765301114	
0.469	0.994033646399	
0.47	0.992301675062	
0.471	0.990569385206	
0.472	0.988836774943	
0.473	0.987103842395	
0.474	0.985370585695	
0.475	0.983637002984	
0.476	0.981903092413	
0.477	0.980168852144	
0.478	0.978434280347	
0.479	0.976699375201	
0.48	0.974964134895	
0.481	0.973228557629	
0.482	0.971492641609	
0.483	0.969756385052	
0.484	0.968019786185	
0.485	0.96628284324	
0.486	0.964545554463	
0.487	0.962807918104	
0.488	0.961069932427	
0.489	0.959331595699	
0.49	0.9575929062	
0.491	0.955853862216	
0.492	0.954114462043	
0.493	0.952374703984	
0.494	0.950634586352	
0.495	0.948894107467	
0.496	0.947153265658	
0.497	0.945412059261	
0.498	0.943670486622	
0.499	0.941928546092	
0.5	0.940186236033	
0.501	0.938443554814	
0.502	0.936700500811	
0.503	0.934957072408	
0.504	0.933213267998	
0.505	0.931469085979	
0.506	0.92972452476	
0.507	0.927979582755	
0.508	0.926234258386	
0.509	0.924488550083	
0.51	0.922742456283	
0.511	0.92099597543	
0.512	0.919249105976	
0.513	0.91750184638	
0.514	0.915754195107	
0.515	0.91400615063	
0.516	0.912257711431	
0.517	0.910508875994	
0.518	0.908759642816	
0.519	0.907010010395	
0.52	0.905259977241	
0.521	0.903509541866	
0.522	0.901758702793	
0.523	0.900007458549	
0.524	0.898255807668	
0.525	0.896503748692	
0.526	0.894751280167	
0.527	0.892998400648	
0.528	0.891245108695	
0.529	0.889491402875	
0.53	0.887737281761	
0.531	0.885982743931	
0.532	0.884227787972	
0.533	0.882472412476	
0.534	0.880716616039	
0.535	0.878960397266	
0.536	0.877203754768	
0.537	0.875446687159	
0.538	0.873689193062	
0.539	0.871931271105	
0.54	0.870172919922	
0.541	0.868414138151	
0.542	0.866654924438	
0.543	0.864895277435	
0.544	0.863135195798	
0.545	0.86137467819	
0.546	0.859613723278	
0.547	0.857852329736	
0.548	0.856090496243	
0.549	0.854328221485	
0.55	0.85256550415	
0.551	0.850802342935	
0.552	0.84903873654	
0.553	0.847274683671	
0.554	0.84551018304	
0.555	0.843745233365	
0.556	0.841979833365	
0.557	0.84021398177	
0.558	0.838447677311	
0.559	0.836680918725	
0.56	0.834913704756	
0.561	0.83314603415	
0.562	0.831377905659	
0.563	0.829609318043	
0.564	0.827840270062	
0.565	0.826070760484	
0.566	0.824300788082	
0.567	0.822530351632	
0.568	0.820759449916	
0.569	0.81898808172	
0.57	0.817216245836	
0.571	0.81544394106	
0.572	0.813671166191	
0.573	0.811897920036	
0.574	0.810124201404	
0.575	0.80835000911	
0.576	0.806575341972	
0.577	0.804800198813	
0.578	0.803024578461	
0.579	0.80124847975	
0.58	0.799471901514	
0.581	0.797694842595	
0.582	0.795917301839	
0.583	0.794139278095	
0.584	0.792360770216	
0.585	0.790581777062	
0.586	0.788802297494	
0.587	0.787022330379	
0.588	0.785241874587	
0.589	0.783460928994	
0.59	0.781679492478	
0.591	0.779897563922	
0.592	0.778115142213	
0.593	0.776332226242	
0.594	0.774548814905	
0.595	0.7727649071	
0.596	0.77098050173	
0.597	0.769195597701	
0.598	0.767410193925	
0.599	0.765624289316	
0.6	0.763837882793	
0.601	0.762050973277	
0.602	0.760263559694	
0.603	0.758475640974	
0.604	0.75668721605	
0.605	0.75489828386	
0.606	0.753108843343	
0.607	0.751318893445	
0.608	0.749528433114	
0.609	0.7477374613	
0.61	0.745945976959	
0.611	0.74415397905	
0.612	0.742361466535	
0.613	0.740568438379	
0.614	0.738774893552	
0.615	0.736980831026	
0.616	0.735186249777	
0.617	0.733391148785	
0.618	0.731595527033	
0.619	0.729799383506	
0.62	0.728002717193	
0.621	0.726205527089	
0.622	0.724407812189	
0.623	0.722609571491	
0.624	0.720810804	
0.625	0.719011508719	
0.626	0.71721168466	
0.627	0.715411330832	
0.628	0.713610446253	
0.629	0.71180902994	
0.63	0.710007080915	
0.631	0.708204598202	
0.632	0.706401580829	
0.633	0.704598027828	
0.634	0.702793938231	
0.635	0.700989311075	
0.636	0.699184145401	
0.637	0.69737844025	
0.638	0.695572194669	
0.639	0.693765407707	
0.64	0.691958078414	
0.641	0.690150205845	
0.642	0.688341789058	
0.643	0.686532827112	
0.644	0.684723319071	
0.645	0.682913264	
0.646	0.681102660967	
0.647	0.679291509045	
0.648	0.677479807307	
0.649	0.675667554829	
0.65	0.673854750693	
0.651	0.672041393979	
0.652	0.670227483772	
0.653	0.668413019161	
0.654	0.666597999236	
0.655	0.664782423088	
0.656	0.662966289815	
0.657	0.661149598513	
0.658	0.659332348283	
0.659	0.657514538229	
0.66	0.655696167457	
0.661	0.653877235074	
0.662	0.652057740191	
0.663	0.650237681922	
0.664	0.648417059382	
0.665	0.64659587169	
0.666	0.644774117966	
0.667	0.642951797333	
0.668	0.641128908917	
0.669	0.639305451845	
0.67	0.637481425248	
0.671	0.635656828258	
0.672	0.633831660011	
0.673	0.632005919643	
0.674	0.630179606294	
0.675	0.628352719106	
0.676	0.626525257224	
0.677	0.624697219793	
0.678	0.622868605962	
0.679	0.621039414882	
0.68	0.619209645707	
0.681	0.617379297592	
0.682	0.615548369694	
0.683	0.613716861173	
0.684	0.611884771191	
0.685	0.610052098912	
0.686	0.608218843503	
0.687	0.606385004131	
0.688	0.604550579967	
0.689	0.602715570183	
0.69	0.600879973955	
0.691	0.599043790458	
0.692	0.597207018872	
0.693	0.595369658377	
0.694	0.593531708156	
0.695	0.591693167395	
0.696	0.589854035278	
0.697	0.588014310997	
0.698	0.58617399374	
0.699	0.584333082702	
0.7	0.582491577076	
0.701	0.58064947606	
0.702	0.578806778851	
0.703	0.576963484651	
0.704	0.575119592661	
0.705	0.573275102086	
0.706	0.571430012132	
0.707	0.569584322007	
0.708	0.567738030921	
0.709	0.565891138085	
0.71	0.564043642713	
0.711	0.562195544019	
0.712	0.560346841222	
0.713	0.55849753354	
0.714	0.556647620193	
0.715	0.554797100404	
0.716	0.552945973398	
0.717	0.551094238399	
0.718	0.549241894636	
0.719	0.547388941338	
0.72	0.545535377736	
0.721	0.543681203063	
0.722	0.541826416553	
0.723	0.539971017441	
0.724	0.538115004967	
0.725	0.536258378369	
0.726	0.534401136888	
0.727	0.532543279768	
0.728	0.530684806251	
0.729	0.528825715585	
0.73	0.526966007016	
0.731	0.525105679794	
0.732	0.523244733169	
0.733	0.521383166393	
0.734	0.519520978721	
0.735	0.517658169407	
0.736	0.515794737708	
0.737	0.513930682883	
0.738	0.512066004192	
0.739	0.510200700895	
0.74	0.508334772256	
0.741	0.506468217539	
0.742	0.504601036009	
0.743	0.502733226935	
0.744	0.500864789584	
0.745	0.498995723227	
0.746	0.497126027136	
0.747	0.495255700583	
0.748	0.493384742843	
0.749	0.491513153192	
0.75	0.489640930907	
0.751	0.487768075266	
0.752	0.48589458555	
0.753	0.48402046104	
0.754	0.482145701018	
0.755	0.480270304768	
0.756	0.478394271577	
0.757	0.476517600731	
0.758	0.474640291517	
0.759	0.472762343225	
0.76	0.470883755146	
0.761	0.469004526572	
0.762	0.467124656795	
0.763	0.465244145111	
0.764	0.463362990815	
0.765	0.461481193204	
0.766	0.459598751577	
0.767	0.457715665233	
0.768	0.455831933473	
0.769	0.453947555598	
0.77	0.452062530912	
0.771	0.45017685872	
0.772	0.448290538327	
0.773	0.446403569039	
0.774	0.444515950165	
0.775	0.442627681014	
0.776	0.440738760897	
0.777	0.438849189124	
0.778	0.436958965008	
0.779	0.435068087863	
0.78	0.433176557005	
0.781	0.431284371748	
0.782	0.429391531411	
0.783	0.427498035311	
0.784	0.425603882769	
0.785	0.423709073103	
0.786	0.421813605636	
0.787	0.419917479691	
0.788	0.418020694591	
0.789	0.416123249661	
0.79	0.414225144227	
0.791	0.412326377616	
0.792	0.410426949156	
0.793	0.408526858175	
0.794	0.406626104003	
0.795	0.404724685973	
0.796	0.402822603415	
0.797	0.400919855662	
0.798	0.39901644205	
0.799	0.397112361912	
0.8	0.395207614585	
0.801	0.393302199406	
0.802	0.391396115713	
0.803	0.389489362844	
0.804	0.38758194014	
0.805	0.385673846942	
0.806	0.38376508259	
0.807	0.381855646429	
0.808	0.379945537801	
0.809	0.378034756052	
0.81	0.376123300526	
0.811	0.37421117057	
0.812	0.372298365531	
0.813	0.370384884759	
0.814	0.3684707276	
0.815	0.366555893407	
0.816	0.364640381529	
0.817	0.362724191318	
0.818	0.360807322127	
0.819	0.35888977331	
0.82	0.35697154422	
0.821	0.355052634213	
0.822	0.353133042644	
0.823	0.351212768871	
0.824	0.349291812252	
0.825	0.347370172144	
0.826	0.345447847907	
0.827	0.343524838901	
0.828	0.341601144487	
0.829	0.339676764027	
0.83	0.337751696883	
0.831	0.335825942418	
0.832	0.333899499997	
0.833	0.331972368984	
0.834	0.330044548746	
0.835	0.328116038647	
0.836	0.326186838056	
0.837	0.32425694634	
0.838	0.322326362867	
0.839	0.320395087008	
0.84	0.318463118132	
0.841	0.31653045561	
0.842	0.314597098814	
0.843	0.312663047115	
0.844	0.310728299887	
0.845	0.308792856503	
0.846	0.306856716338	
0.847	0.304919878767	
0.848	0.302982343165	
0.849	0.301044108909	
0.85	0.299105175376	
0.851	0.297165541943	
0.852	0.29522520799	
0.853	0.293284172895	
0.854	0.291342436037	
0.855	0.289399996798	
0.856	0.287456854558	
0.857	0.2855130087	
0.858	0.283568458604	
0.859	0.281623203655	
0.86	0.279677243235	
0.861	0.27773057673	
0.862	0.275783203523	
0.863	0.273835123	
0.864	0.271886334547	
0.865	0.269936837551	
0.866	0.267986631399	
0.867	0.266035715479	
0.868	0.264084089178	
0.869	0.262131751887	
0.87	0.260178702994	
0.871	0.25822494189	
0.872	0.256270467965	
0.873	0.25431528061	
0.874	0.252359379218	
0.875	0.25040276318	
0.876	0.24844543189	
0.877	0.24648738474	
0.878	0.244528621125	
0.879	0.242569140439	
0.88	0.240608942077	
0.881	0.238648025435	
0.882	0.236686389909	
0.883	0.234724034894	
0.884	0.232760959789	
0.885	0.230797163991	
0.886	0.228832646898	
0.887	0.226867407908	
0.888	0.22490144642	
0.889	0.222934761835	
0.89	0.220967353551	
0.891	0.218999220969	
0.892	0.217030363491	
0.893	0.215060780518	
0.894	0.213090471451	
0.895	0.211119435693	
0.896	0.209147672647	
0.897	0.207175181716	
0.898	0.205201962303	
0.899	0.203228013813	
0.9	0.20125333565	
0.901	0.19927792722	
0.902	0.197301787927	
0.903	0.195324917178	
0.904	0.193347314378	
0.905	0.191368978935	
0.906	0.189389910255	
0.907	0.187410107747	
0.908	0.185429570817	
0.909	0.183448298874	
0.91	0.181466291327	
0.911	0.179483547586	
0.912	0.177500067058	
0.913	0.175515849155	
0.914	0.173530893286	
0.915	0.171545198863	
0.916	0.169558765295	
0.917	0.167571591995	
0.918	0.165583678374	
0.919	0.163595023844	
0.92	0.161605627818	
0.921	0.159615489708	
0.922	0.157624608927	
0.923	0.15563298489	
0.924	0.153640617009	
0.925	0.151647504699	
0.926	0.149653647374	
0.927	0.14765904445	
0.928	0.14566369534	
0.929	0.143667599462	
0.93	0.14167075623	
0.931	0.13967316506	
0.932	0.137674825369	
0.933	0.135675736574	
0.934	0.133675898091	
0.935	0.131675309338	
0.936	0.129673969733	
0.937	0.127671878693	
0.938	0.125669035636	
0.939	0.123665439981	
0.94	0.121661091147	
0.941	0.119655988553	
0.942	0.117650131617	
0.943	0.11564351976	
0.944	0.113636152401	
0.945	0.111628028961	
0.946	0.109619148859	
0.947	0.107609511517	
0.948	0.105599116354	
0.949	0.103587962793	
0.95	0.101576050254	
0.951	0.0995633781599	
0.952	0.0975499459313	
0.953	0.0955357529908	
0.954	0.0935207987605	
0.955	0.0915050826631	
0.956	0.0894886041211	
0.957	0.0874713625577	
0.958	0.0854533573959	
0.959	0.0834345880593	
0.96	0.0814150539712	
0.961	0.0793947545557	
0.962	0.0773736892367	
0.963	0.0753518574384	
0.964	0.0733292585853	
0.965	0.0713058921019	
0.966	0.0692817574131	
0.967	0.0672568539439	
0.968	0.0652311811194	
0.969	0.063204738365	
0.97	0.0611775251063	
0.971	0.059149540769	
0.972	0.0571207847789	
0.973	0.0550912565622	
0.974	0.053060955545	
0.975	0.0510298811538	
0.976	0.0489980328151	
0.977	0.0469654099557	
0.978	0.0449320120023	
0.979	0.0428978383821	
0.98	0.0408628885221	
0.981	0.0388271618497	
0.982	0.0367906577924	
0.983	0.0347533757777	
0.984	0.0327153152333	
0.985	0.0306764755872	
0.986	0.0286368562673	
0.987	0.0265964567017	
0.988	0.0245552763187	
0.989	0.0225133145466	
0.99	0.0204705708139	
0.991	0.0184270445493	
0.992	0.0163827351814	
0.993	0.014337642139	
0.994	0.0122917648511	
0.995	0.0102451027467	
0.996	0.00819765525492	
0.997	0.00614942180499	
0.998	0.00410040182624	
0.999	0.00205059474807	
1.0	0.0	
