0.0	2.0	
0.001	1.96822709152	
0.002	1.95492096813	
0.003	1.94463323454	
0.004	1.93590172699	
0.005	1.92816118145	
0.006	1.92112218951	
0.007	1.91461310086	
0.008	1.90852224316	
0.009	1.90277215984	
0.01	1.89730653337	
0.011	1.89208290573	
0.012	1.88706833449	
0.013	1.88223665583	
0.014	1.8775666828	
0.015	1.87304097586	
0.016	1.8686449779	
0.017	1.86436639012	
0.018	1.86019471133	
0.019	1.85612089136	
0.02	1.85213706593	
0.021	1.8482363505	
0.022	1.84441267812	
0.023	1.84066067012	
0.024	1.8369755319	
0.025	1.83335296822	
0.026	1.82978911356	
0.027	1.82628047451	
0.028	1.82282388169	
0.029	1.81941644941	
0.03	1.81605554147	
0.031	1.81273874214	
0.032	1.80946383131	
0.033	1.80622876314	
0.034	1.80303164758	
0.035	1.79987073434	
0.036	1.79674439895	
0.037	1.79365113049	
0.038	1.79058952088	
0.039	1.78755825537	
0.04	1.7845561042	
0.041	1.7815819151	
0.042	1.77863460673	
0.043	1.77571316271	
0.044	1.77281662633	
0.045	1.7699440958	
0.046	1.76709472	
0.047	1.76426769454	
0.048	1.76146225834	
0.049	1.75867769042	
0.05	1.75591330706	
0.051	1.75316845914	
0.052	1.75044252978	
0.053	1.74773493219	
0.054	1.7450451076	
0.055	1.7423725235	
0.056	1.73971667195	
0.057	1.73707706801	
0.058	1.73445324834	
0.059	1.73184476989	
0.06	1.72925120869	
0.061	1.7266721587	
0.062	1.72410723084	
0.063	1.72155605196	
0.064	1.71901826399	
0.065	1.71649352309	
0.066	1.71398149887	
0.067	1.71148187373	
0.068	1.70899434209	
0.069	1.70651860987	
0.07	1.70405439381	
0.071	1.70160142099	
0.072	1.6991594283	
0.073	1.69672816194	
0.074	1.69430737698	
0.075	1.69189683695	
0.076	1.68949631341	
0.077	1.68710558564	
0.078	1.68472444019	
0.079	1.68235267066	
0.08	1.67999007728	
0.081	1.67763646669	
0.082	1.67529165165	
0.083	1.67295545074	
0.084	1.67062768814	
0.085	1.66830819339	
0.086	1.66599680118	
0.087	1.66369335111	
0.088	1.66139768751	
0.089	1.65910965923	
0.09	1.6568291195	
0.091	1.65455592572	
0.092	1.65228993931	
0.093	1.65003102556	
0.094	1.64777905347	
0.095	1.64553389563	
0.096	1.64329542805	
0.097	1.64106353011	
0.098	1.63883808432	
0.099	1.63661897632	
0.1	1.63440609471	
0.101	1.63219933094	
0.102	1.62999857924	
0.103	1.62780373651	
0.104	1.6256147022	
0.105	1.62343137829	
0.106	1.62125366914	
0.107	1.61908148143	
0.108	1.6169147241	
0.109	1.61475330826	
0.11	1.61259714712	
0.111	1.61044615593	
0.112	1.6083002519	
0.113	1.60615935416	
0.114	1.60402338368	
0.115	1.60189226321	
0.116	1.59976591726	
0.117	1.59764427198	
0.118	1.5955272552	
0.119	1.5934147963	
0.12	1.5913068262	
0.121	1.5892032773	
0.122	1.58710408346	
0.123	1.58500917994	
0.124	1.58291850335	
0.125	1.58083199164	
0.126	1.57874958402	
0.127	1.57667122098	
0.128	1.5745968442	
0.129	1.57252639655	
0.13	1.57045982205	
0.131	1.56839706583	
0.132	1.56633807411	
0.133	1.56428279415	
0.134	1.56223117428	
0.135	1.56018316378	
0.136	1.55813871294	
0.137	1.55609777298	
0.138	1.55406029606	
0.139	1.55202623522	
0.14	1.5499955444	
0.141	1.54796817838	
0.142	1.54594409277	
0.143	1.54392324401	
0.144	1.54190558931	
0.145	1.53989108668	
0.146	1.53787969485	
0.147	1.53587137331	
0.148	1.53386608227	
0.149	1.53186378261	
0.15	1.52986443592	
0.151	1.52786800446	
0.152	1.52587445111	
0.153	1.52388373943	
0.154	1.52189583356	
0.155	1.51991069827	
0.156	1.51792829891	
0.157	1.51594860143	
0.158	1.51397157232	
0.159	1.51199717863	
0.16	1.51002538797	
0.161	1.50805616845	
0.162	1.50608948871	
0.163	1.50412531791	
0.164	1.50216362567	
0.165	1.50020438213	
0.166	1.49824755787	
0.167	1.49629312396	
0.168	1.49434105191	
0.169	1.49239131367	
0.17	1.49044388164	
0.171	1.48849872862	
0.172	1.48655582785	
0.173	1.48461515296	
0.174	1.48267667798	
0.175	1.48074037735	
0.176	1.47880622587	
0.177	1.47687419873	
0.178	1.47494427146	
0.179	1.47301641999	
0.18	1.47109062058	
0.181	1.46916684983	
0.182	1.46724508469	
0.183	1.46532530244	
0.184	1.46340748069	
0.185	1.46149159734	
0.186	1.45957763066	
0.187	1.45766555916	
0.188	1.45575536171	
0.189	1.45384701744	
0.19	1.45194050577	
0.191	1.45003580642	
0.192	1.44813289939	
0.193	1.44623176494	
0.194	1.4443323836	
0.195	1.44243473618	
0.196	1.44053880372	
0.197	1.43864456754	
0.198	1.4367520092	
0.199	1.4348611105	
0.2	1.4329718535	
0.201	1.43108422046	
0.202	1.42919819391	
0.203	1.42731375658	
0.204	1.42543089144	
0.205	1.42354958168	
0.206	1.42166981069	
0.207	1.41979156209	
0.208	1.41791481969	
0.209	1.41603956753	
0.21	1.41416578983	
0.211	1.41229347101	
0.212	1.4104225957	
0.213	1.4085531487	
0.214	1.40668511502	
0.215	1.40481847983	
0.216	1.40295322851	
0.217	1.40108934659	
0.218	1.39922681979	
0.219	1.39736563402	
0.22	1.39550577532	
0.221	1.39364722993	
0.222	1.39178998424	
0.223	1.38993402481	
0.224	1.38807933835	
0.225	1.38622591174	
0.226	1.38437373199	
0.227	1.38252278629	
0.228	1.38067306196	
0.229	1.37882454647	
0.23	1.37697722745	
0.231	1.37513109265	
0.232	1.37328612997	
0.233	1.37144232744	
0.234	1.36959967325	
0.235	1.3677581557	
0.236	1.36591776323	
0.237	1.3640784844	
0.238	1.36224030791	
0.239	1.36040322259	
0.24	1.35856721738	
0.241	1.35673228133	
0.242	1.35489840366	
0.243	1.35306557365	
0.244	1.35123378072	
0.245	1.34940301443	
0.246	1.34757326441	
0.247	1.34574452042	
0.248	1.34391677235	
0.249	1.34209001016	
0.25	1.34026422394	
0.251	1.33843940388	
0.252	1.33661554029	
0.253	1.33479262354	
0.254	1.33297064415	
0.255	1.33114959271	
0.256	1.32932945991	
0.257	1.32751023653	
0.258	1.32569191348	
0.259	1.32387448172	
0.26	1.32205793233	
0.261	1.32024225647	
0.262	1.31842744539	
0.263	1.31661349044	
0.264	1.31480038303	
0.265	1.3129881147	
0.266	1.31117667703	
0.267	1.30936606171	
0.268	1.3075562605	
0.269	1.30574726526	
0.27	1.3039390679	
0.271	1.30213166045	
0.272	1.30032503498	
0.273	1.29851918366	
0.274	1.29671409872	
0.275	1.29490977249	
0.276	1.29310619734	
0.277	1.29130336575	
0.278	1.28950127024	
0.279	1.28769990343	
0.28	1.28589925798	
0.281	1.28409932664	
0.282	1.28230010224	
0.283	1.28050157764	
0.284	1.27870374581	
0.285	1.27690659974	
0.286	1.27511013253	
0.287	1.27331433732	
0.288	1.27151920732	
0.289	1.26972473579	
0.29	1.26793091608	
0.291	1.26613774156	
0.292	1.2643452057	
0.293	1.26255330202	
0.294	1.26076202408	
0.295	1.25897136551	
0.296	1.25718132001	
0.297	1.25539188131	
0.298	1.25360304323	
0.299	1.25181479961	
0.3	1.25002714436	
0.301	1.24824007146	
0.302	1.24645357492	
0.303	1.24466764881	
0.304	1.24288228726	
0.305	1.24109748443	
0.306	1.23931323456	
0.307	1.23752953192	
0.308	1.23574637084	
0.309	1.23396374569	
0.31	1.2321816509	
0.311	1.23040008093	
0.312	1.2286190303	
0.313	1.22683849358	
0.314	1.22505846539	
0.315	1.22327894037	
0.316	1.22149991323	
0.317	1.21972137871	
0.318	1.21794333161	
0.319	1.21616576677	
0.32	1.21438867905	
0.321	1.21261206339	
0.322	1.21083591474	
0.323	1.2090602281	
0.324	1.20728499853	
0.325	1.2055102211	
0.326	1.20373589095	
0.327	1.20196200324	
0.328	1.20018855318	
0.329	1.19841553601	
0.33	1.19664294702	
0.331	1.19487078152	
0.332	1.19309903488	
0.333	1.19132770249	
0.334	1.18955677978	
0.335	1.18778626222	
0.336	1.18601614533	
0.337	1.18424642463	
0.338	1.18247709571	
0.339	1.18070815418	
0.34	1.17893959568	
0.341	1.17717141589	
0.342	1.17540361053	
0.343	1.17363617534	
0.344	1.17186910611	
0.345	1.17010239864	
0.346	1.16833604879	
0.347	1.16657005242	
0.348	1.16480440545	
0.349	1.16303910381	
0.35	1.16127414348	
0.351	1.15950952046	
0.352	1.15774523079	
0.353	1.15598127051	
0.354	1.15421763574	
0.355	1.15245432257	
0.356	1.15069132718	
0.357	1.14892864572	
0.358	1.14716627443	
0.359	1.14540420952	
0.36	1.14364244726	
0.361	1.14188098394	
0.362	1.14011981589	
0.363	1.13835893945	
0.364	1.13659835098	
0.365	1.1348380469	
0.366	1.13307802362	
0.367	1.1313182776	
0.368	1.12955880531	
0.369	1.12779960325	
0.37	1.12604066796	
0.371	1.12428199599	
0.372	1.12252358391	
0.373	1.12076542832	
0.374	1.11900752586	
0.375	1.11724987317	
0.376	1.11549246693	
0.377	1.11373530383	
0.378	1.11197838059	
0.379	1.11022169397	
0.38	1.10846524071	
0.381	1.10670901763	
0.382	1.10495302152	
0.383	1.10319724922	
0.384	1.10144169758	
0.385	1.09968636349	
0.386	1.09793124385	
0.387	1.09617633556	
0.388	1.09442163559	
0.389	1.09266714088	
0.39	1.09091284842	
0.391	1.08915875522	
0.392	1.0874048583	
0.393	1.0856511547	
0.394	1.0838976415	
0.395	1.08214431577	
0.396	1.08039117461	
0.397	1.07863821516	
0.398	1.07688543455	
0.399	1.07513282994	
0.4	1.07338039852	
0.401	1.07162813749	
0.402	1.06987604406	
0.403	1.06812411546	
0.404	1.06637234896	
0.405	1.06462074183	
0.406	1.06286929135	
0.407	1.06111799483	
0.408	1.05936684961	
0.409	1.05761585301	
0.41	1.05586500241	
0.411	1.05411429517	
0.412	1.0523637287	
0.413	1.0506133004	
0.414	1.0488630077	
0.415	1.04711284805	
0.416	1.0453628189	
0.417	1.04361291774	
0.418	1.04186314204	
0.419	1.04011348933	
0.42	1.03836395712	
0.421	1.03661454296	
0.422	1.0348652444	
0.423	1.03311605901	
0.424	1.03136698438	
0.425	1.0296180181	
0.426	1.0278691578	
0.427	1.02612040109	
0.428	1.02437174564	
0.429	1.02262318909	
0.43	1.02087472912	
0.431	1.01912636342	
0.432	1.01737808969	
0.433	1.01562990565	
0.434	1.01388180903	
0.435	1.01213379757	
0.436	1.01038586902	
0.437	1.00863802117	
0.438	1.0068902518	
0.439	1.0051425587	
0.44	1.00339493969	
0.441	1.00164739258	
0.442	0.999899915223	
0.443	0.998152505464	
0.444	0.996405161165	
0.445	0.994657880203	
0.446	0.992910660465	
0.447	0.991163499854	
0.448	0.989416396282	
0.449	0.987669347673	
0.45	0.985922351967	
0.451	0.984175407113	
0.452	0.982428511072	
0.453	0.980681661817	
0.454	0.978934857334	
0.455	0.97718809562	
0.456	0.975441374683	
0.457	0.973694692543	
0.458	0.971948047231	
0.459	0.97020143679	
0.46	0.968454859272	
0.461	0.966708312744	
0.462	0.964961795281	
0.463	0.96321530497	
0.464	0.961468839907	
0.465	0.959722398202	
0.466	0.957975977974	
0.467	0.956229577351	
0.468	0.954483194474	
0.469	0.952736827493	
0.47	0.950990474568	
0.471	0.949244133872	
0.472	0.947497803584	
0.473	0.945751481896	
0.474	0.944005167009	
0.475	0.942258857134	
0.476	0.940512550491	
0.477	0.938766245313	
0.478	0.937019939837	
0.479	0.935273632316	
0.48	0.933527321007	
0.481	0.931781004181	
0.482	0.930034680114	
0.483	0.928288347095	
0.484	0.92654200342	
0.485	0.924795647395	
0.486	0.923049277335	
0.487	0.921302891565	
0.488	0.919556488417	
0.489	0.917810066233	
0.49	0.916063623363	
0.491	0.914317158168	
0.492	0.912570669014	
0.493	0.91082415428	
0.494	0.909077612349	
0.495	0.907331041615	
0.496	0.905584440482	
0.497	0.903837807358	
0.498	0.902091140664	
0.499	0.900344438825	
0.5	0.898597700276	
0.501	0.896850923462	
0.502	0.895104106833	
0.503	0.893357248848	
0.504	0.891610347975	
0.505	0.889863402688	
0.506	0.88811641147	
0.507	0.886369372812	
0.508	0.884622285212	
0.509	0.882875147175	
0.51	0.881127957215	
0.511	0.879380713853	
0.512	0.877633415617	
0.513	0.875886061042	
0.514	0.874138648673	
0.515	0.872391177058	
0.516	0.870643644756	
0.517	0.868896050332	
0.518	0.867148392356	
0.519	0.865400669409	
0.52	0.863652880077	
0.521	0.861905022951	
0.522	0.860157096632	
0.523	0.858409099727	
0.524	0.856661030849	
0.525	0.854912888618	
0.526	0.853164671662	
0.527	0.851416378615	
0.528	0.849668008116	
0.529	0.847919558812	
0.53	0.846171029358	
0.531	0.844422418412	
0.532	0.842673724642	
0.533	0.840924946719	
0.534	0.839176083324	
0.535	0.837427133141	
0.536	0.835678094862	
0.537	0.833928967184	
0.538	0.832179748813	
0.539	0.830430438458	
0.54	0.828681034835	
0.541	0.826931536666	
0.542	0.825181942681	
0.543	0.823432251611	
0.544	0.821682462199	
0.545	0.81993257319	
0.546	0.818182583335	
0.547	0.816432491393	
0.548	0.814682296126	
0.549	0.812931996303	
0.55	0.811181590699	
0.551	0.809431078095	
0.552	0.807680457276	
0.553	0.805929727034	
0.554	0.804178886165	
0.555	0.802427933472	
0.556	0.800676867762	
0.557	0.798925687849	
0.558	0.797174392552	
0.559	0.795422980694	
0.56	0.793671451105	
0.561	0.791919802618	
0.562	0.790168034073	
0.563	0.788416144315	
0.564	0.786664132195	
0.565	0.784911996566	
0.566	0.78315973629	
0.567	0.78140735023	
0.568	0.779654837258	
0.569	0.777902196248	
0.57	0.776149426081	
0.571	0.77439652564	
0.572	0.772643493817	
0.573	0.770890329504	
0.574	0.769137031603	
0.575	0.767383599017	
0.576	0.765630030654	
0.577	0.763876325429	
0.578	0.762122482259	
0.579	0.760368500068	
0.58	0.758614377783	
0.581	0.756860114336	
0.582	0.755105708664	
0.583	0.753351159707	
0.584	0.751596466412	
0.585	0.749841627728	
0.586	0.74808664261	
0.587	0.746331510017	
0.588	0.744576228912	
0.589	0.742820798262	
0.59	0.74106521704	
0.591	0.739309484221	
0.592	0.737553598787	
0.593	0.735797559721	
0.594	0.734041366013	
0.595	0.732285016656	
0.596	0.730528510646	
0.597	0.728771846985	
0.598	0.727015024678	
0.599	0.725258042736	
0.6	0.72350090017	
0.601	0.721743595999	
0.602	0.719986129244	
0.603	0.718228498931	
0.604	0.716470704089	
0.605	0.71471274375	
0.606	0.712954616953	
0.607	0.711196322738	
0.608	0.709437860149	
0.609	0.707679228236	
0.61	0.705920426051	
0.611	0.70416145265	
0.612	0.702402307093	
0.613	0.700642988443	
0.614	0.698883495768	
0.615	0.697123828138	
0.616	0.695363984629	
0.617	0.693603964317	
0.618	0.691843766286	
0.619	0.69008338962	
0.62	0.688322833408	
0.621	0.686562096742	
0.622	0.684801178719	
0.623	0.683040078438	
0.624	0.681278795001	
0.625	0.679517327515	
0.626	0.677755675089	
0.627	0.675993836837	
0.628	0.674231811875	
0.629	0.672469599322	
0.63	0.670707198302	
0.631	0.668944607941	
0.632	0.667181827369	
0.633	0.665418855718	
0.634	0.663655692126	
0.635	0.66189233573	
0.636	0.660128785675	
0.637	0.658365041104	
0.638	0.656601101169	
0.639	0.65483696502	
0.64	0.653072631813	
0.641	0.651308100706	
0.642	0.64954337086	
0.643	0.647778441441	
0.644	0.646013311615	
0.645	0.644247980553	
0.646	0.642482447428	
0.647	0.640716711417	
0.648	0.6389507717	
0.649	0.637184627459	
0.65	0.63541827788	
0.651	0.63365172215	
0.652	0.63188495946	
0.653	0.630117989006	
0.654	0.628350809984	
0.655	0.626583421593	
0.656	0.624815823036	
0.657	0.62304801352	
0.658	0.621279992251	
0.659	0.619511758441	
0.66	0.617743311303	
0.661	0.615974650055	
0.662	0.614205773915	
0.663	0.612436682105	
0.664	0.61066737385	
0.665	0.608897848377	
0.666	0.607128104916	
0.667	0.6053581427	
0.668	0.603587960964	
0.669	0.601817558945	
0.67	0.600046935885	
0.671	0.598276091026	
0.672	0.596505023613	
0.673	0.594733732896	
0.674	0.592962218124	
0.675	0.59119047855	
0.676	0.589418513431	
0.677	0.587646322024	
0.678	0.585873903591	
0.679	0.584101257393	
0.68	0.582328382698	
0.681	0.580555278772	
0.682	0.578781944886	
0.683	0.577008380313	
0.684	0.575234584328	
0.685	0.573460556208	
0.686	0.571686295234	
0.687	0.569911800687	
0.688	0.568137071853	
0.689	0.566362108018	
0.69	0.564586908471	
0.691	0.562811472503	
0.692	0.561035799409	
0.693	0.559259888485	
0.694	0.557483739028	
0.695	0.555707350339	
0.696	0.553930721721	
0.697	0.552153852478	
0.698	0.550376741918	
0.699	0.548599389351	
0.7	0.546821794087	
0.701	0.54504395544	
0.702	0.543265872726	
0.703	0.541487545262	
0.704	0.539708972369	
0.705	0.537930153369	
0.706	0.536151087586	
0.707	0.534371774346	
0.708	0.532592212977	
0.709	0.530812402811	
0.71	0.529032343178	
0.711	0.527252033415	
0.712	0.525471472857	
0.713	0.523690660842	
0.714	0.521909596712	
0.715	0.520128279808	
0.716	0.518346709475	
0.717	0.51656488506	
0.718	0.514782805911	
0.719	0.513000471378	
0.72	0.511217880813	
0.721	0.509435033571	
0.722	0.507651929007	
0.723	0.50586856648	
0.724	0.504084945349	
0.725	0.502301064976	
0.726	0.500516924724	
0.727	0.498732523959	
0.728	0.496947862049	
0.729	0.495162938361	
0.73	0.493377752268	
0.731	0.491592303141	
0.732	0.489806590355	
0.733	0.488020613287	
0.734	0.486234371314	
0.735	0.484447863816	
0.736	0.482661090176	
0.737	0.480874049775	
0.738	0.479086742	
0.739	0.477299166237	
0.74	0.475511321874	
0.741	0.473723208301	
0.742	0.471934824912	
0.743	0.470146171098	
0.744	0.468357246256	
0.745	0.466568049782	
0.746	0.464778581075	
0.747	0.462988839535	
0.748	0.461198824564	
0.749	0.459408535565	
0.75	0.457617971944	
0.751	0.455827133106	
0.752	0.454036018462	
0.753	0.45224462742	
0.754	0.450452959392	
0.755	0.44866101379	
0.756	0.446868790031	
0.757	0.445076287529	
0.758	0.443283505703	
0.759	0.441490443971	
0.76	0.439697101755	
0.761	0.437903478477	
0.762	0.436109573561	
0.763	0.434315386431	
0.764	0.432520916516	
0.765	0.430726163243	
0.766	0.428931126041	
0.767	0.427135804343	
0.768	0.425340197581	
0.769	0.423544305189	
0.77	0.421748126602	
0.771	0.419951661259	
0.772	0.418154908596	
0.773	0.416357868055	
0.774	0.414560539076	
0.775	0.412762921102	
0.776	0.410965013578	
0.777	0.409166815948	
0.778	0.40736832766	
0.779	0.405569548161	
0.78	0.403770476902	
0.781	0.401971113333	
0.782	0.400171456907	
0.783	0.398371507077	
0.784	0.396571263299	
0.785	0.394770725028	
0.786	0.392969891723	
0.787	0.391168762841	
0.788	0.389367337844	
0.789	0.387565616193	
0.79	0.385763597351	
0.791	0.383961280782	
0.792	0.38215866595	
0.793	0.380355752324	
0.794	0.37855253937	
0.795	0.376749026559	
0.796	0.374945213359	
0.797	0.373141099244	
0.798	0.371336683685	
0.799	0.369531966158	
0.8	0.367726946136	
0.801	0.365921623097	
0.802	0.364115996519	
0.803	0.36231006588	
0.804	0.360503830661	
0.805	0.358697290342	
0.806	0.356890444407	
0.807	0.355083292338	
0.808	0.353275833621	
0.809	0.351468067742	
0.81	0.349659994187	
0.811	0.347851612445	
0.812	0.346042922006	
0.813	0.344233922359	
0.814	0.342424612997	
0.815	0.340614993412	
0.816	0.338805063098	
0.817	0.336994821551	
0.818	0.335184268265	
0.819	0.333373402739	
0.82	0.33156222447	
0.821	0.329750732958	
0.822	0.327938927704	
0.823	0.326126808208	
0.824	0.324314373973	
0.825	0.322501624504	
0.826	0.320688559304	
0.827	0.318875177879	
0.828	0.317061479735	
0.829	0.315247464382	
0.83	0.313433131327	
0.831	0.31161848008	
0.832	0.309803510152	
0.833	0.307988221055	
0.834	0.306172612302	
0.835	0.304356683406	
0.836	0.302540433882	
0.837	0.300723863246	
0.838	0.298906971016	
0.839	0.297089756708	
0.84	0.295272219841	
0.841	0.293454359935	
0.842	0.291636176511	
0.843	0.28981766909	
0.844	0.287998837195	
0.845	0.28617968035	
0.846	0.284360198078	
0.847	0.282540389905	
0.848	0.280720255357	
0.849	0.278899793962	
0.85	0.277079005247	
0.851	0.275257888743	
0.852	0.273436443977	
0.853	0.271614670483	
0.854	0.26979256779	
0.855	0.267970135432	
0.856	0.266147372943	
0.857	0.264324279856	
0.858	0.262500855706	
0.859	0.260677100031	
0.86	0.258853012367	
0.861	0.257028592252	
0.862	0.255203839224	
0.863	0.253378752824	
0.864	0.251553332591	
0.865	0.249727578066	
0.866	0.247901488793	
0.867	0.246075064313	
0.868	0.24424830417	
0.869	0.242421207909	
0.87	0.240593775076	
0.871	0.238766005216	
0.872	0.236937897876	
0.873	0.235109452605	
0.874	0.233280668951	
0.875	0.231451546462	
0.876	0.22962208469	
0.877	0.227792283186	
0.878	0.2259621415	
0.879	0.224131659186	
0.88	0.222300835796	
0.881	0.220469670885	
0.882	0.218638164008	
0.883	0.21680631472	
0.884	0.214974122577	
0.885	0.213141587136	
0.886	0.211308707956	
0.887	0.209475484595	
0.888	0.207641916611	
0.889	0.205808003566	
0.89	0.203973745019	
0.891	0.202139140532	
0.892	0.200304189668	
0.893	0.198468891989	
0.894	0.196633247058	
0.895	0.194797254441	
0.896	0.192960913701	
0.897	0.191124224406	
0.898	0.18928718612	
0.899	0.187449798412	
0.9	0.185612060848	
0.901	0.183773972998	
0.902	0.18193553443	
0.903	0.180096744714	
0.904	0.178257603421	
0.905	0.176418110122	
0.906	0.174578264388	
0.907	0.172738065792	
0.908	0.170897513907	
0.909	0.169056608307	
0.91	0.167215348566	
0.911	0.165373734259	
0.912	0.163531764962	
0.913	0.161689440251	
0.914	0.159846759703	
0.915	0.158003722896	
0.916	0.156160329407	
0.917	0.154316578816	
0.918	0.152472470701	
0.919	0.150628004643	
0.92	0.148783180223	
0.921	0.146937997022	
0.922	0.145092454621	
0.923	0.143246552603	
0.924	0.141400290551	
0.925	0.139553668048	
0.926	0.137706684679	
0.927	0.135859340029	
0.928	0.134011633682	
0.929	0.132163565225	
0.93	0.130315134244	
0.931	0.128466340327	
0.932	0.12661718306	
0.933	0.124767662033	
0.934	0.122917776833	
0.935	0.12106752705	
0.936	0.119216912274	
0.937	0.117365932096	
0.938	0.115514586105	
0.939	0.113662873895	
0.94	0.111810795056	
0.941	0.109958349181	
0.942	0.108105535864	
0.943	0.106252354697	
0.944	0.104398805275	
0.945	0.102544887194	
0.946	0.100690600047	
0.947	0.09883594343	
0.948	0.0969809169401	
0.949	0.0951255201736	
0.95	0.0932697527277	
0.951	0.0914136142	
0.952	0.0895571041887	
0.953	0.0877002222926	
0.954	0.0858429681108	
0.955	0.083985341243	
0.956	0.0821273412893	
0.957	0.0802689678504	
0.958	0.0784102205274	
0.959	0.0765510989218	
0.96	0.0746916026357	
0.961	0.0728317312718	
0.962	0.0709714844328	
0.963	0.0691108617224	
0.964	0.0672498627445	
0.965	0.0653884871034	
0.966	0.0635267344039	
0.967	0.0616646042514	
0.968	0.0598020962515	
0.969	0.0579392100105	
0.97	0.056075945135	
0.971	0.0542123012321	
0.972	0.0523482779092	
0.973	0.0504838747743	
0.974	0.0486190914357	
0.975	0.0467539275023	
0.976	0.0448883825832	
0.977	0.0430224562882	
0.978	0.0411561482272	
0.979	0.0392894580108	
0.98	0.0374223852498	
0.981	0.0355549295556	
0.982	0.0336870905399	
0.983	0.0318188678147	
0.984	0.0299502609926	
0.985	0.0280812696866	
0.986	0.0262118935099	
0.987	0.0243421320762	
0.988	0.0224719849998	
0.989	0.020601451895	
0.99	0.0187305323767	
0.991	0.0168592260603	
0.992	0.0149875325613	
0.993	0.0131154514959	
0.994	0.0112429824803	
0.995	0.00937012513139	
0.996	0.00749687906631	
0.997	0.00562324390257	
0.998	0.00374921925805	
0.999	0.00187480475099	
1.0	0.0	
