0.0	1.0	
0.001	0.989117192651	
0.002	0.982869991147	
0.003	0.9776633548	
0.004	0.973034499792	
0.005	0.968792327104	
0.006	0.964834499467	
0.007	0.961098168484	
0.008	0.957541255735	
0.009	0.954133850362	
0.01	0.950853731736	
0.011	0.94768382279	
0.012	0.944610641326	
0.013	0.94162330759	
0.014	0.938712880895	
0.015	0.935871900526	
0.016	0.933094058604	
0.017	0.930373961127	
0.018	0.927706949638	
0.019	0.925088965638	
0.02	0.922516445791	
0.021	0.919986239743	
0.022	0.917495544836	
0.023	0.915041853628	
0.024	0.912622911271	
0.025	0.910236680555	
0.026	0.907881312994	
0.027	0.905555124716	
0.028	0.903256576207	
0.029	0.900984255184	
0.03	0.898736862019	
0.031	0.896513197266	
0.032	0.894312150919	
0.033	0.89213269313	
0.034	0.889973866137	
0.035	0.887834777218	
0.036	0.885714592523	
0.037	0.883612531636	
0.038	0.881527862777	
0.039	0.879459898557	
0.04	0.877407992188	
0.041	0.875371534119	
0.042	0.873349949016	
0.043	0.871342693059	
0.044	0.869349251505	
0.045	0.867369136496	
0.046	0.865401885076	
0.047	0.863447057394	
0.048	0.86150423507	
0.049	0.859573019713	
0.05	0.857653031566	
0.051	0.85574390827	
0.052	0.853845303734	
0.053	0.851956887093	
0.054	0.85007834176	
0.055	0.848209364547	
0.056	0.846349664857	
0.057	0.844498963941	
0.058	0.842656994206	
0.059	0.84082349858	
0.06	0.838998229921	
0.061	0.837180950469	
0.062	0.835371431335	
0.063	0.833569452031	
0.064	0.831774800023	
0.065	0.829987270326	
0.066	0.828206665116	
0.067	0.826432793372	
0.068	0.824665470541	
0.069	0.822904518221	
0.07	0.821149763871	
0.071	0.81940104053	
0.072	0.81765818656	
0.073	0.815921045402	
0.074	0.814189465343	
0.075	0.812463299304	
0.076	0.810742404634	
0.077	0.809026642921	
0.078	0.807315879803	
0.079	0.805609984805	
0.08	0.803908831175	
0.081	0.802212295726	
0.082	0.800520258697	
0.083	0.798832603612	
0.084	0.797149217151	
0.085	0.795469989028	
0.086	0.79379481187	
0.087	0.792123581109	
0.088	0.790456194874	
0.089	0.78879255389	
0.09	0.787132561388	
0.091	0.785476123004	
0.092	0.783823146701	
0.093	0.782173542681	
0.094	0.780527223308	
0.095	0.778884103033	
0.096	0.777244098322	
0.097	0.775607127584	
0.098	0.773973111113	
0.099	0.772341971018	
0.1	0.770713631164	
0.101	0.76908801712	
0.102	0.767465056098	
0.103	0.765844676903	
0.104	0.764226809883	
0.105	0.762611386881	
0.106	0.760998341186	
0.107	0.75938760749	
0.108	0.757779121847	
0.109	0.756172821631	
0.11	0.754568645496	
0.111	0.752966533337	
0.112	0.751366426258	
0.113	0.749768266533	
0.114	0.748171997573	
0.115	0.746577563897	
0.116	0.744984911095	
0.117	0.743393985805	
0.118	0.741804735679	
0.119	0.740217109356	
0.12	0.738631056437	
0.121	0.737046527459	
0.122	0.735463473867	
0.123	0.733881847996	
0.124	0.73230160304	
0.125	0.730722693038	
0.126	0.729145072843	
0.127	0.727568698112	
0.128	0.725993525277	
0.129	0.724419511528	
0.13	0.722846614797	
0.131	0.721274793737	
0.132	0.719704007704	
0.133	0.718134216742	
0.134	0.716565381566	
0.135	0.714997463544	
0.136	0.713430424684	
0.137	0.71186422762	
0.138	0.710298835593	
0.139	0.708734212441	
0.14	0.707170322583	
0.141	0.705607131009	
0.142	0.704044603264	
0.143	0.702482705437	
0.144	0.700921404147	
0.145	0.699360666536	
0.146	0.697800460252	
0.147	0.696240753444	
0.148	0.694681514746	
0.149	0.693122713268	
0.15	0.691564318589	
0.151	0.690006300744	
0.152	0.688448630215	
0.153	0.686891277923	
0.154	0.685334215218	
0.155	0.68377741387	
0.156	0.682220846064	
0.157	0.680664484384	
0.158	0.679108301816	
0.159	0.677552271729	
0.16	0.675996367875	
0.161	0.674440564379	
0.162	0.672884835732	
0.163	0.671329156784	
0.164	0.669773502737	
0.165	0.668217849138	
0.166	0.666662171875	
0.167	0.665106447167	
0.168	0.663550651561	
0.169	0.661994761925	
0.17	0.66043875544	
0.171	0.658882609599	
0.172	0.657326302197	
0.173	0.655769811328	
0.174	0.654213115379	
0.175	0.652656193025	
0.176	0.651099023223	
0.177	0.649541585211	
0.178	0.647983858498	
0.179	0.646425822862	
0.18	0.644867458346	
0.181	0.643308745252	
0.182	0.641749664138	
0.183	0.640190195813	
0.184	0.638630321333	
0.185	0.637070021997	
0.186	0.635509279345	
0.187	0.633948075148	
0.188	0.632386391414	
0.189	0.630824210376	
0.19	0.62926151449	
0.191	0.627698286435	
0.192	0.626134509108	
0.193	0.624570165617	
0.194	0.623005239285	
0.195	0.621439713638	
0.196	0.619873572409	
0.197	0.618306799534	
0.198	0.616739379143	
0.199	0.615171295566	
0.2	0.613602533322	
0.201	0.612033077122	
0.202	0.610462911863	
0.203	0.608892022627	
0.204	0.607320394677	
0.205	0.605748013457	
0.206	0.604174864584	
0.207	0.602600933852	
0.208	0.601026207227	
0.209	0.599450670842	
0.21	0.597874310999	
0.211	0.596297114164	
0.212	0.594719066967	
0.213	0.593140156195	
0.214	0.591560368796	
0.215	0.589979691874	
0.216	0.588398112685	
0.217	0.58681561864	
0.218	0.585232197298	
0.219	0.583647836366	
0.22	0.582062523698	
0.221	0.580476247293	
0.222	0.57888899529	
0.223	0.577300755973	
0.224	0.57571151776	
0.225	0.57412126921	
0.226	0.572529999017	
0.227	0.570937696007	
0.228	0.569344349139	
0.229	0.567749947505	
0.23	0.566154480323	
0.231	0.56455793694	
0.232	0.56296030683	
0.233	0.56136157959	
0.234	0.55976174494	
0.235	0.558160792723	
0.236	0.556558712902	
0.237	0.554955495558	
0.238	0.553351130891	
0.239	0.551745609216	
0.24	0.550138920963	
0.241	0.548531056676	
0.242	0.546922007013	
0.243	0.54531176274	
0.244	0.543700314735	
0.245	0.542087653984	
0.246	0.540473771582	
0.247	0.538858658728	
0.248	0.537242306728	
0.249	0.535624706992	
0.25	0.534005851032	
0.251	0.532385730464	
0.252	0.530764337002	
0.253	0.529141662464	
0.254	0.527517698762	
0.255	0.525892437911	
0.256	0.524265872018	
0.257	0.522637993289	
0.258	0.521008794024	
0.259	0.519378266617	
0.26	0.517746403556	
0.261	0.516113197419	
0.262	0.514478640877	
0.263	0.512842726692	
0.264	0.511205447714	
0.265	0.509566796881	
0.266	0.507926767221	
0.267	0.506285351848	
0.268	0.504642543963	
0.269	0.502998336849	
0.27	0.501352723879	
0.271	0.499705698505	
0.272	0.498057254264	
0.273	0.496407384777	
0.274	0.494756083743	
0.275	0.493103344944	
0.276	0.491449162243	
0.277	0.48979352958	
0.278	0.488136440975	
0.279	0.486477890526	
0.28	0.484817872409	
0.281	0.483156380874	
0.282	0.481493410251	
0.283	0.479828954942	
0.284	0.478163009425	
0.285	0.476495568253	
0.286	0.474826626051	
0.287	0.473156177517	
0.288	0.471484217423	
0.289	0.46981074061	
0.29	0.468135741993	
0.291	0.466459216555	
0.292	0.464781159351	
0.293	0.463101565503	
0.294	0.461420430204	
0.295	0.459737748716	
0.296	0.458053516365	
0.297	0.456367728548	
0.298	0.454680380727	
0.299	0.452991468431	
0.3	0.451300987254	
0.301	0.449608932856	
0.302	0.44791530096	
0.303	0.446220087355	
0.304	0.444523287894	
0.305	0.442824898492	
0.306	0.441124915127	
0.307	0.439423333839	
0.308	0.437720150733	
0.309	0.43601536197	
0.31	0.434308963778	
0.311	0.43260095244	
0.312	0.430891324304	
0.313	0.429180075774	
0.314	0.427467203315	
0.315	0.425752703452	
0.316	0.424036572766	
0.317	0.422318807898	
0.318	0.420599405545	
0.319	0.418878362464	
0.32	0.417155675466	
0.321	0.41543134142	
0.322	0.413705357251	
0.323	0.41197771994	
0.324	0.410248426523	
0.325	0.408517474091	
0.326	0.40678485979	
0.327	0.40505058082	
0.328	0.403314634436	
0.329	0.401577017945	
0.33	0.399837728709	
0.331	0.398096764141	
0.332	0.396354121709	
0.333	0.394609798932	
0.334	0.39286379338	
0.335	0.391116102677	
0.336	0.389366724497	
0.337	0.387615656565	
0.338	0.385862896656	
0.339	0.384108442598	
0.34	0.382352292266	
0.341	0.380594443586	
0.342	0.378834894536	
0.343	0.377073643139	
0.344	0.375310687469	
0.345	0.37354602565	
0.346	0.371779655852	
0.347	0.370011576295	
0.348	0.368241785245	
0.349	0.366470281017	
0.35	0.364697061973	
0.351	0.362922126521	
0.352	0.361145473118	
0.353	0.359367100265	
0.354	0.357587006511	
0.355	0.35580519045	
0.356	0.354021650723	
0.357	0.352236386014	
0.358	0.350449395056	
0.359	0.348660676623	
0.36	0.346870229536	
0.361	0.345078052661	
0.362	0.343284144907	
0.363	0.341488505228	
0.364	0.339691132621	
0.365	0.337892026126	
0.366	0.336091184829	
0.367	0.334288607857	
0.368	0.33248429438	
0.369	0.330678243611	
0.37	0.328870454807	
0.371	0.327060927265	
0.372	0.325249660326	
0.373	0.323436653371	
0.374	0.321621905823	
0.375	0.319805417149	
0.376	0.317987186854	
0.377	0.316167214486	
0.378	0.314345499633	
0.379	0.312522041924	
0.38	0.310696841029	
0.381	0.308869896656	
0.382	0.307041208557	
0.383	0.30521077652	
0.384	0.303378600375	
0.385	0.301544679991	
0.386	0.299709015277	
0.387	0.297871606179	
0.388	0.296032452684	
0.389	0.294191554817	
0.39	0.292348912643	
0.391	0.290504526263	
0.392	0.288658395818	
0.393	0.286810521487	
0.394	0.284960903487	
0.395	0.283109542071	
0.396	0.281256437533	
0.397	0.279401590201	
0.398	0.277545000442	
0.399	0.27568666866	
0.4	0.273826595296	
0.401	0.271964780828	
0.402	0.27010122577	
0.403	0.268235930673	
0.404	0.266368896123	
0.405	0.264500122745	
0.406	0.262629611197	
0.407	0.260757362175	
0.408	0.258883376409	
0.409	0.257007654667	
0.41	0.255130197749	
0.411	0.253251006494	
0.412	0.251370081774	
0.413	0.249487424496	
0.414	0.247603035602	
0.415	0.24571691607	
0.416	0.24382906691	
0.417	0.24193948917	
0.418	0.240048183929	
0.419	0.238155152301	
0.42	0.236260395436	
0.421	0.234363914515	
0.422	0.232465710756	
0.423	0.230565785407	
0.424	0.228664139752	
0.425	0.226760775109	
0.426	0.224855692826	
0.427	0.222948894287	
0.428	0.221040380908	
0.429	0.219130154138	
0.43	0.21721821546	
0.431	0.215304566387	
0.432	0.213389208466	
0.433	0.211472143276	
0.434	0.20955337243	
0.435	0.207632897571	
0.436	0.205710720374	
0.437	0.203786842547	
0.438	0.20186126583	
0.439	0.199933991995	
0.44	0.198005022842	
0.441	0.196074360208	
0.442	0.194142005957	
0.443	0.192207961985	
0.444	0.190272230222	
0.445	0.188334812626	
0.446	0.186395711186	
0.447	0.184454927923	
0.448	0.182512464889	
0.449	0.180568324164	
0.45	0.178622507863	
0.451	0.176675018126	
0.452	0.174725857127	
0.453	0.17277502707	
0.454	0.170822530186	
0.455	0.16886836874	
0.456	0.166912545024	
0.457	0.164955061361	
0.458	0.162995920103	
0.459	0.161035123632	
0.46	0.159072674359	
0.461	0.157108574725	
0.462	0.1551428272	
0.463	0.153175434283	
0.464	0.151206398501	
0.465	0.149235722412	
0.466	0.147263408602	
0.467	0.145289459685	
0.468	0.143313878306	
0.469	0.141336667134	
0.47	0.139357828872	
0.471	0.137377366248	
0.472	0.135395282019	
0.473	0.13341157897	
0.474	0.131426259914	
0.475	0.129439327694	
0.476	0.127450785179	
0.477	0.125460635265	
0.478	0.123468880878	
0.479	0.121475524971	
0.48	0.119480570523	
0.481	0.117484020543	
0.482	0.115485878066	
0.483	0.113486146154	
0.484	0.111484827898	
0.485	0.109481926413	
0.486	0.107477444844	
0.487	0.105471386362	
0.488	0.103463754165	
0.489	0.101454551478	
0.49	0.0994437815511	
0.491	0.0974314476637	
0.492	0.0954175531202	
0.493	0.0934021012517	
0.494	0.0913850954157	
0.495	0.0893665389963	
0.496	0.0873464354036	
0.497	0.085324788074	
0.498	0.0833016004699	
0.499	0.0812768760798	
0.5	0.0792506184182	
0.501	0.0772228310252	
0.502	0.075193517467	
0.503	0.0731626813353	
0.504	0.0711303262476	
0.505	0.0690964558467	
0.506	0.0670610738011	
0.507	0.0650241838046	
0.508	0.0629857895765	
0.509	0.060945894861	
0.51	0.0589045034278	
0.511	0.0568616190717	
0.512	0.0548172456122	
0.513	0.0527713868942	
0.514	0.0507240467871	
0.515	0.0486752291854	
0.516	0.0466249380081	
0.517	0.0445731771991	
0.518	0.0425199507268	
0.519	0.040465262584	
0.52	0.0384091167881	
0.521	0.0363515173809	
0.522	0.0342924684284	
0.523	0.0322319740209	
0.524	0.0301700382729	
0.525	0.028106665323	
0.526	0.0260418593337	
0.527	0.0239756244918	
0.528	0.0219079650075	
0.529	0.0198388851153	
0.53	0.0177683890732	
0.531	0.015696481163	
0.532	0.01362316569	
0.533	0.0115484469832	
0.534	0.00947232939508	
0.535	0.00739481730139	
0.536	0.0053159151014	
0.537	0.00323562721762	
0.538	0.00115395809578	
0.539	-0.000929087795203	
0.54	-0.00301350596335	
0.541	-0.00509929189363	
0.542	-0.00718644104805	
0.543	-0.00927494886572	
0.544	-0.0113648107629	
0.545	-0.0134560221331	
0.546	-0.0155485783471	
0.547	-0.017642474753	
0.548	-0.0197377066764	
0.549	-0.0218342694204	
0.55	-0.0239321582655	
0.551	-0.0260313684699	
0.552	-0.0281318952694	
0.553	-0.0302337338778	
0.554	-0.0323368794862	
0.555	-0.034441327264	
0.556	-0.0365470723584	
0.557	-0.0386541098944	
0.558	-0.0407624349753	
0.559	-0.0428720426823	
0.56	-0.0449829280748	
0.561	-0.0470950861905	
0.562	-0.0492085120454	
0.563	-0.0513232006337	
0.564	-0.0534391469281	
0.565	-0.0555563458798	
0.566	-0.0576747924184	
0.567	-0.0597944814522	
0.568	-0.0619154078681	
0.569	-0.0640375665316	
0.57	-0.0661609522872	
0.571	-0.068285559958	
0.572	-0.0704113843461	
0.573	-0.0725384202324	
0.574	-0.0746666623769	
0.575	-0.0767961055187	
0.576	-0.0789267443759	
0.577	-0.0810585736459	
0.578	-0.083191588005	
0.579	-0.0853257821093	
0.58	-0.0874611505938	
0.581	-0.0895976880731	
0.582	-0.0917353891411	
0.583	-0.0938742483716	
0.584	-0.0960142603174	
0.585	-0.0981554195114	
0.586	-0.100297720466	
0.587	-0.102441157673	
0.588	-0.104585725605	
0.589	-0.106731418713	
0.59	-0.10887823143	
0.591	-0.111026158166	
0.592	-0.113175193313	
0.593	-0.115325331244	
0.594	-0.11747656631	
0.595	-0.119628892843	
0.596	-0.121782305155	
0.597	-0.123936797539	
0.598	-0.126092364268	
0.599	-0.128248999595	
0.6	-0.130406697755	
0.601	-0.132565452961	
0.602	-0.134725259408	
0.603	-0.136886111271	
0.604	-0.139048002708	
0.605	-0.141210927855	
0.606	-0.143374880829	
0.607	-0.145539855729	
0.608	-0.147705846634	
0.609	-0.149872847606	
0.61	-0.152040852684	
0.611	-0.154209855892	
0.612	-0.156379851234	
0.613	-0.158550832693	
0.614	-0.160722794236	
0.615	-0.16289572981	
0.616	-0.165069633343	
0.617	-0.167244498745	
0.618	-0.169420319908	
0.619	-0.171597090704	
0.62	-0.173774804987	
0.621	-0.175953456594	
0.622	-0.178133039341	
0.623	-0.180313547029	
0.624	-0.182494973437	
0.625	-0.184677312329	
0.626	-0.18686055745	
0.627	-0.189044702524	
0.628	-0.191229741262	
0.629	-0.193415667353	
0.63	-0.19560247447	
0.631	-0.197790156267	
0.632	-0.199978706381	
0.633	-0.202168118431	
0.634	-0.204358386018	
0.635	-0.206549502726	
0.636	-0.208741462119	
0.637	-0.210934257747	
0.638	-0.213127883141	
0.639	-0.215322331812	
0.64	-0.217517597258	
0.641	-0.219713672956	
0.642	-0.221910552367	
0.643	-0.224108228936	
0.644	-0.226306696088	
0.645	-0.228505947234	
0.646	-0.230705975764	
0.647	-0.232906775055	
0.648	-0.235108338464	
0.649	-0.237310659332	
0.65	-0.239513730984	
0.651	-0.241717546727	
0.652	-0.243922099851	
0.653	-0.24612738363	
0.654	-0.248333391321	
0.655	-0.250540116164	
0.656	-0.252747551383	
0.657	-0.254955690184	
0.658	-0.257164525758	
0.659	-0.25937405128	
0.66	-0.261584259906	
0.661	-0.263795144778	
0.662	-0.266006699021	
0.663	-0.268218915744	
0.664	-0.270431788038	
0.665	-0.27264530898	
0.666	-0.27485947163	
0.667	-0.277074269032	
0.668	-0.279289694213	
0.669	-0.281505740186	
0.67	-0.283722399946	
0.671	-0.285939666475	
0.672	-0.288157532735	
0.673	-0.290375991675	
0.674	-0.292595036229	
0.675	-0.294814659312	
0.676	-0.297034853827	
0.677	-0.299255612659	
0.678	-0.301476928678	
0.679	-0.30369879474	
0.68	-0.305921203682	
0.681	-0.308144148331	
0.682	-0.310367621492	
0.683	-0.312591615961	
0.684	-0.314816124515	
0.685	-0.317041139917	
0.686	-0.319266654914	
0.687	-0.321492662238	
0.688	-0.323719154608	
0.689	-0.325946124726	
0.69	-0.328173565278	
0.691	-0.330401468939	
0.692	-0.332629828365	
0.693	-0.334858636199	
0.694	-0.337087885069	
0.695	-0.339317567589	
0.696	-0.341547676357	
0.697	-0.343778203958	
0.698	-0.346009142961	
0.699	-0.34824048592	
0.7	-0.350472225377	
0.701	-0.352704353858	
0.702	-0.354936863873	
0.703	-0.357169747921	
0.704	-0.359402998485	
0.705	-0.361636608033	
0.706	-0.363870569019	
0.707	-0.366104873885	
0.708	-0.368339515057	
0.709	-0.370574484947	
0.71	-0.372809775953	
0.711	-0.375045380461	
0.712	-0.377281290839	
0.713	-0.379517499445	
0.714	-0.381753998622	
0.715	-0.383990780698	
0.716	-0.38622783799	
0.717	-0.388465162798	
0.718	-0.390702747411	
0.719	-0.392940584103	
0.72	-0.395178665135	
0.721	-0.397416982755	
0.722	-0.399655529196	
0.723	-0.40189429668	
0.724	-0.404133277413	
0.725	-0.40637246359	
0.726	-0.408611847392	
0.727	-0.410851420986	
0.728	-0.413091176526	
0.729	-0.415331106154	
0.73	-0.417571201999	
0.731	-0.419811456175	
0.732	-0.422051860785	
0.733	-0.424292407919	
0.734	-0.426533089653	
0.735	-0.428773898051	
0.736	-0.431014825164	
0.737	-0.43325586303	
0.738	-0.435497003676	
0.739	-0.437738239113	
0.74	-0.439979561343	
0.741	-0.442220962354	
0.742	-0.44446243412	
0.743	-0.446703968606	
0.744	-0.448945557761	
0.745	-0.451187193524	
0.746	-0.453428867821	
0.747	-0.455670572567	
0.748	-0.457912299661	
0.749	-0.460154040995	
0.75	-0.462395788444	
0.751	-0.464637533876	
0.752	-0.466879269142	
0.753	-0.469120986084	
0.754	-0.471362676532	
0.755	-0.473604332304	
0.756	-0.475845945204	
0.757	-0.478087507027	
0.758	-0.480329009555	
0.759	-0.482570444559	
0.76	-0.484811803798	
0.761	-0.487053079019	
0.762	-0.489294261958	
0.763	-0.491535344339	
0.764	-0.493776317875	
0.765	-0.496017174269	
0.766	-0.498257905209	
0.767	-0.500498502375	
0.768	-0.502738957434	
0.769	-0.504979262044	
0.77	-0.507219407848	
0.771	-0.509459386483	
0.772	-0.511699189569	
0.773	-0.51393880872	
0.774	-0.516178235537	
0.775	-0.51841746161	
0.776	-0.520656478518	
0.777	-0.52289527783	
0.778	-0.525133851103	
0.779	-0.527372189885	
0.78	-0.529610285712	
0.781	-0.53184813011	
0.782	-0.534085714593	
0.783	-0.536323030666	
0.784	-0.538560069823	
0.785	-0.540796823549	
0.786	-0.543033283315	
0.787	-0.545269440586	
0.788	-0.547505286812	
0.789	-0.549740813438	
0.79	-0.551976011894	
0.791	-0.554210873603	
0.792	-0.556445389977	
0.793	-0.558679552417	
0.794	-0.560913352315	
0.795	-0.563146781052	
0.796	-0.565379830001	
0.797	-0.567612490523	
0.798	-0.569844753971	
0.799	-0.572076611686	
0.8	-0.574308055002	
0.801	-0.57653907524	
0.802	-0.578769663715	
0.803	-0.580999811729	
0.804	-0.583229510578	
0.805	-0.585458751545	
0.806	-0.587687525905	
0.807	-0.589915824924	
0.808	-0.592143639859	
0.809	-0.594370961957	
0.81	-0.596597782454	
0.811	-0.59882409258	
0.812	-0.601049883554	
0.813	-0.603275146586	
0.814	-0.605499872878	
0.815	-0.60772405362	
0.816	-0.609947679997	
0.817	-0.612170743182	
0.818	-0.614393234342	
0.819	-0.616615144631	
0.82	-0.618836465198	
0.821	-0.621057187181	
0.822	-0.623277301711	
0.823	-0.62549679991	
0.824	-0.627715672889	
0.825	-0.629933911754	
0.826	-0.6321515076	
0.827	-0.634368451515	
0.828	-0.636584734576	
0.829	-0.638800347856	
0.83	-0.641015282416	
0.831	-0.64322952931	
0.832	-0.645443079584	
0.833	-0.647655924275	
0.834	-0.649868054412	
0.835	-0.652079461018	
0.836	-0.654290135105	
0.837	-0.656500067677	
0.838	-0.658709249734	
0.839	-0.660917672264	
0.84	-0.663125326248	
0.841	-0.66533220266	
0.842	-0.667538292467	
0.843	-0.669743586626	
0.844	-0.671948076088	
0.845	-0.674151751796	
0.846	-0.676354604686	
0.847	-0.678556625685	
0.848	-0.680757805713	
0.849	-0.682958135684	
0.85	-0.685157606503	
0.851	-0.687356209069	
0.852	-0.689553934272	
0.853	-0.691750772997	
0.854	-0.693946716119	
0.855	-0.696141754508	
0.856	-0.698335879026	
0.857	-0.700529080529	
0.858	-0.702721349864	
0.859	-0.704912677874	
0.86	-0.707103055392	
0.861	-0.709292473246	
0.862	-0.711480922256	
0.863	-0.713668393237	
0.864	-0.715854876995	
0.865	-0.718040364332	
0.866	-0.720224846041	
0.867	-0.722408312909	
0.868	-0.724590755717	
0.869	-0.72677216524	
0.87	-0.728952532246	
0.871	-0.731131847495	
0.872	-0.733310101743	
0.873	-0.735487285739	
0.874	-0.737663390226	
0.875	-0.739838405939	
0.876	-0.74201232361	
0.877	-0.744185133962	
0.878	-0.746356827713	
0.879	-0.748527395576	
0.88	-0.750696828257	
0.881	-0.752865116455	
0.882	-0.755032250866	
0.883	-0.757198222177	
0.884	-0.759363021072	
0.885	-0.761526638228	
0.886	-0.763689064315	
0.887	-0.76585029	
0.888	-0.768010305943	
0.889	-0.770169102798	
0.89	-0.772326671215	
0.891	-0.774483001837	
0.892	-0.776638085303	
0.893	-0.778791912245	
0.894	-0.780944473292	
0.895	-0.783095759065	
0.896	-0.785245760182	
0.897	-0.787394467255	
0.898	-0.78954187089	
0.899	-0.791687961691	
0.9	-0.793832730253	
0.901	-0.795976167169	
0.902	-0.798118263025	
0.903	-0.800259008404	
0.904	-0.802398393883	
0.905	-0.804536410035	
0.906	-0.806673047427	
0.907	-0.808808296623	
0.908	-0.810942148181	
0.909	-0.813074592655	
0.91	-0.815205620594	
0.911	-0.817335222544	
0.912	-0.819463389045	
0.913	-0.821590110633	
0.914	-0.823715377839	
0.915	-0.825839181192	
0.916	-0.827961511214	
0.917	-0.830082358424	
0.918	-0.832201713338	
0.919	-0.834319566466	
0.92	-0.836435908314	
0.921	-0.838550729385	
0.922	-0.840664020179	
0.923	-0.842775771189	
0.924	-0.844885972907	
0.925	-0.84699461582	
0.926	-0.849101690412	
0.927	-0.85120718716	
0.928	-0.853311096543	
0.929	-0.855413409032	
0.93	-0.857514115096	
0.931	-0.859613205199	
0.932	-0.861710669804	
0.933	-0.86380649937	
0.934	-0.86590068435	
0.935	-0.867993215196	
0.936	-0.870084082357	
0.937	-0.872173276278	
0.938	-0.8742607874	
0.939	-0.876346606163	
0.94	-0.878430723	
0.941	-0.880513128347	
0.942	-0.88259381263	
0.943	-0.884672766278	
0.944	-0.886749979714	
0.945	-0.888825443358	
0.946	-0.890899147628	
0.947	-0.89297108294	
0.948	-0.895041239706	
0.949	-0.897109608336	
0.95	-0.899176179237	
0.951	-0.901240942814	
0.952	-0.903303889468	
0.953	-0.905365009599	
0.954	-0.907424293604	
0.955	-0.909481731878	
0.956	-0.911537314814	
0.957	-0.913591032801	
0.958	-0.915642876227	
0.959	-0.917692835478	
0.96	-0.919740900938	
0.961	-0.921787062987	
0.962	-0.923831312006	
0.963	-0.925873638372	
0.964	-0.927914032459	
0.965	-0.929952484642	
0.966	-0.931988985292	
0.967	-0.93402352478	
0.968	-0.936056093472	
0.969	-0.938086681736	
0.97	-0.940115279935	
0.971	-0.942141878434	
0.972	-0.944166467594	
0.973	-0.946189037774	
0.974	-0.948209579333	
0.975	-0.950228082628	
0.976	-0.952244538014	
0.977	-0.954258935847	
0.978	-0.956271266479	
0.979	-0.958281520262	
0.98	-0.960289687547	
0.981	-0.962295758682	
0.982	-0.964299724017	
0.983	-0.966301573899	
0.984	-0.968301298673	
0.985	-0.970298888686	
0.986	-0.972294334282	
0.987	-0.974287625805	
0.988	-0.976278753597	
0.989	-0.978267708	
0.99	-0.980254479356	
0.991	-0.982239058006	
0.992	-0.984221434289	
0.993	-0.986201598544	
0.994	-0.988179541112	
0.995	-0.990155252331	
0.996	-0.992128722538	
0.997	-0.994099942071	
0.998	-0.996068901268	
0.999	-0.998035590465	
1.0	-1.0	
