0.0	1.0	
0.001	0.99271584909	
0.002	0.988063231547	
0.003	0.98406413969	
0.004	0.980437679341	
0.005	0.977065056938	
0.006	0.973881616903	
0.007	0.970847153403	
0.008	0.967934471003	
0.009	0.965124069386	
0.01	0.962401351597	
0.011	0.959755023712	
0.012	0.957176114973	
0.013	0.954657346049	
0.014	0.952192704439	
0.015	0.949777149153	
0.016	0.947406399303	
0.017	0.945076779028	
0.018	0.942785101296	
0.019	0.940528579234	
0.02	0.938304757359	
0.021	0.936111457461	
0.022	0.933946735488	
0.023	0.931808846781	
0.024	0.929696217759	
0.025	0.927607422638	
0.026	0.925541164119	
0.027	0.923496257248	
0.028	0.921471615829	
0.029	0.919466240897	
0.03	0.917479210901	
0.031	0.915509673273	
0.032	0.913556837161	
0.033	0.911619967135	
0.034	0.909698377698	
0.035	0.907791428493	
0.036	0.905898520098	
0.037	0.904019090304	
0.038	0.902152610844	
0.039	0.900298584468	
0.04	0.898456542356	
0.041	0.896626041793	
0.042	0.894806664097	
0.043	0.892998012749	
0.044	0.891199711715	
0.045	0.889411403927	
0.046	0.887632749909	
0.047	0.885863426532	
0.048	0.884103125877	
0.049	0.882351554209	
0.05	0.880608431029	
0.051	0.878873488212	
0.052	0.877146469221	
0.053	0.87542712838	
0.054	0.873715230205	
0.055	0.872010548793	
0.056	0.870312867254	
0.057	0.868621977189	
0.058	0.866937678203	
0.059	0.865259777461	
0.06	0.863588089266	
0.061	0.86192243468	
0.062	0.860262641158	
0.063	0.858608542217	
0.064	0.85695997712	
0.065	0.85531679059	
0.066	0.853678832536	
0.067	0.852045957794	
0.068	0.850418025895	
0.069	0.848794900838	
0.07	0.847176450881	
0.071	0.845562548345	
0.072	0.843953069428	
0.073	0.84234789403	
0.074	0.840746905591	
0.075	0.839149990937	
0.076	0.837557040131	
0.077	0.835967946339	
0.078	0.834382605697	
0.079	0.832800917192	
0.08	0.831222782542	
0.081	0.829648106087	
0.082	0.828076794688	
0.083	0.826508757622	
0.084	0.824943906494	
0.085	0.823382155145	
0.086	0.821823419569	
0.087	0.820267617831	
0.088	0.818714669993	
0.089	0.817164498036	
0.09	0.8156170258	
0.091	0.814072178908	
0.092	0.812529884709	
0.093	0.810990072218	
0.094	0.809452672057	
0.095	0.8079176164	
0.096	0.806384838921	
0.097	0.804854274747	
0.098	0.803325860407	
0.099	0.801799533787	
0.1	0.800275234087	
0.101	0.798752901781	
0.102	0.797232478571	
0.103	0.795713907357	
0.104	0.794197132192	
0.105	0.792682098254	
0.106	0.791168751807	
0.107	0.789657040169	
0.108	0.788146911683	
0.109	0.786638315688	
0.11	0.785131202486	
0.111	0.783625523316	
0.112	0.78212123033	
0.113	0.780618276564	
0.114	0.779116615915	
0.115	0.777616203116	
0.116	0.776116993714	
0.117	0.774618944051	
0.118	0.773122011235	
0.119	0.771626153128	
0.12	0.770131328321	
0.121	0.768637496116	
0.122	0.767144616509	
0.123	0.765652650172	
0.124	0.764161558434	
0.125	0.762671303266	
0.126	0.761181847266	
0.127	0.759693153641	
0.128	0.758205186194	
0.129	0.756717909308	
0.13	0.755231287935	
0.131	0.75374528758	
0.132	0.752259874287	
0.133	0.75077501463	
0.134	0.749290675697	
0.135	0.747806825081	
0.136	0.746323430866	
0.137	0.74484046162	
0.138	0.743357886377	
0.139	0.741875674635	
0.14	0.74039379634	
0.141	0.738912221879	
0.142	0.737430922069	
0.143	0.735949868148	
0.144	0.734469031766	
0.145	0.732988384979	
0.146	0.731507900236	
0.147	0.730027550373	
0.148	0.728547308606	
0.149	0.727067148522	
0.15	0.725587044072	
0.151	0.724106969563	
0.152	0.722626899651	
0.153	0.721146809336	
0.154	0.719666673953	
0.155	0.718186469165	
0.156	0.71670617096	
0.157	0.715225755641	
0.158	0.713745199823	
0.159	0.712264480425	
0.16	0.710783574665	
0.161	0.709302460057	
0.162	0.707821114399	
0.163	0.706339515776	
0.164	0.704857642549	
0.165	0.703375473351	
0.166	0.701892987086	
0.167	0.700410162917	
0.168	0.69892698027	
0.169	0.697443418822	
0.17	0.695959458501	
0.171	0.694475079482	
0.172	0.692990262178	
0.173	0.691504987242	
0.174	0.690019235559	
0.175	0.688532988244	
0.176	0.687046226637	
0.177	0.685558932301	
0.178	0.684071087016	
0.179	0.682582672777	
0.18	0.681093671793	
0.181	0.679604066476	
0.182	0.678113839449	
0.183	0.67662297353	
0.184	0.675131451741	
0.185	0.673639257296	
0.186	0.672146373603	
0.187	0.670652784259	
0.188	0.669158473047	
0.189	0.667663423935	
0.19	0.666167621072	
0.191	0.664671048784	
0.192	0.663173691575	
0.193	0.66167553412	
0.194	0.660176561268	
0.195	0.658676758033	
0.196	0.657176109597	
0.197	0.655674601305	
0.198	0.654172218664	
0.199	0.652668947339	
0.2	0.651164773153	
0.201	0.649659682083	
0.202	0.64815366026	
0.203	0.646646693965	
0.204	0.645138769627	
0.205	0.643629873823	
0.206	0.642119993272	
0.207	0.640609114841	
0.208	0.639097225532	
0.209	0.637584312491	
0.21	0.636070362999	
0.211	0.634555364473	
0.212	0.633039304465	
0.213	0.631522170658	
0.214	0.630003950867	
0.215	0.628484633035	
0.216	0.626964205232	
0.217	0.625442655656	
0.218	0.623919972628	
0.219	0.622396144592	
0.22	0.620871160114	
0.221	0.619345007879	
0.222	0.617817676692	
0.223	0.616289155476	
0.224	0.614759433267	
0.225	0.613228499218	
0.226	0.611696342594	
0.227	0.610162952773	
0.228	0.608628319245	
0.229	0.607092431606	
0.23	0.605555279563	
0.231	0.60401685293	
0.232	0.602477141626	
0.233	0.600936135676	
0.234	0.599393825207	
0.235	0.597850200452	
0.236	0.596305251742	
0.237	0.59475896951	
0.238	0.593211344288	
0.239	0.591662366708	
0.24	0.590112027498	
0.241	0.588560317481	
0.242	0.58700722758	
0.243	0.585452748807	
0.244	0.583896872272	
0.245	0.582339589175	
0.246	0.580780890808	
0.247	0.579220768557	
0.248	0.577659213893	
0.249	0.576096218379	
0.25	0.574531773667	
0.251	0.572965871495	
0.252	0.571398503687	
0.253	0.569829662154	
0.254	0.568259338892	
0.255	0.566687525981	
0.256	0.565114215584	
0.257	0.563539399948	
0.258	0.561963071401	
0.259	0.560385222351	
0.26	0.558805845289	
0.261	0.557224932785	
0.262	0.555642477488	
0.263	0.554058472124	
0.264	0.552472909499	
0.265	0.550885782495	
0.266	0.549297084071	
0.267	0.547706807261	
0.268	0.546114945175	
0.269	0.544521490996	
0.27	0.542926437984	
0.271	0.541329779469	
0.272	0.539731508856	
0.273	0.538131619621	
0.274	0.536530105312	
0.275	0.534926959549	
0.276	0.533322176019	
0.277	0.531715748484	
0.278	0.530107670771	
0.279	0.528497936779	
0.28	0.526886540473	
0.281	0.525273475886	
0.282	0.523658737121	
0.283	0.522042318344	
0.284	0.520424213789	
0.285	0.518804417757	
0.286	0.517182924612	
0.287	0.515559728785	
0.288	0.513934824769	
0.289	0.512308207124	
0.29	0.51067987047	
0.291	0.509049809493	
0.292	0.50741801894	
0.293	0.505784493619	
0.294	0.504149228404	
0.295	0.502512218224	
0.296	0.500873458075	
0.297	0.499232943009	
0.298	0.497590668141	
0.299	0.495946628644	
0.3	0.49430081975	
0.301	0.492653236751	
0.302	0.491003874996	
0.303	0.489352729895	
0.304	0.487699796913	
0.305	0.486045071573	
0.306	0.484388549455	
0.307	0.482730226195	
0.308	0.481070097488	
0.309	0.479408159082	
0.31	0.477744406781	
0.311	0.476078836446	
0.312	0.47441144399	
0.313	0.472742225384	
0.314	0.471071176651	
0.315	0.469398293869	
0.316	0.467723573168	
0.317	0.466047010733	
0.318	0.464368602801	
0.319	0.462688345663	
0.32	0.46100623566	
0.321	0.459322269188	
0.322	0.457636442692	
0.323	0.45594875267	
0.324	0.454259195672	
0.325	0.452567768297	
0.326	0.450874467195	
0.327	0.449179289068	
0.328	0.447482230667	
0.329	0.445783288792	
0.33	0.444082460294	
0.331	0.442379742071	
0.332	0.440675131074	
0.333	0.438968624299	
0.334	0.437260218792	
0.335	0.435549911648	
0.336	0.433837700008	
0.337	0.432123581063	
0.338	0.43040755205	
0.339	0.428689610253	
0.34	0.426969753005	
0.341	0.425247977684	
0.342	0.423524281716	
0.343	0.421798662571	
0.344	0.420071117768	
0.345	0.41834164487	
0.346	0.416610241487	
0.347	0.414876905273	
0.348	0.413141633928	
0.349	0.411404425197	
0.35	0.40966527687	
0.351	0.407924186782	
0.352	0.406181152811	
0.353	0.40443617288	
0.354	0.402689244957	
0.355	0.400940367052	
0.356	0.399189537219	
0.357	0.397436753558	
0.358	0.395682014208	
0.359	0.393925317354	
0.36	0.392166661222	
0.361	0.390406044083	
0.362	0.388643464249	
0.363	0.386878920073	
0.364	0.385112409953	
0.365	0.383343932326	
0.366	0.381573485674	
0.367	0.379801068516	
0.368	0.378026679417	
0.369	0.376250316981	
0.37	0.374471979854	
0.371	0.37269166672	
0.372	0.370909376308	
0.373	0.369125107385	
0.374	0.367338858759	
0.375	0.365550629278	
0.376	0.36376041783	
0.377	0.361968223344	
0.378	0.360174044786	
0.379	0.358377881166	
0.38	0.356579731529	
0.381	0.354779594961	
0.382	0.352977470589	
0.383	0.351173357577	
0.384	0.349367255127	
0.385	0.347559162481	
0.386	0.345749078921	
0.387	0.343937003765	
0.388	0.34212293637	
0.389	0.340306876131	
0.39	0.338488822481	
0.391	0.336668774892	
0.392	0.334846732873	
0.393	0.33302269597	
0.394	0.331196663766	
0.395	0.329368635883	
0.396	0.32753861198	
0.397	0.325706591751	
0.398	0.323872574929	
0.399	0.322036561282	
0.4	0.320198550618	
0.401	0.318358542778	
0.402	0.31651653764	
0.403	0.31467253512	
0.404	0.312826535169	
0.405	0.310978537774	
0.406	0.309128542958	
0.407	0.307276550781	
0.408	0.305422561336	
0.409	0.303566574755	
0.41	0.301708591202	
0.411	0.299848610878	
0.412	0.297986634021	
0.413	0.2961226609	
0.414	0.294256691824	
0.415	0.292388727131	
0.416	0.2905187672	
0.417	0.28864681244	
0.418	0.286772863296	
0.419	0.284896920249	
0.42	0.283018983811	
0.421	0.281139054532	
0.422	0.279257132994	
0.423	0.277373219813	
0.424	0.275487315639	
0.425	0.273599421156	
0.426	0.271709537083	
0.427	0.269817664171	
0.428	0.267923803205	
0.429	0.266027955002	
0.43	0.264130120415	
0.431	0.262230300329	
0.432	0.260328495662	
0.433	0.258424707364	
0.434	0.256518936421	
0.435	0.254611183847	
0.436	0.252701450694	
0.437	0.250789738043	
0.438	0.248876047009	
0.439	0.246960378739	
0.44	0.245042734413	
0.441	0.243123115242	
0.442	0.241201522471	
0.443	0.239277957375	
0.444	0.237352421264	
0.445	0.235424915476	
0.446	0.233495441383	
0.447	0.23156400039	
0.448	0.229630593931	
0.449	0.227695223474	
0.45	0.225757890516	
0.451	0.223818596587	
0.452	0.221877343248	
0.453	0.219934132092	
0.454	0.217988964742	
0.455	0.216041842852	
0.456	0.214092768107	
0.457	0.212141742224	
0.458	0.210188766951	
0.459	0.208233844064	
0.46	0.206276975372	
0.461	0.204318162715	
0.462	0.202357407962	
0.463	0.200394713013	
0.464	0.198430079798	
0.465	0.196463510278	
0.466	0.194495006443	
0.467	0.192524570315	
0.468	0.190552203945	
0.469	0.188577909412	
0.47	0.186601688829	
0.471	0.184623544335	
0.472	0.182643478101	
0.473	0.180661492327	
0.474	0.178677589242	
0.475	0.176691771105	
0.476	0.174704040205	
0.477	0.172714398859	
0.478	0.170722849414	
0.479	0.168729394248	
0.48	0.166734035765	
0.481	0.164736776399	
0.482	0.162737618615	
0.483	0.160736564905	
0.484	0.158733617789	
0.485	0.156728779819	
0.486	0.154722053574	
0.487	0.15271344166	
0.488	0.150702946713	
0.489	0.148690571399	
0.49	0.14667631841	
0.491	0.144660190469	
0.492	0.142642190323	
0.493	0.140622320753	
0.494	0.138600584564	
0.495	0.136576984589	
0.496	0.134551523693	
0.497	0.132524204765	
0.498	0.130495030722	
0.499	0.128464004513	
0.5	0.12643112911	
0.501	0.124396407515	
0.502	0.122359842758	
0.503	0.120321437895	
0.504	0.118281196011	
0.505	0.116239120219	
0.506	0.114195213656	
0.507	0.112149479491	
0.508	0.110101920918	
0.509	0.108052541156	
0.51	0.106001343456	
0.511	0.103948331092	
0.512	0.101893507367	
0.513	0.0998368756104	
0.514	0.0977784391791	
0.515	0.0957182014564	
0.516	0.0936561658522	
0.517	0.0915923358035	
0.518	0.0895267147739	
0.519	0.0874593062535	
0.52	0.0853901137593	
0.521	0.0833191408343	
0.522	0.0812463910484	
0.523	0.0791718679976	
0.524	0.0770955753044	
0.525	0.0750175166174	
0.526	0.0729376956117	
0.527	0.0708561159882	
0.528	0.0687727814742	
0.529	0.0666876958228	
0.53	0.0646008628133	
0.531	0.0625122862507	
0.532	0.0604219699661	
0.533	0.0583299178163	
0.534	0.0562361336838	
0.535	0.054140621477	
0.536	0.0520433851297	
0.537	0.0499444286014	
0.538	0.0478437558772	
0.539	0.0457413709676	
0.54	0.0436372779085	
0.541	0.0415314807613	
0.542	0.0394239836126	
0.543	0.0373147905742	
0.544	0.0352039057833	
0.545	0.0330913334021	
0.546	0.030977077618	
0.547	0.0288611426433	
0.548	0.0267435327154	
0.549	0.0246242520966	
0.55	0.0225033050741	
0.551	0.02038069596	
0.552	0.0182564290909	
0.553	0.0161305088285	
0.554	0.0140029395589	
0.555	0.0118737256929	
0.556	0.00974287166591	
0.557	0.00761038193777	
0.558	0.00547626099283	
0.559	0.00334051333983	
0.56	0.00120314351187	
0.561	-0.000935843933661	
0.562	-0.00307644441511	
0.563	-0.00521865332662	
0.564	-0.00736246603821	
0.565	-0.00950787789578	
0.566	-0.0116548842212	
0.567	-0.0138034803123	
0.568	-0.0159536614431	
0.569	-0.0181054228635	
0.57	-0.0202587597999	
0.571	-0.0224136674545	
0.572	-0.0245701410061	
0.573	-0.0267281756096	
0.574	-0.0288877663964	
0.575	-0.0310489084743	
0.576	-0.0332115969274	
0.577	-0.0353758268165	
0.578	-0.0375415931789	
0.579	-0.0397088910285	
0.58	-0.0418777153558	
0.581	-0.0440480611283	
0.582	-0.0462199232898	
0.583	-0.0483932967613	
0.584	-0.0505681764405	
0.585	-0.0527445572021	
0.586	-0.0549224338975	
0.587	-0.0571018013555	
0.588	-0.0592826543816	
0.589	-0.0614649877587	
0.59	-0.0636487962467	
0.591	-0.0658340745827	
0.592	-0.0680208174811	
0.593	-0.0702090196335	
0.594	-0.0723986757091	
0.595	-0.0745897803542	
0.596	-0.0767823281928	
0.597	-0.0789763138263	
0.598	-0.0811717318335	
0.599	-0.083368576771	
0.6	-0.085566843173	
0.601	-0.0877665255513	
0.602	-0.0899676183955	
0.603	-0.0921701161731	
0.604	-0.0943740133292	
0.605	-0.0965793042869	
0.606	-0.0987859834472	
0.607	-0.100994045189	
0.608	-0.10320348387	
0.609	-0.105414293825	
0.61	-0.107626469366	
0.611	-0.109840004786	
0.612	-0.112054894354	
0.613	-0.114271132318	
0.614	-0.116488712904	
0.615	-0.118707630317	
0.616	-0.120927878739	
0.617	-0.123149452333	
0.618	-0.125372345237	
0.619	-0.127596551571	
0.62	-0.129822065431	
0.621	-0.132048880893	
0.622	-0.134276992011	
0.623	-0.136506392819	
0.624	-0.138737077329	
0.625	-0.14096903953	
0.626	-0.143202273394	
0.627	-0.145436772867	
0.628	-0.147672531879	
0.629	-0.149909544334	
0.63	-0.15214780412	
0.631	-0.154387305099	
0.632	-0.156628041117	
0.633	-0.158870005997	
0.634	-0.16111319354	
0.635	-0.163357597528	
0.636	-0.165603211722	
0.637	-0.167850029862	
0.638	-0.170098045669	
0.639	-0.172347252841	
0.64	-0.174597645057	
0.641	-0.176849215975	
0.642	-0.179101959233	
0.643	-0.18135586845	
0.644	-0.183610937221	
0.645	-0.185867159125	
0.646	-0.188124527717	
0.647	-0.190383036536	
0.648	-0.192642679097	
0.649	-0.194903448897	
0.65	-0.197165339412	
0.651	-0.1994283441	
0.652	-0.201692456396	
0.653	-0.203957669718	
0.654	-0.206223977462	
0.655	-0.208491373006	
0.656	-0.210759849707	
0.657	-0.213029400903	
0.658	-0.215300019912	
0.659	-0.217571700032	
0.66	-0.219844434543	
0.661	-0.222118216704	
0.662	-0.224393039755	
0.663	-0.226668896916	
0.664	-0.228945781388	
0.665	-0.231223686355	
0.666	-0.233502604977	
0.667	-0.235782530399	
0.668	-0.238063455745	
0.669	-0.240345374119	
0.67	-0.242628278608	
0.671	-0.244912162279	
0.672	-0.24719701818	
0.673	-0.249482839338	
0.674	-0.251769618766	
0.675	-0.254057349453	
0.676	-0.256346024372	
0.677	-0.258635636477	
0.678	-0.260926178702	
0.679	-0.263217643964	
0.68	-0.26551002516	
0.681	-0.267803315169	
0.682	-0.270097506852	
0.683	-0.27239259305	
0.684	-0.274688566586	
0.685	-0.276985420267	
0.686	-0.279283146878	
0.687	-0.281581739189	
0.688	-0.283881189948	
0.689	-0.286181491888	
0.69	-0.288482637722	
0.691	-0.290784620147	
0.692	-0.293087431838	
0.693	-0.295391065457	
0.694	-0.297695513644	
0.695	-0.300000769023	
0.696	-0.3023068242	
0.697	-0.304613671761	
0.698	-0.306921304277	
0.699	-0.3092297143	
0.7	-0.311538894364	
0.701	-0.313848836987	
0.702	-0.316159534667	
0.703	-0.318470979885	
0.704	-0.320783165106	
0.705	-0.323096082776	
0.706	-0.325409725324	
0.707	-0.327724085161	
0.708	-0.330039154683	
0.709	-0.332354926265	
0.71	-0.334671392268	
0.711	-0.336988545034	
0.712	-0.339306376888	
0.713	-0.341624880138	
0.714	-0.343944047076	
0.715	-0.346263869975	
0.716	-0.348584341092	
0.717	-0.350905452669	
0.718	-0.353227196927	
0.719	-0.355549566073	
0.72	-0.357872552296	
0.721	-0.36019614777	
0.722	-0.362520344651	
0.723	-0.364845135077	
0.724	-0.367170511172	
0.725	-0.369496465041	
0.726	-0.371822988775	
0.727	-0.374150074446	
0.728	-0.376477714112	
0.729	-0.378805899812	
0.73	-0.381134623571	
0.731	-0.383463877396	
0.732	-0.385793653278	
0.733	-0.388123943194	
0.734	-0.390454739101	
0.735	-0.392786032943	
0.736	-0.395117816647	
0.737	-0.397450082123	
0.738	-0.399782821267	
0.739	-0.402116025956	
0.74	-0.404449688056	
0.741	-0.406783799411	
0.742	-0.409118351855	
0.743	-0.411453337201	
0.744	-0.413788747252	
0.745	-0.41612457379	
0.746	-0.418460808584	
0.747	-0.420797443388	
0.748	-0.423134469939	
0.749	-0.425471879959	
0.75	-0.427809665155	
0.751	-0.430147817219	
0.752	-0.432486327825	
0.753	-0.434825188636	
0.754	-0.437164391296	
0.755	-0.439503927435	
0.756	-0.441843788669	
0.757	-0.444183966598	
0.758	-0.446524452807	
0.759	-0.448865238865	
0.76	-0.451206316328	
0.761	-0.453547676736	
0.762	-0.455889311614	
0.763	-0.458231212472	
0.764	-0.460573370807	
0.765	-0.462915778098	
0.766	-0.465258425813	
0.767	-0.467601305402	
0.768	-0.469944408303	
0.769	-0.472287725938	
0.77	-0.474631249716	
0.771	-0.476974971029	
0.772	-0.479318881257	
0.773	-0.481662971764	
0.774	-0.484007233902	
0.775	-0.486351659006	
0.776	-0.488696238398	
0.777	-0.491040963386	
0.778	-0.493385825264	
0.779	-0.495730815311	
0.78	-0.498075924793	
0.781	-0.500421144962	
0.782	-0.502766467056	
0.783	-0.505111882297	
0.784	-0.507457381897	
0.785	-0.509802957051	
0.786	-0.512148598941	
0.787	-0.514494298738	
0.788	-0.516840047595	
0.789	-0.519185836654	
0.79	-0.521531657043	
0.791	-0.523877499877	
0.792	-0.526223356257	
0.793	-0.52856921727	
0.794	-0.53091507399	
0.795	-0.533260917478	
0.796	-0.535606738782	
0.797	-0.537952528937	
0.798	-0.540298278963	
0.799	-0.542643979869	
0.8	-0.54498962265	
0.801	-0.547335198287	
0.802	-0.54968069775	
0.803	-0.552026111995	
0.804	-0.554371431965	
0.805	-0.55671664859	
0.806	-0.559061752789	
0.807	-0.561406735465	
0.808	-0.563751587511	
0.809	-0.566096299806	
0.81	-0.568440863217	
0.811	-0.570785268599	
0.812	-0.573129506793	
0.813	-0.575473568629	
0.814	-0.577817444924	
0.815	-0.580161126481	
0.816	-0.582504604095	
0.817	-0.584847868543	
0.818	-0.587190910595	
0.819	-0.589533721005	
0.82	-0.591876290518	
0.821	-0.594218609864	
0.822	-0.596560669764	
0.823	-0.598902460923	
0.824	-0.601243974039	
0.825	-0.603585199794	
0.826	-0.605926128861	
0.827	-0.608266751898	
0.828	-0.610607059555	
0.829	-0.612947042468	
0.83	-0.615286691262	
0.831	-0.61762599655	
0.832	-0.619964948934	
0.833	-0.622303539004	
0.834	-0.624641757339	
0.835	-0.626979594506	
0.836	-0.629317041062	
0.837	-0.631654087551	
0.838	-0.633990724507	
0.839	-0.636326942452	
0.84	-0.638662731898	
0.841	-0.640998083343	
0.842	-0.643332987278	
0.843	-0.64566743418	
0.844	-0.648001414516	
0.845	-0.650334918743	
0.846	-0.652667937305	
0.847	-0.655000460637	
0.848	-0.657332479163	
0.849	-0.659663983296	
0.85	-0.661994963437	
0.851	-0.664325409979	
0.852	-0.666655313302	
0.853	-0.668984663778	
0.854	-0.671313451766	
0.855	-0.673641667616	
0.856	-0.675969301668	
0.857	-0.678296344249	
0.858	-0.680622785679	
0.859	-0.682948616267	
0.86	-0.68527382631	
0.861	-0.687598406098	
0.862	-0.689922345907	
0.863	-0.692245636006	
0.864	-0.694568266653	
0.865	-0.696890228096	
0.866	-0.699211510574	
0.867	-0.701532104314	
0.868	-0.703851999536	
0.869	-0.706171186448	
0.87	-0.70848965525	
0.871	-0.710807396131	
0.872	-0.713124399271	
0.873	-0.715440654841	
0.874	-0.717756153001	
0.875	-0.720070883904	
0.876	-0.72238483769	
0.877	-0.724698004494	
0.878	-0.727010374439	
0.879	-0.729321937639	
0.88	-0.731632684198	
0.881	-0.733942604214	
0.882	-0.736251687772	
0.883	-0.738559924952	
0.884	-0.74086730582	
0.885	-0.743173820439	
0.886	-0.745479458857	
0.887	-0.747784211119	
0.888	-0.750088067256	
0.889	-0.752391017294	
0.89	-0.754693051249	
0.891	-0.756994159128	
0.892	-0.759294330929	
0.893	-0.761593556644	
0.894	-0.763891826253	
0.895	-0.76618912973	
0.896	-0.76848545704	
0.897	-0.770780798139	
0.898	-0.773075142975	
0.899	-0.775368481489	
0.9	-0.777660803612	
0.901	-0.779952099269	
0.902	-0.782242358374	
0.903	-0.784531570835	
0.904	-0.786819726552	
0.905	-0.789106815417	
0.906	-0.791392827312	
0.907	-0.793677752115	
0.908	-0.795961579693	
0.909	-0.798244299906	
0.91	-0.800525902608	
0.911	-0.802806377643	
0.912	-0.805085714849	
0.913	-0.807363904056	
0.914	-0.809640935087	
0.915	-0.811916797755	
0.916	-0.81419148187	
0.917	-0.816464977231	
0.918	-0.818737273632	
0.919	-0.821008360857	
0.92	-0.823278228687	
0.921	-0.825546866893	
0.922	-0.827814265238	
0.923	-0.830080413481	
0.924	-0.832345301371	
0.925	-0.834608918653	
0.926	-0.836871255063	
0.927	-0.839132300331	
0.928	-0.841392044179	
0.929	-0.843650476326	
0.93	-0.845907586479	
0.931	-0.848163364342	
0.932	-0.850417799612	
0.933	-0.852670881978	
0.934	-0.854922601124	
0.935	-0.857172946728	
0.936	-0.85942190846	
0.937	-0.861669475984	
0.938	-0.863915638959	
0.939	-0.866160387036	
0.94	-0.868403709862	
0.941	-0.870645597076	
0.942	-0.872886038311	
0.943	-0.875125023196	
0.944	-0.877362541353	
0.945	-0.879598582396	
0.946	-0.881833135936	
0.947	-0.884066191577	
0.948	-0.886297738918	
0.949	-0.888527767552	
0.95	-0.890756267064	
0.951	-0.892983227038	
0.952	-0.895208637048	
0.953	-0.897432486665	
0.954	-0.899654765455	
0.955	-0.901875462977	
0.956	-0.904094568785	
0.957	-0.906312072429	
0.958	-0.908527963452	
0.959	-0.910742231392	
0.96	-0.912954865784	
0.961	-0.915165856155	
0.962	-0.91737519203	
0.963	-0.919582862926	
0.964	-0.921788858358	
0.965	-0.923993167833	
0.966	-0.926195780856	
0.967	-0.928396686925	
0.968	-0.930595875536	
0.969	-0.932793336177	
0.97	-0.934989058334	
0.971	-0.937183031488	
0.972	-0.939375245114	
0.973	-0.941565688684	
0.974	-0.943754351666	
0.975	-0.945941223521	
0.976	-0.948126293709	
0.977	-0.950309551684	
0.978	-0.952490986897	
0.979	-0.954670588792	
0.98	-0.956848346812	
0.981	-0.959024250395	
0.982	-0.961198288975	
0.983	-0.963370451981	
0.984	-0.96554072884	
0.985	-0.967709108974	
0.986	-0.969875581801	
0.987	-0.972040136736	
0.988	-0.974202763191	
0.989	-0.976363450572	
0.99	-0.978522188284	
0.991	-0.980678965727	
0.992	-0.982833772298	
0.993	-0.98498659739	
0.994	-0.987137430394	
0.995	-0.989286260696	
0.996	-0.991433077681	
0.997	-0.993577870728	
0.998	-0.995720629214	
0.999	-0.997861342514	
1.0	-1.0	
