0.0	2.0	
0.001	1.96837671537	
0.002	1.95527659471	
0.003	1.94522311754	
0.004	1.93674618555	
0.005	1.92927636374	
0.006	1.92252160785	
0.007	1.91630842769	
0.008	1.91052378282	
0.009	1.90508915345	
0.01	1.89994736842	
0.011	1.89505526695	
0.012	1.89037931638	
0.013	1.88589284902	
0.014	1.88157424201	
0.015	1.87740567428	
0.016	1.87337225159	
0.017	1.8694613747	
0.018	1.86566227264	
0.019	1.86196565154	
0.02	1.85836342554	
0.021	1.85484850774	
0.022	1.85141464544	
0.023	1.84805628875	
0.024	1.84476848468	
0.025	1.84154679091	
0.026	1.83838720494	
0.027	1.83528610541	
0.028	1.83224020308	
0.029	1.82924649969	
0.03	1.8263022531	
0.031	1.82340494766	
0.032	1.82055226878	
0.033	1.81774208118	
0.034	1.81497240993	
0.035	1.8122414241	
0.036	1.80954742245	
0.037	1.8068888209	
0.038	1.80426414152	
0.039	1.80167200281	
0.04	1.79911111111	
0.041	1.79658025296	
0.042	1.79407828826	
0.043	1.79160414426	
0.044	1.78915681005	
0.045	1.78673533167	
0.046	1.78433880775	
0.047	1.78196638549	
0.048	1.77961725708	
0.049	1.77729065642	
0.05	1.77498585618	
0.051	1.77270216506	
0.052	1.7704389254	
0.053	1.76819551084	
0.054	1.76597132432	
0.055	1.7637657962	
0.056	1.76157838245	
0.057	1.75940856314	
0.058	1.75725584092	
0.059	1.75511973969	
0.06	1.75299980331	
0.061	1.75089559447	
0.062	1.7488066936	
0.063	1.74673269788	
0.064	1.74467322033	
0.065	1.7426278889	
0.066	1.74059634572	
0.067	1.73857824631	
0.068	1.73657325891	
0.069	1.73458106383	
0.07	1.73260135283	
0.071	1.73063382853	
0.072	1.72867820391	
0.073	1.7267342018	
0.074	1.72480155441	
0.075	1.72288000285	
0.076	1.7209692968	
0.077	1.71906919401	
0.078	1.71717946003	
0.079	1.71529986781	
0.08	1.71343019738	
0.081	1.71157023556	
0.082	1.70971977563	
0.083	1.70787861709	
0.084	1.70604656541	
0.085	1.70422343173	
0.086	1.70240903266	
0.087	1.70060319007	
0.088	1.69880573085	
0.089	1.69701648674	
0.09	1.69523529412	
0.091	1.69346199382	
0.092	1.69169643098	
0.093	1.68993845488	
0.094	1.68818791875	
0.095	1.68644467967	
0.096	1.6847085984	
0.097	1.68297953926	
0.098	1.68125736999	
0.099	1.67954196163	
0.1	1.67783318843	
0.101	1.67613092769	
0.102	1.67443505969	
0.103	1.67274546759	
0.104	1.6710620373	
0.105	1.66938465743	
0.106	1.66771321916	
0.107	1.6660476162	
0.108	1.66438774465	
0.109	1.66273350298	
0.11	1.66108479192	
0.111	1.65944151439	
0.112	1.65780357546	
0.113	1.65617088224	
0.114	1.65454334384	
0.115	1.65292087132	
0.116	1.65130337761	
0.117	1.64969077746	
0.118	1.6480829874	
0.119	1.64647992565	
0.12	1.64488151211	
0.121	1.64328766831	
0.122	1.64169831733	
0.123	1.64011338378	
0.124	1.63853279375	
0.125	1.63695647477	
0.126	1.63538435577	
0.127	1.63381636705	
0.128	1.63225244022	
0.129	1.63069250819	
0.13	1.6291365051	
0.131	1.62758436634	
0.132	1.62603602846	
0.133	1.62449142917	
0.134	1.62295050733	
0.135	1.62141320286	
0.136	1.61987945676	
0.137	1.61834921107	
0.138	1.61682240886	
0.139	1.61529899416	
0.14	1.61377891198	
0.141	1.61226210825	
0.142	1.61074852984	
0.143	1.6092381245	
0.144	1.60773084086	
0.145	1.60622662837	
0.146	1.60472543735	
0.147	1.6032272189	
0.148	1.60173192493	
0.149	1.60023950811	
0.15	1.59874992187	
0.151	1.59726312036	
0.152	1.59577905847	
0.153	1.59429769178	
0.154	1.59281897657	
0.155	1.59134286977	
0.156	1.58986932898	
0.157	1.58839831244	
0.158	1.58692977901	
0.159	1.58546368817	
0.16	1.584	
0.161	1.58253867516	
0.162	1.58107967488	
0.163	1.57962296096	
0.164	1.57816849576	
0.165	1.57671624215	
0.166	1.57526616354	
0.167	1.57381822386	
0.168	1.57237238754	
0.169	1.5709286195	
0.17	1.56948688515	
0.171	1.56804715037	
0.172	1.5666093815	
0.173	1.56517354533	
0.174	1.56373960913	
0.175	1.56230754055	
0.176	1.56087730771	
0.177	1.55944887914	
0.178	1.55802222377	
0.179	1.55659731094	
0.18	1.55517411039	
0.181	1.55375259224	
0.182	1.55233272698	
0.183	1.5509144855	
0.184	1.54949783903	
0.185	1.54808275916	
0.186	1.54666921785	
0.187	1.54525718739	
0.188	1.54384664041	
0.189	1.54243754987	
0.19	1.54102988906	
0.191	1.5396236316	
0.192	1.5382187514	
0.193	1.5368152227	
0.194	1.53541302003	
0.195	1.53401211822	
0.196	1.5326124924	
0.197	1.53121411798	
0.198	1.52981697065	
0.199	1.52842102637	
0.2	1.52702626139	
0.201	1.52563265221	
0.202	1.52424017561	
0.203	1.52284880861	
0.204	1.52145852849	
0.205	1.52006931278	
0.206	1.51868113926	
0.207	1.51729398593	
0.208	1.51590783106	
0.209	1.51452265312	
0.21	1.51313843082	
0.211	1.5117551431	
0.212	1.51037276912	
0.213	1.50899128826	
0.214	1.5076106801	
0.215	1.50623092443	
0.216	1.50485200128	
0.217	1.50347389084	
0.218	1.50209657352	
0.219	1.50072002993	
0.22	1.49934424088	
0.221	1.49796918734	
0.222	1.4965948505	
0.223	1.49522121172	
0.224	1.49384825254	
0.225	1.49247595469	
0.226	1.49110430006	
0.227	1.48973327074	
0.228	1.48836284895	
0.229	1.48699301712	
0.23	1.48562375781	
0.231	1.48425505377	
0.232	1.4828868879	
0.233	1.48151924326	
0.234	1.48015210305	
0.235	1.47878545064	
0.236	1.47741926956	
0.237	1.47605354346	
0.238	1.47468825616	
0.239	1.47332339162	
0.24	1.47195893393	
0.241	1.47059486734	
0.242	1.46923117621	
0.243	1.46786784507	
0.244	1.46650485856	
0.245	1.46514220146	
0.246	1.46377985867	
0.247	1.46241781524	
0.248	1.46105605633	
0.249	1.45969456722	
0.25	1.45833333333	
0.251	1.4569723402	
0.252	1.45561157346	
0.253	1.4542510189	
0.254	1.4528906624	
0.255	1.45153048995	
0.256	1.45017048767	
0.257	1.4488106418	
0.258	1.44745093865	
0.259	1.44609136467	
0.26	1.44473190642	
0.261	1.44337255054	
0.262	1.4420132838	
0.263	1.44065409306	
0.264	1.43929496527	
0.265	1.43793588751	
0.266	1.43657684692	
0.267	1.43521783078	
0.268	1.43385882643	
0.269	1.43249982132	
0.27	1.43114080299	
0.271	1.42978175908	
0.272	1.42842267731	
0.273	1.42706354549	
0.274	1.42570435153	
0.275	1.42434508341	
0.276	1.42298572922	
0.277	1.42162627711	
0.278	1.42026671532	
0.279	1.41890703219	
0.28	1.41754721613	
0.281	1.41618725563	
0.282	1.41482713925	
0.283	1.41346685565	
0.284	1.41210639355	
0.285	1.41074574176	
0.286	1.40938488916	
0.287	1.4080238247	
0.288	1.4066625374	
0.289	1.40530101639	
0.29	1.40393925082	
0.291	1.40257722994	
0.292	1.40121494306	
0.293	1.39985237958	
0.294	1.39848952894	
0.295	1.39712638067	
0.296	1.39576292436	
0.297	1.39439914965	
0.298	1.39303504628	
0.299	1.39167060402	
0.3	1.39030581272	
0.301	1.38894066229	
0.302	1.38757514272	
0.303	1.38620924402	
0.304	1.38484295631	
0.305	1.38347626973	
0.306	1.3821091745	
0.307	1.38074166089	
0.308	1.37937371925	
0.309	1.37800533995	
0.31	1.37663651344	
0.311	1.37526723023	
0.312	1.37389748087	
0.313	1.37252725597	
0.314	1.3711565462	
0.315	1.36978534229	
0.316	1.36841363499	
0.317	1.36704141515	
0.318	1.36566867363	
0.319	1.36429540136	
0.32	1.36292158931	
0.321	1.36154722853	
0.322	1.36017231007	
0.323	1.35879682508	
0.324	1.35742076471	
0.325	1.3560441202	
0.326	1.35466688281	
0.327	1.35328904386	
0.328	1.35191059471	
0.329	1.35053152676	
0.33	1.34915183147	
0.331	1.34777150033	
0.332	1.34639052489	
0.333	1.34500889672	
0.334	1.34362660746	
0.335	1.34224364877	
0.336	1.34086001237	
0.337	1.33947569	
0.338	1.33809067347	
0.339	1.33670495461	
0.34	1.3353185253	
0.341	1.33393137744	
0.342	1.332543503	
0.343	1.33115489397	
0.344	1.32976554238	
0.345	1.32837544031	
0.346	1.32698457986	
0.347	1.32559295318	
0.348	1.32420055245	
0.349	1.32280736989	
0.35	1.32141339776	
0.351	1.32001862835	
0.352	1.31862305399	
0.353	1.31722666703	
0.354	1.31582945988	
0.355	1.31443142497	
0.356	1.31303255476	
0.357	1.31163284175	
0.358	1.31023227848	
0.359	1.30883085751	
0.36	1.30742857143	
0.361	1.30602541288	
0.362	1.30462137452	
0.363	1.30321644904	
0.364	1.30181062916	
0.365	1.30040390765	
0.366	1.29899627729	
0.367	1.29758773089	
0.368	1.2961782613	
0.369	1.2947678614	
0.37	1.29335652409	
0.371	1.29194424231	
0.372	1.29053100903	
0.373	1.28911681722	
0.374	1.28770165991	
0.375	1.28628553016	
0.376	1.28486842103	
0.377	1.28345032563	
0.378	1.28203123709	
0.379	1.28061114857	
0.38	1.27919005324	
0.381	1.27776794432	
0.382	1.27634481504	
0.383	1.27492065867	
0.384	1.27349546849	
0.385	1.27206923781	
0.386	1.27064195997	
0.387	1.26921362833	
0.388	1.26778423628	
0.389	1.26635377723	
0.39	1.2649222446	
0.391	1.26348963187	
0.392	1.26205593251	
0.393	1.26062114002	
0.394	1.25918524794	
0.395	1.25774824981	
0.396	1.25631013921	
0.397	1.25487090973	
0.398	1.25343055499	
0.399	1.25198906864	
0.4	1.25054644432	
0.401	1.24910267573	
0.402	1.24765775657	
0.403	1.24621168056	
0.404	1.24476444145	
0.405	1.24331603301	
0.406	1.24186644902	
0.407	1.2404156833	
0.408	1.23896372966	
0.409	1.23751058197	
0.41	1.23605623408	
0.411	1.23460067988	
0.412	1.23314391327	
0.413	1.23168592819	
0.414	1.23022671858	
0.415	1.2287662784	
0.416	1.22730460163	
0.417	1.22584168228	
0.418	1.22437751435	
0.419	1.22291209189	
0.42	1.22144540895	
0.421	1.21997745961	
0.422	1.21850823794	
0.423	1.21703773807	
0.424	1.2155659541	
0.425	1.21409288019	
0.426	1.2126185105	
0.427	1.21114283919	
0.428	1.20966586045	
0.429	1.20818756851	
0.43	1.20670795757	
0.431	1.20522702188	
0.432	1.20374475569	
0.433	1.20226115328	
0.434	1.20077620893	
0.435	1.19928991695	
0.436	1.19780227166	
0.437	1.19631326738	
0.438	1.19482289847	
0.439	1.19333115929	
0.44	1.19183804421	
0.441	1.19034354763	
0.442	1.18884766396	
0.443	1.18735038762	
0.444	1.18585171304	
0.445	1.18435163468	
0.446	1.18285014699	
0.447	1.18134724446	
0.448	1.17984292157	
0.449	1.17833717284	
0.45	1.17682999277	
0.451	1.1753213759	
0.452	1.17381131678	
0.453	1.17229980996	
0.454	1.17078685001	
0.455	1.16927243151	
0.456	1.16775654907	
0.457	1.16623919729	
0.458	1.16472037079	
0.459	1.16320006421	
0.46	1.16167827218	
0.461	1.16015498938	
0.462	1.15863021046	
0.463	1.15710393011	
0.464	1.15557614302	
0.465	1.1540468439	
0.466	1.15251602746	
0.467	1.15098368844	
0.468	1.14944982156	
0.469	1.14791442158	
0.47	1.14637748327	
0.471	1.14483900139	
0.472	1.14329897072	
0.473	1.14175738607	
0.474	1.14021424224	
0.475	1.13866953403	
0.476	1.13712325628	
0.477	1.13557540383	
0.478	1.13402597151	
0.479	1.13247495419	
0.48	1.13092234674	
0.481	1.12936814402	
0.482	1.12781234093	
0.483	1.12625493236	
0.484	1.12469591322	
0.485	1.12313527842	
0.486	1.1215730229	
0.487	1.12000914157	
0.488	1.1184436294	
0.489	1.11687648132	
0.49	1.11530769231	
0.491	1.11373725733	
0.492	1.11216517137	
0.493	1.11059142941	
0.494	1.10901602645	
0.495	1.1074389575	
0.496	1.10586021758	
0.497	1.1042798017	
0.498	1.10269770491	
0.499	1.10111392223	
0.5	1.09952844873	
0.501	1.09794127945	
0.502	1.09635240947	
0.503	1.09476183386	
0.504	1.09316954769	
0.505	1.09157554606	
0.506	1.08997982407	
0.507	1.08838237682	
0.508	1.08678319942	
0.509	1.085182287	
0.51	1.08357963467	
0.511	1.08197523759	
0.512	1.08036909088	
0.513	1.0787611897	
0.514	1.07715152921	
0.515	1.07554010457	
0.516	1.07392691095	
0.517	1.07231194353	
0.518	1.0706951975	
0.519	1.06907666805	
0.52	1.06745635037	
0.521	1.06583423968	
0.522	1.06421033119	
0.523	1.06258462011	
0.524	1.06095710167	
0.525	1.0593277711	
0.526	1.05769662364	
0.527	1.05606365454	
0.528	1.05442885905	
0.529	1.05279223242	
0.53	1.05115376992	
0.531	1.04951346682	
0.532	1.04787131839	
0.533	1.04622731992	
0.534	1.04458146668	
0.535	1.04293375399	
0.536	1.04128417712	
0.537	1.0396327314	
0.538	1.03797941212	
0.539	1.03632421461	
0.54	1.03466713419	
0.541	1.03300816618	
0.542	1.03134730591	
0.543	1.02968454873	
0.544	1.02801988998	
0.545	1.026353325	
0.546	1.02468484915	
0.547	1.02301445778	
0.548	1.02134214627	
0.549	1.01966790997	
0.55	1.01799174427	
0.551	1.01631364453	
0.552	1.01463360615	
0.553	1.01295162451	
0.554	1.01126769501	
0.555	1.00958181304	
0.556	1.00789397401	
0.557	1.00620417331	
0.558	1.00451240637	
0.559	1.00281866859	
0.56	1.00112295541	
0.561	0.999425262234	
0.562	0.997725584502	
0.563	0.996023917646	
0.564	0.994320257101	
0.565	0.99261459831	
0.566	0.990906936718	
0.567	0.989197267776	
0.568	0.987485586936	
0.569	0.985771889657	
0.57	0.984056171399	
0.571	0.98233842763	
0.572	0.980618653818	
0.573	0.978896845436	
0.574	0.977172997961	
0.575	0.975447106874	
0.576	0.973719167659	
0.577	0.971989175804	
0.578	0.970257126801	
0.579	0.968523016144	
0.58	0.966786839331	
0.581	0.965048591866	
0.582	0.963308269252	
0.583	0.961565866999	
0.584	0.959821380618	
0.585	0.958074805624	
0.586	0.956326137536	
0.587	0.954575371876	
0.588	0.952822504167	
0.589	0.951067529938	
0.59	0.94931044472	
0.591	0.947551244045	
0.592	0.945789923451	
0.593	0.944026478478	
0.594	0.942260904667	
0.595	0.940493197565	
0.596	0.938723352719	
0.597	0.93695136568	
0.598	0.935177232002	
0.599	0.933400947241	
0.6	0.931622506956	
0.601	0.929841906709	
0.602	0.928059142063	
0.603	0.926274208585	
0.604	0.924487101845	
0.605	0.922697817413	
0.606	0.920906350864	
0.607	0.919112697773	
0.608	0.91731685372	
0.609	0.915518814285	
0.61	0.913718575052	
0.611	0.911916131606	
0.612	0.910111479534	
0.613	0.908304614427	
0.614	0.906495531875	
0.615	0.904684227474	
0.616	0.902870696818	
0.617	0.901054935506	
0.618	0.899236939137	
0.619	0.897416703315	
0.62	0.895594223641	
0.621	0.893769495722	
0.622	0.891942515166	
0.623	0.890113277581	
0.624	0.888281778579	
0.625	0.886448013772	
0.626	0.884611978775	
0.627	0.882773669204	
0.628	0.880933080676	
0.629	0.879090208811	
0.63	0.87724504923	
0.631	0.875397597555	
0.632	0.87354784941	
0.633	0.87169580042	
0.634	0.869841446213	
0.635	0.867984782415	
0.636	0.866125804658	
0.637	0.864264508572	
0.638	0.862400889789	
0.639	0.860534943942	
0.64	0.858666666667	
0.641	0.856796053599	
0.642	0.854923100375	
0.643	0.853047802634	
0.644	0.851170156015	
0.645	0.849290156159	
0.646	0.847407798707	
0.647	0.845523079302	
0.648	0.843635993587	
0.649	0.841746537207	
0.65	0.839854705807	
0.651	0.837960495035	
0.652	0.836063900536	
0.653	0.83416491796	
0.654	0.832263542955	
0.655	0.830359771172	
0.656	0.82845359826	
0.657	0.826545019871	
0.658	0.824634031658	
0.659	0.822720629272	
0.66	0.820804808367	
0.661	0.818886564597	
0.662	0.816965893617	
0.663	0.815042791082	
0.664	0.813117252648	
0.665	0.81118927397	
0.666	0.809258850706	
0.667	0.807325978513	
0.668	0.805390653048	
0.669	0.80345286997	
0.67	0.801512624936	
0.671	0.799569913606	
0.672	0.797624731639	
0.673	0.795677074694	
0.674	0.793726938432	
0.675	0.791774318511	
0.676	0.789819210592	
0.677	0.787861610336	
0.678	0.785901513402	
0.679	0.783938915453	
0.68	0.781973812148	
0.681	0.780006199149	
0.682	0.778036072117	
0.683	0.776063426712	
0.684	0.774088258597	
0.685	0.772110563431	
0.686	0.770130336876	
0.687	0.768147574594	
0.688	0.766162272244	
0.689	0.764174425489	
0.69	0.762184029988	
0.691	0.760191081403	
0.692	0.758195575393	
0.693	0.756197507619	
0.694	0.754196873742	
0.695	0.75219366942	
0.696	0.750187890314	
0.697	0.748179532082	
0.698	0.746168590384	
0.699	0.744155060878	
0.7	0.742138939223	
0.701	0.740120221076	
0.702	0.738098902094	
0.703	0.736074977936	
0.704	0.734048444256	
0.705	0.732019296713	
0.706	0.72998753096	
0.707	0.727953142653	
0.708	0.725916127448	
0.709	0.723876480997	
0.71	0.721834198954	
0.711	0.719789276972	
0.712	0.717741710704	
0.713	0.7156914958	
0.714	0.713638627912	
0.715	0.71158310269	
0.716	0.709524915783	
0.717	0.70746406284	
0.718	0.705400539509	
0.719	0.703334341437	
0.72	0.701265464271	
0.721	0.699193903656	
0.722	0.697119655237	
0.723	0.695042714657	
0.724	0.69296307756	
0.725	0.690880739588	
0.726	0.688795696381	
0.727	0.686707943581	
0.728	0.684617476826	
0.729	0.682524291755	
0.73	0.680428384004	
0.731	0.67832974921	
0.732	0.676228383009	
0.733	0.674124281033	
0.734	0.672017438917	
0.735	0.669907852291	
0.736	0.667795516788	
0.737	0.665680428035	
0.738	0.663562581663	
0.739	0.661441973297	
0.74	0.659318598565	
0.741	0.65719245309	
0.742	0.655063532496	
0.743	0.652931832406	
0.744	0.650797348441	
0.745	0.648660076219	
0.746	0.64652001136	
0.747	0.644377149481	
0.748	0.642231486196	
0.749	0.640083017121	
0.75	0.637931737868	
0.751	0.635777644049	
0.752	0.633620731273	
0.753	0.631460995149	
0.754	0.629298431283	
0.755	0.627133035282	
0.756	0.62496480275	
0.757	0.622793729288	
0.758	0.620619810499	
0.759	0.61844304198	
0.76	0.61626341933	
0.761	0.614080938144	
0.762	0.611895594018	
0.763	0.609707382544	
0.764	0.607516299314	
0.765	0.605322339916	
0.766	0.603125499938	
0.767	0.600925774967	
0.768	0.598723160587	
0.769	0.59651765238	
0.77	0.594309245927	
0.771	0.592097936807	
0.772	0.589883720597	
0.773	0.587666592873	
0.774	0.585446549207	
0.775	0.583223585172	
0.776	0.580997696338	
0.777	0.578768878271	
0.778	0.576537126538	
0.779	0.574302436703	
0.78	0.572064804328	
0.781	0.569824224972	
0.782	0.567580694195	
0.783	0.565334207551	
0.784	0.563084760595	
0.785	0.560832348879	
0.786	0.558576967953	
0.787	0.556318613365	
0.788	0.554057280659	
0.789	0.551792965381	
0.79	0.549525663071	
0.791	0.547255369268	
0.792	0.544982079511	
0.793	0.542705789333	
0.794	0.540426494268	
0.795	0.538144189846	
0.796	0.535858871596	
0.797	0.533570535044	
0.798	0.531279175713	
0.799	0.528984789125	
0.8	0.5266873708	
0.801	0.524386916254	
0.802	0.522083421002	
0.803	0.519776880557	
0.804	0.517467290427	
0.805	0.515154646122	
0.806	0.512838943145	
0.807	0.510520177	
0.808	0.508198343187	
0.809	0.505873437204	
0.81	0.503545454545	
0.811	0.501214390705	
0.812	0.498880241174	
0.813	0.496543001439	
0.814	0.494202666986	
0.815	0.491859233297	
0.816	0.489512695854	
0.817	0.487163050133	
0.818	0.48481029161	
0.819	0.482454415758	
0.82	0.480095418045	
0.821	0.477733293941	
0.822	0.475368038908	
0.823	0.472999648409	
0.824	0.470628117904	
0.825	0.468253442849	
0.826	0.465875618697	
0.827	0.4634946409	
0.828	0.461110504907	
0.829	0.458723206162	
0.83	0.456332740109	
0.831	0.453939102187	
0.832	0.451542287834	
0.833	0.449142292484	
0.834	0.446739111569	
0.835	0.444332740517	
0.836	0.441923174755	
0.837	0.439510409704	
0.838	0.437094440786	
0.839	0.434675263417	
0.84	0.432252873011	
0.841	0.42982726498	
0.842	0.427398434732	
0.843	0.424966377672	
0.844	0.422531089202	
0.845	0.420092564721	
0.846	0.417650799627	
0.847	0.415205789311	
0.848	0.412757529165	
0.849	0.410306014575	
0.85	0.407851240925	
0.851	0.405393203596	
0.852	0.402931897966	
0.853	0.400467319409	
0.854	0.397999463297	
0.855	0.395528324999	
0.856	0.393053899879	
0.857	0.390576183299	
0.858	0.388095170618	
0.859	0.385610857191	
0.86	0.383123238372	
0.861	0.380632309508	
0.862	0.378138065946	
0.863	0.375640503028	
0.864	0.373139616093	
0.865	0.370635400477	
0.866	0.368127851513	
0.867	0.36561696453	
0.868	0.363102734854	
0.869	0.360585157807	
0.87	0.358064228708	
0.871	0.355539942873	
0.872	0.353012295614	
0.873	0.35048128224	
0.874	0.347946898057	
0.875	0.345409138367	
0.876	0.342867998467	
0.877	0.340323473653	
0.878	0.337775559217	
0.879	0.335224250446	
0.88	0.332669542625	
0.881	0.330111431034	
0.882	0.327549910952	
0.883	0.324984977651	
0.884	0.322416626402	
0.885	0.319844852472	
0.886	0.317269651124	
0.887	0.314691017616	
0.888	0.312108947204	
0.889	0.309523435141	
0.89	0.306934476675	
0.891	0.304342067051	
0.892	0.301746201508	
0.893	0.299146875286	
0.894	0.296544083616	
0.895	0.293937821729	
0.896	0.291328084851	
0.897	0.288714868204	
0.898	0.286098167006	
0.899	0.283477976473	
0.9	0.280854291814	
0.901	0.278227108237	
0.902	0.275596420944	
0.903	0.272962225136	
0.904	0.270324516007	
0.905	0.267683288749	
0.906	0.26503853855	
0.907	0.262390260593	
0.908	0.259738450057	
0.909	0.257083102119	
0.91	0.254424211951	
0.911	0.25176177472	
0.912	0.24909578559	
0.913	0.246426239721	
0.914	0.243753132269	
0.915	0.241076458385	
0.916	0.238396213217	
0.917	0.23571239191	
0.918	0.233024989602	
0.919	0.23033400143	
0.92	0.227639422524	
0.921	0.224941248011	
0.922	0.222239473016	
0.923	0.219534092657	
0.924	0.216825102049	
0.925	0.214112496302	
0.926	0.211396270524	
0.927	0.208676419816	
0.928	0.205952939276	
0.929	0.203225823999	
0.93	0.200495069074	
0.931	0.197760669586	
0.932	0.195022620617	
0.933	0.192280917243	
0.934	0.189535554536	
0.935	0.186786527566	
0.936	0.184033831395	
0.937	0.181277461084	
0.938	0.178517411687	
0.939	0.175753678256	
0.94	0.172986255836	
0.941	0.17021513947	
0.942	0.167440324196	
0.943	0.164661805045	
0.944	0.161879577049	
0.945	0.159093635229	
0.946	0.156303974607	
0.947	0.153510590198	
0.948	0.150713477012	
0.949	0.147912630057	
0.95	0.145108044333	
0.951	0.142299714837	
0.952	0.139487636564	
0.953	0.136671804501	
0.954	0.13385221363	
0.955	0.131028858933	
0.956	0.128201735382	
0.957	0.125370837948	
0.958	0.122536161595	
0.959	0.119697701285	
0.96	0.116855451972	
0.961	0.114009408609	
0.962	0.111159566141	
0.963	0.108305919511	
0.964	0.105448463655	
0.965	0.102587193506	
0.966	0.0997221039903	
0.967	0.096853190032	
0.968	0.0939804465487	
0.969	0.0911038684536	
0.97	0.088223450655	
0.971	0.0853391880567	
0.972	0.0824510755574	
0.973	0.079559108051	
0.974	0.0766632804266	
0.975	0.0737635875684	
0.976	0.0708600243557	
0.977	0.067952585663	
0.978	0.0650412663596	
0.979	0.0621260613103	
0.98	0.0592069653745	
0.981	0.0562839734071	
0.982	0.0533570802577	
0.983	0.050426280771	
0.984	0.0474915697868	
0.985	0.0445529421397	
0.986	0.0416103926595	
0.987	0.0386639161708	
0.988	0.0357135074931	
0.989	0.0327591614411	
0.99	0.0298008728242	
0.991	0.0268386364467	
0.992	0.0238724471078	
0.993	0.0209022996017	
0.994	0.0179281887174	
0.995	0.0149501092386	
0.996	0.0119680559441	
0.997	0.00898202360731	
0.998	0.0059920069965	
0.999	0.00299800087478	
1.0	0.0	
