0.0	2.0	
0.001	1.96837627897	
0.002	1.95527504888	
0.003	1.9452198896	
0.004	1.93674075274	
0.005	1.92926823704	
0.006	1.92251032365	
0.007	1.91629354272	
0.008	1.91050487074	
0.009	1.90506580239	
0.01	1.89991917916	
0.011	1.89502185147	
0.012	1.89034029671	
0.013	1.88584785633	
0.014	1.8815229158	
0.015	1.87734766175	
0.016	1.87330720707	
0.017	1.86938895913	
0.018	1.86558215322	
0.019	1.86187750128	
0.02	1.85826692298	
0.021	1.85474333663	
0.022	1.85130049448	
0.023	1.84793285135	
0.024	1.84463545874	
0.025	1.84140387864	
0.026	1.83823411267	
0.027	1.83512254341	
0.028	1.83206588542	
0.029	1.82906114411	
0.03	1.82610558086	
0.031	1.82319668342	
0.032	1.8203321405	
0.033	1.81750982001	
0.034	1.81472775011	
0.035	1.81198410286	
0.036	1.80927717995	
0.037	1.8066054001	
0.038	1.80396728816	
0.039	1.80136146529	
0.04	1.79878664045	
0.041	1.79624160273	
0.042	1.79372521452	
0.043	1.79123640548	
0.044	1.78877416707	
0.045	1.78633754766	
0.046	1.78392564816	
0.047	1.78153761796	
0.048	1.77917265144	
0.049	1.77682998464	
0.05	1.77450889229	
0.051	1.77220868518	
0.052	1.76992870762	
0.053	1.76766833525	
0.054	1.76542697294	
0.055	1.76320405293	
0.056	1.7609990331	
0.057	1.75881139535	
0.058	1.75664064413	
0.059	1.75448630511	
0.06	1.75234792392	
0.061	1.75022506498	
0.062	1.74811731041	
0.063	1.74602425907	
0.064	1.74394552562	
0.065	1.74188073965	
0.066	1.73982954488	
0.067	1.73779159842	
0.068	1.73576657007	
0.069	1.73375414168	
0.07	1.73175400653	
0.071	1.72976586874	
0.072	1.72778944277	
0.073	1.72582445292	
0.074	1.72387063283	
0.075	1.72192772507	
0.076	1.71999548069	
0.077	1.71807365888	
0.078	1.71616202654	
0.079	1.71426035799	
0.08	1.71236843462	
0.081	1.71048604457	
0.082	1.70861298245	
0.083	1.70674904908	
0.084	1.70489405121	
0.085	1.70304780125	
0.086	1.70121011711	
0.087	1.69938082189	
0.088	1.69755974373	
0.089	1.69574671561	
0.09	1.69394157512	
0.091	1.69214416432	
0.092	1.69035432953	
0.093	1.68857192121	
0.094	1.68679679379	
0.095	1.68502880551	
0.096	1.68326781828	
0.097	1.68151369758	
0.098	1.67976631228	
0.099	1.67802553455	
0.1	1.67629123976	
0.101	1.67456330632	
0.102	1.67284161562	
0.103	1.6711260519	
0.104	1.66941650217	
0.105	1.66771285611	
0.106	1.66601500598	
0.107	1.66432284653	
0.108	1.66263627493	
0.109	1.66095519069	
0.11	1.65927949559	
0.111	1.65760909357	
0.112	1.65594389073	
0.113	1.65428379519	
0.114	1.65262871709	
0.115	1.65097856848	
0.116	1.64933326329	
0.117	1.64769271726	
0.118	1.64605684791	
0.119	1.64442557444	
0.12	1.64279881772	
0.121	1.64117650025	
0.122	1.63955854607	
0.123	1.63794488074	
0.124	1.63633543131	
0.125	1.63473012625	
0.126	1.63312889544	
0.127	1.6315316701	
0.128	1.62993838277	
0.129	1.62834896729	
0.13	1.62676335872	
0.131	1.62518149335	
0.132	1.62360330865	
0.133	1.62202874325	
0.134	1.62045773688	
0.135	1.61889023036	
0.136	1.61732616561	
0.137	1.61576548553	
0.138	1.61420813406	
0.139	1.61265405614	
0.14	1.61110319762	
0.141	1.60955550534	
0.142	1.608010927	
0.143	1.60646941122	
0.144	1.60493090748	
0.145	1.6033953661	
0.146	1.60186273824	
0.147	1.60033297585	
0.148	1.59880603167	
0.149	1.59728185922	
0.15	1.59576041276	
0.151	1.59424164728	
0.152	1.59272551848	
0.153	1.59121198278	
0.154	1.58970099726	
0.155	1.58819251969	
0.156	1.58668650848	
0.157	1.58518292267	
0.158	1.58368172194	
0.159	1.58218286656	
0.16	1.58068631742	
0.161	1.57919203598	
0.162	1.57769998426	
0.163	1.57621012487	
0.164	1.57472242093	
0.165	1.57323683612	
0.166	1.57175333463	
0.167	1.57027188116	
0.168	1.56879244093	
0.169	1.56731497964	
0.17	1.56583946346	
0.171	1.56436585904	
0.172	1.56289413349	
0.173	1.56142425439	
0.174	1.55995618973	
0.175	1.55848990795	
0.176	1.55702537792	
0.177	1.55556256893	
0.178	1.55410145066	
0.179	1.5526419932	
0.18	1.55118416703	
0.181	1.54972794303	
0.182	1.54827329244	
0.183	1.54682018687	
0.184	1.5453685983	
0.185	1.54391849907	
0.186	1.54246986185	
0.187	1.54102265968	
0.188	1.53957686593	
0.189	1.53813245427	
0.19	1.53668939873	
0.191	1.53524767364	
0.192	1.53380725366	
0.193	1.53236811373	
0.194	1.5309302291	
0.195	1.52949357533	
0.196	1.52805812826	
0.197	1.526623864	
0.198	1.52519075898	
0.199	1.52375878985	
0.2	1.52232793358	
0.201	1.52089816737	
0.202	1.5194694687	
0.203	1.51804181531	
0.204	1.51661518517	
0.205	1.51518955651	
0.206	1.51376490781	
0.207	1.51234121778	
0.208	1.51091846537	
0.209	1.50949662974	
0.21	1.50807569031	
0.211	1.50665562671	
0.212	1.50523641878	
0.213	1.50381804658	
0.214	1.50240049039	
0.215	1.50098373069	
0.216	1.49956774818	
0.217	1.49815252373	
0.218	1.49673803846	
0.219	1.49532427363	
0.22	1.49391121073	
0.221	1.49249883142	
0.222	1.49108711756	
0.223	1.48967605118	
0.224	1.48826561451	
0.225	1.48685578994	
0.226	1.48544656003	
0.227	1.48403790752	
0.228	1.48262981534	
0.229	1.48122226656	
0.23	1.47981524441	
0.231	1.47840873231	
0.232	1.47700271382	
0.233	1.47559717265	
0.234	1.47419209269	
0.235	1.47278745795	
0.236	1.47138325261	
0.237	1.46997946101	
0.238	1.4685760676	
0.239	1.467173057	
0.24	1.46577041397	
0.241	1.46436812339	
0.242	1.46296617031	
0.243	1.46156453987	
0.244	1.46016321738	
0.245	1.45876218827	
0.246	1.45736143809	
0.247	1.45596095254	
0.248	1.45456071742	
0.249	1.45316071866	
0.25	1.45176094234	
0.251	1.45036137461	
0.252	1.44896200178	
0.253	1.44756281026	
0.254	1.44616378657	
0.255	1.44476491737	
0.256	1.44336618939	
0.257	1.44196758952	
0.258	1.44056910471	
0.259	1.43917072205	
0.26	1.43777242873	
0.261	1.43637421203	
0.262	1.43497605936	
0.263	1.4335779582	
0.264	1.43217989615	
0.265	1.43078186092	
0.266	1.42938384029	
0.267	1.42798582215	
0.268	1.42658779448	
0.269	1.42518974537	
0.27	1.42379166299	
0.271	1.42239353559	
0.272	1.42099535154	
0.273	1.41959709927	
0.274	1.41819876731	
0.275	1.41680034428	
0.276	1.41540181888	
0.277	1.4140031799	
0.278	1.41260441621	
0.279	1.41120551676	
0.28	1.40980647057	
0.281	1.40840726678	
0.282	1.40700789456	
0.283	1.4056083432	
0.284	1.40420860203	
0.285	1.40280866048	
0.286	1.40140850806	
0.287	1.40000813434	
0.288	1.39860752896	
0.289	1.39720668165	
0.29	1.39580558219	
0.291	1.39440422046	
0.292	1.39300258637	
0.293	1.39160066994	
0.294	1.39019846124	
0.295	1.38879595039	
0.296	1.38739312761	
0.297	1.38598998317	
0.298	1.38458650739	
0.299	1.38318269067	
0.3	1.38177852349	
0.301	1.38037399635	
0.302	1.37896909986	
0.303	1.37756382465	
0.304	1.37615816144	
0.305	1.37475210098	
0.306	1.37334563412	
0.307	1.37193875172	
0.308	1.37053144474	
0.309	1.36912370418	
0.31	1.36771552108	
0.311	1.36630688657	
0.312	1.3648977918	
0.313	1.363488228	
0.314	1.36207818644	
0.315	1.36066765845	
0.316	1.35925663541	
0.317	1.35784510875	
0.318	1.35643306995	
0.319	1.35502051055	
0.32	1.35360742213	
0.321	1.35219379633	
0.322	1.35077962482	
0.323	1.34936489934	
0.324	1.34794961167	
0.325	1.34653375362	
0.326	1.34511731709	
0.327	1.34370029398	
0.328	1.34228267625	
0.329	1.34086445593	
0.33	1.33944562507	
0.331	1.33802617575	
0.332	1.33660610014	
0.333	1.33518539041	
0.334	1.3337640388	
0.335	1.33234203757	
0.336	1.33091937904	
0.337	1.32949605557	
0.338	1.32807205955	
0.339	1.32664738342	
0.34	1.32522201965	
0.341	1.32379596077	
0.342	1.32236919932	
0.343	1.32094172791	
0.344	1.31951353916	
0.345	1.31808462576	
0.346	1.3166549804	
0.347	1.31522459583	
0.348	1.31379346484	
0.349	1.31236158025	
0.35	1.31092893491	
0.351	1.30949552171	
0.352	1.30806133358	
0.353	1.30662636349	
0.354	1.30519060442	
0.355	1.30375404941	
0.356	1.30231669152	
0.357	1.30087852385	
0.358	1.29943953953	
0.359	1.29799973173	
0.36	1.29655909364	
0.361	1.29511761848	
0.362	1.29367529953	
0.363	1.29223213007	
0.364	1.29078810342	
0.365	1.28934321294	
0.366	1.28789745201	
0.367	1.28645081405	
0.368	1.28500329249	
0.369	1.28355488083	
0.37	1.28210557255	
0.371	1.28065536118	
0.372	1.27920424031	
0.373	1.2777522035	
0.374	1.27629924438	
0.375	1.27484535659	
0.376	1.27339053381	
0.377	1.27193476973	
0.378	1.27047805809	
0.379	1.26902039264	
0.38	1.26756176716	
0.381	1.26610217545	
0.382	1.26464161136	
0.383	1.26318006873	
0.384	1.26171754145	
0.385	1.26025402343	
0.386	1.25878950861	
0.387	1.25732399095	
0.388	1.25585746442	
0.389	1.25438992304	
0.39	1.25292136083	
0.391	1.25145177186	
0.392	1.2499811502	
0.393	1.24850948995	
0.394	1.24703678525	
0.395	1.24556303023	
0.396	1.24408821908	
0.397	1.24261234597	
0.398	1.24113540514	
0.399	1.23965739081	
0.4	1.23817829725	
0.401	1.23669811873	
0.402	1.23521684957	
0.403	1.23373448407	
0.404	1.2322510166	
0.405	1.2307664415	
0.406	1.22928075318	
0.407	1.22779394603	
0.408	1.22630601448	
0.409	1.22481695298	
0.41	1.223326756	
0.411	1.22183541801	
0.412	1.22034293353	
0.413	1.21884929708	
0.414	1.2173545032	
0.415	1.21585854645	
0.416	1.21436142143	
0.417	1.21286312272	
0.418	1.21136364494	
0.419	1.20986298273	
0.42	1.20836113075	
0.421	1.20685808366	
0.422	1.20535383616	
0.423	1.20384838296	
0.424	1.20234171877	
0.425	1.20083383834	
0.426	1.19932473643	
0.427	1.19781440781	
0.428	1.19630284728	
0.429	1.19479004965	
0.43	1.19327600973	
0.431	1.19176072238	
0.432	1.19024418245	
0.433	1.18872638481	
0.434	1.18720732435	
0.435	1.18568699598	
0.436	1.18416539462	
0.437	1.1826425152	
0.438	1.18111835268	
0.439	1.17959290202	
0.44	1.1780661582	
0.441	1.17653811622	
0.442	1.17500877109	
0.443	1.17347811783	
0.444	1.17194615149	
0.445	1.17041286712	
0.446	1.16887825978	
0.447	1.16734232456	
0.448	1.16580505655	
0.449	1.16426645087	
0.45	1.16272650264	
0.451	1.16118520699	
0.452	1.15964255907	
0.453	1.15809855406	
0.454	1.15655318711	
0.455	1.15500645344	
0.456	1.15345834822	
0.457	1.1519088667	
0.458	1.15035800408	
0.459	1.14880575561	
0.46	1.14725211655	
0.461	1.14569708215	
0.462	1.14414064771	
0.463	1.1425828085	
0.464	1.14102355983	
0.465	1.13946289701	
0.466	1.13790081537	
0.467	1.13633731025	
0.468	1.13477237698	
0.469	1.13320601095	
0.47	1.13163820751	
0.471	1.13006896204	
0.472	1.12849826995	
0.473	1.12692612664	
0.474	1.12535252752	
0.475	1.12377746802	
0.476	1.12220094357	
0.477	1.12062294963	
0.478	1.11904348166	
0.479	1.11746253512	
0.48	1.1158801055	
0.481	1.11429618827	
0.482	1.11271077895	
0.483	1.11112387305	
0.484	1.10953546608	
0.485	1.10794555357	
0.486	1.10635413107	
0.487	1.10476119412	
0.488	1.10316673829	
0.489	1.10157075913	
0.49	1.09997325224	
0.491	1.0983742132	
0.492	1.0967736376	
0.493	1.09517152105	
0.494	1.09356785917	
0.495	1.09196264758	
0.496	1.09035588192	
0.497	1.08874755782	
0.498	1.08713767095	
0.499	1.08552621695	
0.5	1.0839131915	
0.501	1.08229859027	
0.502	1.08068240896	
0.503	1.07906464325	
0.504	1.07744528884	
0.505	1.07582434145	
0.506	1.0742017968	
0.507	1.07257765061	
0.508	1.07095189861	
0.509	1.06932453656	
0.51	1.0676955602	
0.511	1.06606496529	
0.512	1.0644327476	
0.513	1.06279890289	
0.514	1.06116342696	
0.515	1.05952631559	
0.516	1.05788756458	
0.517	1.05624716973	
0.518	1.05460512685	
0.519	1.05296143177	
0.52	1.0513160803	
0.521	1.04966906829	
0.522	1.04802039156	
0.523	1.04637004598	
0.524	1.04471802738	
0.525	1.04306433164	
0.526	1.04140895462	
0.527	1.0397518922	
0.528	1.03809314025	
0.529	1.03643269466	
0.53	1.03477055134	
0.531	1.03310670617	
0.532	1.03144115506	
0.533	1.02977389394	
0.534	1.02810491871	
0.535	1.02643422531	
0.536	1.02476180967	
0.537	1.02308766773	
0.538	1.02141179542	
0.539	1.0197341887	
0.54	1.01805484354	
0.541	1.01637375588	
0.542	1.0146909217	
0.543	1.01300633697	
0.544	1.01131999767	
0.545	1.00963189979	
0.546	1.00794203931	
0.547	1.00625041225	
0.548	1.00455701458	
0.549	1.00286184233	
0.55	1.00116489151	
0.551	0.999466158137	
0.552	0.99776563823	
0.553	0.996063327821	
0.554	0.994359222943	
0.555	0.992653319637	
0.556	0.990945613947	
0.557	0.989236101921	
0.558	0.987524779615	
0.559	0.985811643087	
0.56	0.984096688402	
0.561	0.982379911629	
0.562	0.980661308841	
0.563	0.978940876118	
0.564	0.977218609543	
0.565	0.975494505204	
0.566	0.973768559193	
0.567	0.972040767608	
0.568	0.97031112655	
0.569	0.968579632125	
0.57	0.966846280445	
0.571	0.965111067623	
0.572	0.96337398978	
0.573	0.961635043039	
0.574	0.959894223527	
0.575	0.958151527378	
0.576	0.956406950726	
0.577	0.954660489713	
0.578	0.952912140483	
0.579	0.951161899184	
0.58	0.949409761969	
0.581	0.947655724994	
0.582	0.945899784419	
0.583	0.944141936408	
0.584	0.94238217713	
0.585	0.940620502756	
0.586	0.938856909461	
0.587	0.937091393425	
0.588	0.935323950831	
0.589	0.933554577864	
0.59	0.931783270716	
0.591	0.930010025579	
0.592	0.92823483865	
0.593	0.92645770613	
0.594	0.924678624223	
0.595	0.922897589137	
0.596	0.921114597081	
0.597	0.919329644269	
0.598	0.91754272692	
0.599	0.915753841253	
0.6	0.913962983491	
0.601	0.912170149863	
0.602	0.910375336597	
0.603	0.908578539926	
0.604	0.906779756087	
0.605	0.904978981319	
0.606	0.903176211863	
0.607	0.901371443964	
0.608	0.899564673871	
0.609	0.897755897834	
0.61	0.895945112106	
0.611	0.894132312944	
0.612	0.892317496607	
0.613	0.890500659357	
0.614	0.888681797458	
0.615	0.886860907177	
0.616	0.885037984785	
0.617	0.883213026553	
0.618	0.881386028756	
0.619	0.879556987673	
0.62	0.877725899582	
0.621	0.875892760766	
0.622	0.874057567511	
0.623	0.872220316103	
0.624	0.870381002832	
0.625	0.868539623991	
0.626	0.866696175872	
0.627	0.864850654773	
0.628	0.863003056992	
0.629	0.861153378831	
0.63	0.859301616593	
0.631	0.857447766582	
0.632	0.855591825107	
0.633	0.853733788476	
0.634	0.851873653001	
0.635	0.850011414997	
0.636	0.848147070777	
0.637	0.846280616661	
0.638	0.844412048966	
0.639	0.842541364016	
0.64	0.840668558132	
0.641	0.838793627641	
0.642	0.836916568868	
0.643	0.835037378143	
0.644	0.833156051795	
0.645	0.831272586159	
0.646	0.829386977566	
0.647	0.827499222353	
0.648	0.825609316857	
0.649	0.823717257416	
0.65	0.821823040372	
0.651	0.819926662066	
0.652	0.818028118842	
0.653	0.816127407045	
0.654	0.814224523021	
0.655	0.812319463119	
0.656	0.810412223687	
0.657	0.808502801078	
0.658	0.806591191642	
0.659	0.804677391734	
0.66	0.802761397708	
0.661	0.800843205921	
0.662	0.79892281273	
0.663	0.797000214494	
0.664	0.795075407573	
0.665	0.793148388328	
0.666	0.791219153121	
0.667	0.789287698317	
0.668	0.787354020279	
0.669	0.785418115373	
0.67	0.783479979966	
0.671	0.781539610427	
0.672	0.779597003123	
0.673	0.777652154425	
0.674	0.775705060703	
0.675	0.77375571833	
0.676	0.771804123678	
0.677	0.769850273121	
0.678	0.767894163033	
0.679	0.76593578979	
0.68	0.763975149769	
0.681	0.762012239345	
0.682	0.760047054897	
0.683	0.758079592803	
0.684	0.756109849443	
0.685	0.754137821198	
0.686	0.752163504446	
0.687	0.750186895572	
0.688	0.748207990955	
0.689	0.746226786979	
0.69	0.744243280028	
0.691	0.742257466485	
0.692	0.740269342734	
0.693	0.738278905161	
0.694	0.736286150152	
0.695	0.734291074092	
0.696	0.732293673368	
0.697	0.730293944367	
0.698	0.728291883476	
0.699	0.726287487083	
0.7	0.724280751577	
0.701	0.722271673345	
0.702	0.720260248778	
0.703	0.718246474264	
0.704	0.716230346192	
0.705	0.714211860953	
0.706	0.712191014937	
0.707	0.710167804534	
0.708	0.708142226135	
0.709	0.70611427613	
0.71	0.704083950911	
0.711	0.702051246868	
0.712	0.700016160394	
0.713	0.697978687879	
0.714	0.695938825715	
0.715	0.693896570294	
0.716	0.691851918007	
0.717	0.689804865246	
0.718	0.687755408403	
0.719	0.685703543869	
0.72	0.683649268036	
0.721	0.681592577297	
0.722	0.679533468042	
0.723	0.677471936664	
0.724	0.675407979553	
0.725	0.673341593101	
0.726	0.6712727737	
0.727	0.66920151774	
0.728	0.667127821613	
0.729	0.665051681709	
0.73	0.662973094419	
0.731	0.660892056133	
0.732	0.658808563241	
0.733	0.656722612134	
0.734	0.6546341992	
0.735	0.652543320829	
0.736	0.65044997341	
0.737	0.648354153331	
0.738	0.646255856981	
0.739	0.644155080749	
0.74	0.64205182102	
0.741	0.639946074183	
0.742	0.637837836623	
0.743	0.635727104729	
0.744	0.633613874884	
0.745	0.631498143475	
0.746	0.629379906886	
0.747	0.627259161502	
0.748	0.625135903707	
0.749	0.623010129883	
0.75	0.620881836414	
0.751	0.618751019682	
0.752	0.616617676068	
0.753	0.614481801953	
0.754	0.612343393718	
0.755	0.610202447741	
0.756	0.608058960403	
0.757	0.605912928081	
0.758	0.603764347154	
0.759	0.601613213997	
0.76	0.599459524988	
0.761	0.597303276501	
0.762	0.595144464911	
0.763	0.592983086593	
0.764	0.590819137919	
0.765	0.588652615262	
0.766	0.586483514993	
0.767	0.584311833483	
0.768	0.582137567101	
0.769	0.579960712217	
0.77	0.577781265198	
0.771	0.575599222412	
0.772	0.573414580224	
0.773	0.571227335	
0.774	0.569037483105	
0.775	0.566845020902	
0.776	0.564649944752	
0.777	0.562452251017	
0.778	0.560251936059	
0.779	0.558048996235	
0.78	0.555843427904	
0.781	0.553635227423	
0.782	0.551424391149	
0.783	0.549210915436	
0.784	0.546994796639	
0.785	0.544776031109	
0.786	0.5425546152	
0.787	0.54033054526	
0.788	0.53810381764	
0.789	0.535874428688	
0.79	0.53364237475	
0.791	0.531407652173	
0.792	0.5291702573	
0.793	0.526930186475	
0.794	0.52468743604	
0.795	0.522442002336	
0.796	0.520193881701	
0.797	0.517943070475	
0.798	0.515689564994	
0.799	0.513433361594	
0.8	0.511174456607	
0.801	0.508912846369	
0.802	0.506648527209	
0.803	0.504381495457	
0.804	0.502111747443	
0.805	0.499839279493	
0.806	0.497564087933	
0.807	0.495286169088	
0.808	0.49300551928	
0.809	0.490722134831	
0.81	0.48843601206	
0.811	0.486147147286	
0.812	0.483855536825	
0.813	0.481561176993	
0.814	0.479264064104	
0.815	0.47696419447	
0.816	0.474661564401	
0.817	0.472356170207	
0.818	0.470048008195	
0.819	0.46773707467	
0.82	0.465423365938	
0.821	0.463106878299	
0.822	0.460787608056	
0.823	0.458465551508	
0.824	0.456140704952	
0.825	0.453813064683	
0.826	0.451482626997	
0.827	0.449149388185	
0.828	0.446813344537	
0.829	0.444474492344	
0.83	0.442132827892	
0.831	0.439788347466	
0.832	0.43744104735	
0.833	0.435090923826	
0.834	0.432737973174	
0.835	0.430382191671	
0.836	0.428023575594	
0.837	0.425662121218	
0.838	0.423297824814	
0.839	0.420930682654	
0.84	0.418560691006	
0.841	0.416187846138	
0.842	0.413812144313	
0.843	0.411433581795	
0.844	0.409052154845	
0.845	0.406667859722	
0.846	0.404280692684	
0.847	0.401890649984	
0.848	0.399497727877	
0.849	0.397101922613	
0.85	0.394703230441	
0.851	0.392301647608	
0.852	0.38989717036	
0.853	0.387489794939	
0.854	0.385079517586	
0.855	0.382666334539	
0.856	0.380250242035	
0.857	0.37783123631	
0.858	0.375409313594	
0.859	0.372984470118	
0.86	0.37055670211	
0.861	0.368126005797	
0.862	0.365692377401	
0.863	0.363255813145	
0.864	0.360816309247	
0.865	0.358373861925	
0.866	0.355928467393	
0.867	0.353480121864	
0.868	0.351028821549	
0.869	0.348574562655	
0.87	0.346117341389	
0.871	0.343657153953	
0.872	0.341193996549	
0.873	0.338727865376	
0.874	0.33625875663	
0.875	0.333786666506	
0.876	0.331311591195	
0.877	0.328833526887	
0.878	0.326352469769	
0.879	0.323868416025	
0.88	0.321381361838	
0.881	0.318891303389	
0.882	0.316398236853	
0.883	0.313902158407	
0.884	0.311403064222	
0.885	0.30890095047	
0.886	0.306395813317	
0.887	0.303887648929	
0.888	0.301376453468	
0.889	0.298862223094	
0.89	0.296344953965	
0.891	0.293824642236	
0.892	0.29130128406	
0.893	0.288774875587	
0.894	0.286245412963	
0.895	0.283712892333	
0.896	0.281177309841	
0.897	0.278638661625	
0.898	0.276096943822	
0.899	0.273552152567	
0.9	0.271004283991	
0.901	0.268453334223	
0.902	0.26589929939	
0.903	0.263342175615	
0.904	0.26078195902	
0.905	0.258218645722	
0.906	0.255652231837	
0.907	0.253082713479	
0.908	0.250510086756	
0.909	0.247934347777	
0.91	0.245355492645	
0.911	0.242773517464	
0.912	0.240188418331	
0.913	0.237600191343	
0.914	0.235008832594	
0.915	0.232414338173	
0.916	0.22981670417	
0.917	0.227215926668	
0.918	0.22461200175	
0.919	0.222004925494	
0.92	0.219394693978	
0.921	0.216781303274	
0.922	0.214164749454	
0.923	0.211545028584	
0.924	0.20892213673	
0.925	0.206296069953	
0.926	0.203666824312	
0.927	0.201034395862	
0.928	0.198398780657	
0.929	0.195759974747	
0.93	0.193117974178	
0.931	0.190472774994	
0.932	0.187824373236	
0.933	0.185172764942	
0.934	0.182517946147	
0.935	0.179859912883	
0.936	0.177198661177	
0.937	0.174534187056	
0.938	0.171866486542	
0.939	0.169195555655	
0.94	0.166521390411	
0.941	0.163843986823	
0.942	0.161163340901	
0.943	0.158479448651	
0.944	0.155792306079	
0.945	0.153101909184	
0.946	0.150408253964	
0.947	0.147711336413	
0.948	0.145011152521	
0.949	0.142307698278	
0.95	0.139600969667	
0.951	0.136890962669	
0.952	0.134177673264	
0.953	0.131461097425	
0.954	0.128741231124	
0.955	0.126018070329	
0.956	0.123291611007	
0.957	0.120561849117	
0.958	0.117828780619	
0.959	0.115092401467	
0.96	0.112352707614	
0.961	0.109609695008	
0.962	0.106863359594	
0.963	0.104113697313	
0.964	0.101360704103	
0.965	0.0986043759002	
0.966	0.0958447086354	
0.967	0.0930816982366	
0.968	0.0903153406285	
0.969	0.0875456317323	
0.97	0.0847725674658	
0.971	0.0819961437432	
0.972	0.0792163564753	
0.973	0.0764332015695	
0.974	0.0736466749295	
0.975	0.0708567724558	
0.976	0.0680634900451	
0.977	0.0652668235908	
0.978	0.0624667689825	
0.979	0.0596633221065	
0.98	0.0568564788453	
0.981	0.0540462350781	
0.982	0.0512325866804	
0.983	0.048415529524	
0.984	0.0455950594772	
0.985	0.0427711724047	
0.986	0.0399438641674	
0.987	0.0371131306229	
0.988	0.0342789676248	
0.989	0.0314413710232	
0.99	0.0286003366646	
0.991	0.0257558603916	
0.992	0.0229079380432	
0.993	0.0200565654549	
0.994	0.0172017384582	
0.995	0.0143434528809	
0.996	0.0114817045473	
0.997	0.00861648927764	
0.998	0.00574780288861	
0.999	0.00287564119304	
1.0	0.0	
