-0.74 0.17 -0.06 0.69 0.28 -0.49 0.18 -0.54 0.68 0.74 -0.62 -0.13 0.34 0.39 0.76 -0.18 -0.97 -0.76 -0.4 0.46 -0.63 0.69 0.32 0.57 0.48 0.61 -0.35 -0.99 0.35 -0.29 0.69 0.53 -0.7 -0.98 -0.77 0.74 -0.1 -0.45 0.52 -0.53 -0.53 -0.53 0.49 -0.04 0.16 0.78 -0.43 0.66 -0.23 
0.71 0.71 -0.71 0.49 0.37 -0.27 -0.13 -0.08 0.47 0.54 0.62 -0.37 -0.06 0.21 0.28 0.91 0.39 -0.62 -0.77 0.98 -0.75 -0.63 0.46 -0.11 0.75 -0.92 -0.8 0.95 0.09 -0.24 -0.26 0.73 -0.46 0.81 0.1 0.06 -0.41 0.09 -0.26 -0.68 -0.64 -0.48 -0.68 0.54 -0.78 -0.9 0.01 -0.41 0.21 
0.08 0.58 -0.38 -0.42 -0.98 -0.03 0.98 0.75 0.68 -0.73 -0.87 0.78 -0.82 0.15 0.18 0.1 -0.69 0.4 -0.02 0.18 -0.1 -0.2 0.17 0.15 -0.59 0.62 0.79 0.45 0.93 0.77 -0.67 -0.48 0.68 0.66 -0.38 -0.04 0.54 0.4 -0.37 0.99 -0.26 0.19 -0.89 0.56 0.42 0.56 0.35 0.17 0.13 
-0.4 -0.69 0.56 -0.34 0.44 -0.25 0.05 -0.06 -0.08 0.39 -0.99 -0.56 -0.65 0.05 -0.72 -0.05 0.67 -0.37 0.72 0.62 0.75 0.15 -0.73 -0.62 -0.13 0.33 -0.87 0.73 -0.6 0.35 -0.32 -0.13 -0.94 0.92 0.33 0.98 0.47 0.4 -0.03 0.68 0.29 -0.08 0.67 0.0 -0.76 0.6 -0.08 0.72 -0.31 
-0.91 0.43 0.62 -0.23 0.78 0.92 0.44 0.51 -0.26 -0.89 -0.23 0.59 0.55 0.95 0.71 -0.28 0.52 -0.32 -0.95 -0.96 -0.97 0.95 0.94 0.63 -0.81 -0.87 -0.62 -0.51 -0.54 0.43 0.83 0.39 0.62 0.63 0.77 0.13 -0.09 -0.65 0.21 0.81 0.31 0.42 0.36 0.88 0.65 0.34 -0.02 -0.96 -0.19 
-0.89 0.22 -0.58 0.26 0.26 -0.74 -0.97 -0.99 0.14 -0.99 -0.21 -0.47 0.16 0.53 -0.7 0.46 -0.83 -0.82 -0.93 -0.94 0.38 -0.46 -0.37 0.24 0.92 0.6 -0.31 -0.32 0.37 -0.84 -0.88 0.24 -0.52 0.68 -0.1 -0.33 0.86 0.31 -0.83 0.6 -0.05 -0.16 -0.71 0.82 0.27 -0.33 -0.82 0.44 -1.0 
-0.95 -0.36 -0.7 -0.33 -0.35 0.99 0.98 0.94 0.58 -0.64 0.6 -0.83 -0.31 -0.03 -0.59 0.83 0.69 -0.13 0.71 0.04 -0.21 0.99 -0.26 -0.93 -0.99 -0.26 -0.76 0.96 -0.42 0.93 0.66 0.12 -0.68 0.77 0.99 0.43 -0.73 -0.93 0.85 0.21 0.79 -0.85 -0.72 0.38 0.61 -0.79 -0.23 -0.73 0.08 
0.02 -0.29 0.59 0.51 -0.89 -0.62 0.52 0.98 -0.09 -0.33 -0.43 0.7 0.88 0.73 0.15 0.8 -0.98 -0.58 0.59 -0.19 0.63 -0.08 -0.4 -0.38 -0.98 -0.92 -0.6 0.24 0.96 0.63 0.22 -0.73 0.05 0.91 0.37 0.79 0.39 0.17 0.97 0.97 0.01 -0.31 0.26 -0.78 -0.71 0.2 0.53 -0.74 0.3 
0.21 -0.03 -0.19 -0.35 0.87 -0.25 0.66 0.68 -0.86 0.92 -0.4 -0.86 -0.2 -0.06 -0.3 0.55 0.02 -0.39 0.51 -0.15 -0.39 -0.51 -0.85 -0.71 0.59 -0.34 -0.89 0.95 -0.24 0.26 -0.57 -0.28 0.1 -0.96 0.03 0.08 0.46 -0.89 0.21 0.81 0.17 0.87 -0.68 0.36 0.48 -0.14 -0.6 0.67 0.56 
-0.82 0.24 -0.23 0.0 -0.13 -0.5 0.87 -0.23 0.62 -0.21 0.29 0.54 -0.53 -0.67 -0.26 0.43 -0.73 -0.52 0.58 0.23 -0.3 -0.38 -0.05 0.95 -0.33 0.36 0.72 0.15 0.42 0.1 -0.22 0.34 -0.67 0.97 0.97 -0.12 -0.75 -0.23 0.3 0.6 -0.19 -0.02 -0.47 0.99 0.12 -0.77 0.93 0.65 0.99 
0.76 0.7 -0.02 -0.43 -0.22 -0.16 -0.09 -0.2 0.03 0.99 -0.75 0.11 0.46 -0.99 0.98 -0.69 0.01 -0.52 0.21 -0.82 0.2 -0.66 -0.17 0.59 0.47 -0.01 0.64 -0.62 0.16 0.83 -0.55 -0.08 -0.88 0.43 -0.15 0.68 0.88 -0.68 0.99 0.66 0.88 0.77 0.56 0.12 -0.6 -0.53 -0.85 -0.06 -0.48 
-0.87 0.85 -0.24 0.82 0.54 -0.16 0.58 0.54 0.72 0.11 -0.04 -0.41 -0.19 0.37 -0.89 -0.52 0.55 -0.66 0.61 0.5 -0.84 -0.93 0.97 0.09 0.27 0.35 0.58 0.02 -0.95 -0.37 0.41 -0.9 -0.34 -0.95 -0.12 0.86 -0.89 -0.25 0.32 -0.63 -0.87 0.54 -0.29 -0.51 0.49 0.81 0.8 -0.53 0.85 
0.05 -0.1 0.13 -0.1 0.89 -0.28 0.19 -0.29 -0.06 0.68 -0.26 -0.16 -0.78 0.35 -0.02 0.42 0.88 -0.68 0.88 -0.7 -0.32 0.08 -0.5 -0.44 -0.39 0.03 0.17 -0.92 -0.63 -0.54 -0.83 -0.13 -0.92 -0.63 0.89 -0.43 0.88 0.31 0.07 0.46 0.99 0.79 -0.13 0.02 0.69 0.05 0.04 -0.84 0.89 
-0.54 -0.36 0.72 -0.9 0.39 -0.12 -0.97 0.06 -0.47 1.0 -0.85 0.87 0.64 0.49 0.69 -0.05 0.97 0.21 0.66 0.93 -0.62 0.72 -0.57 0.42 0.66 -0.04 -0.03 0.1 0.67 -0.42 0.98 -0.36 -0.92 -0.78 0.52 -0.7 0.23 -0.41 -0.33 -0.05 -0.39 -0.33 0.65 0.14 0.08 -0.73 0.36 0.45 0.36 
-0.27 -0.92 0.94 -0.52 0.31 -0.52 -1.0 0.65 0.88 0.88 -0.41 -0.2 -0.54 0.86 0.05 0.54 -0.78 -0.5 -0.59 0.43 0.58 -0.49 0.85 -0.07 0.85 -0.56 0.24 0.12 -0.07 0.66 0.31 0.09 0.23 0.08 0.78 0.51 -0.22 0.02 -0.32 0.25 -0.93 -0.27 -0.82 0.25 0.36 -0.91 -0.18 -0.28 0.29 
-0.37 0.03 -0.76 -0.48 0.7 0.42 -0.01 -0.29 0.4 0.53 -0.03 0.22 -0.38 0.2 -0.37 -0.48 -0.93 -0.72 -0.39 0.69 0.44 0.51 0.21 0.78 -0.61 0.34 1.0 -0.86 0.52 -0.14 0.73 0.84 0.59 0.96 -0.57 -0.31 0.89 -0.4 -0.43 0.71 0.23 -0.83 0.33 0.24 0.8 -0.43 0.52 -0.59 -0.15 
-0.98 -0.9 -0.32 0.2 -0.58 -0.1 0.2 -0.35 -0.44 0.27 -0.27 0.1 -0.89 -0.17 0.82 0.74 0.05 0.29 0.96 -0.18 0.95 -0.46 0.88 0.75 0.68 0.35 -0.69 -0.21 -0.13 0.2 -0.31 0.44 -0.13 -0.21 0.77 0.62 0.0 0.76 -0.78 0.39 0.39 0.94 0.78 -0.38 0.17 0.35 -0.58 0.66 0.89 
0.04 -0.74 -0.27 0.53 0.65 0.33 -0.34 0.81 -0.59 -0.34 0.29 -0.81 -0.11 -0.66 0.88 0.34 0.16 -0.67 -0.79 -0.34 -0.61 -0.37 0.64 -0.94 0.78 0.69 0.81 -0.66 -0.9 -0.65 -0.31 0.9 -0.87 0.59 0.01 0.8 0.1 -0.01 0.45 -0.39 0.28 -0.21 0.11 0.83 -0.24 0.76 0.87 0.99 -0.07 
0.36 0.01 -0.68 0.31 0.2 -0.92 -0.64 -0.4 0.95 -0.36 0.53 0.55 -0.18 -0.04 -0.95 -1.0 0.4 0.78 -0.49 0.13 0.58 0.29 -0.66 0.29 0.3 0.39 -0.7 -0.67 -0.14 0.7 0.34 0.21 -0.6 0.46 -0.18 0.14 -0.05 -0.92 0.58 0.61 -0.99 -0.41 0.86 0.87 0.31 -0.06 0.51 0.81 -0.56 
-0.55 0.42 0.01 -0.71 0.59 -0.85 -0.39 -0.13 -0.51 -0.93 0.94 0.41 -0.48 -0.64 0.03 0.52 -0.04 -0.05 0.08 -0.26 0.06 0.89 0.98 -0.93 -0.33 -0.84 -0.72 -0.95 0.7 0.16 -0.22 0.44 0.84 -0.21 0.77 0.93 -0.31 -0.97 -0.58 0.3 -0.82 0.86 0.35 -0.47 0.72 -0.96 -0.47 0.19 0.72 
0.03 -0.11 0.81 -0.35 0.67 0.02 0.58 -0.78 -0.48 0.66 0.45 -0.42 -0.56 0.19 0.89 -0.25 0.55 0.17 0.84 0.31 0.48 -0.57 0.76 0.37 0.7 -0.83 -0.92 0.33 -0.6 0.65 -0.43 -0.93 0.53 -0.96 0.7 -0.8 -0.0 -0.35 -0.1 0.02 -0.62 0.52 -0.8 0.11 0.82 0.74 -0.5 0.64 -0.64 
0.64 -0.29 -0.87 0.54 0.14 -0.03 0.36 0.77 -0.05 0.47 -0.98 -0.07 0.32 0.5 0.28 0.94 -0.62 0.33 0.37 -0.85 0.32 0.05 0.53 0.48 0.67 -0.23 -0.7 -0.78 -0.78 -0.27 -0.19 -0.7 -0.62 -0.07 0.64 0.64 -0.25 -0.97 -0.24 0.77 0.82 0.67 0.28 -0.25 0.7 0.34 0.99 -0.28 0.45 
0.05 0.44 -0.72 -0.09 0.55 0.34 -0.67 0.19 0.9 0.5 -0.78 0.33 0.01 0.18 0.65 -0.65 0.65 -0.44 0.8 0.94 0.94 0.66 0.88 -0.68 -0.29 -0.89 -0.23 -0.38 0.93 -0.67 -0.56 0.11 -0.68 -0.28 -0.48 0.48 0.29 0.19 0.28 0.29 0.99 -0.82 -0.77 -0.18 0.82 -0.84 0.79 -0.04 -0.96 
0.59 -0.44 0.37 -0.21 0.12 -0.4 -0.67 0.56 -0.61 -0.94 -0.95 0.14 0.91 -0.39 0.51 -0.96 0.1 -0.81 0.36 0.5 -0.44 -0.31 -0.48 -0.79 0.37 -0.43 -0.13 -0.24 0.72 -0.62 0.22 0.22 -0.78 0.87 -0.72 0.3 0.2 0.7 0.21 -0.52 -0.62 0.1 0.83 0.79 -0.27 0.3 0.66 -0.99 0.45 
0.25 0.28 0.03 0.24 0.66 -0.63 0.35 0.15 -0.08 -0.16 0.3 0.13 -0.65 0.91 0.68 -0.05 0.31 -0.88 0.89 -0.78 -0.63 0.09 -0.26 -0.89 -0.79 0.53 0.46 -0.14 0.85 -0.97 0.42 0.95 0.92 -0.58 0.25 -0.96 -0.13 -0.69 -0.81 0.33 0.99 0.08 0.82 -0.01 -0.89 0.3 -0.64 0.72 0.57 
0.2 0.84 -0.2 -0.83 0.42 0.84 0.33 0.12 -0.18 -0.59 -0.67 -0.52 -0.16 -0.27 0.51 0.31 -0.95 0.36 0.81 -0.62 -0.41 0.59 -0.45 -0.31 -0.62 0.58 -0.08 0.32 -0.73 -0.11 -0.59 -0.37 -0.54 0.52 0.54 -0.43 0.22 -0.6 0.1 0.21 -0.33 0.5 -0.5 0.81 -0.26 -0.6 -0.47 0.13 -0.39 
-0.47 -0.62 0.03 0.44 -0.31 -0.21 0.21 -0.66 -0.35 0.88 0.26 -0.89 -0.29 0.72 0.2 0.66 -0.02 -0.65 -0.07 -0.23 -0.09 0.52 -0.25 0.28 1.0 0.56 -0.85 0.86 0.9 0.17 0.23 -0.73 0.45 0.01 -0.22 0.7 -0.09 0.25 0.86 -0.44 -0.77 -0.71 0.63 -0.81 0.69 -0.56 -0.25 0.22 0.81 
0.18 -0.75 -0.33 0.24 0.44 0.3 -0.89 0.58 -0.57 0.91 0.09 -0.7 0.09 -0.21 0.31 0.04 0.82 0.08 0.53 0.51 0.22 -0.77 0.13 0.12 0.6 -0.34 -0.15 0.31 0.98 0.89 0.98 0.72 0.95 -0.19 -0.13 -0.86 0.48 -0.86 0.98 -0.04 -0.38 0.38 0.74 -0.36 -0.67 0.1 0.17 -0.97 0.53 
-0.16 0.44 0.44 0.24 0.92 0.2 -0.47 -0.28 -0.58 -0.43 0.15 -0.36 0.45 -0.54 -0.04 -0.53 -0.09 0.35 -0.85 -0.02 0.93 -0.35 0.05 -1.0 -0.33 0.78 -0.21 0.89 0.2 -0.6 -0.87 -0.88 -0.26 -0.17 0.25 -0.47 0.26 -0.01 -0.66 0.96 -0.21 0.32 0.15 -0.96 -0.69 0.57 0.38 0.07 -0.14 
0.54 0.21 0.97 0.63 0.4 -0.28 -0.13 -0.3 -0.59 -0.33 -0.33 0.27 0.73 -0.92 -0.39 -0.64 0.31 -0.7 -0.59 -0.35 -0.1 0.54 -0.72 0.29 0.44 -0.28 -0.33 0.42 -0.39 0.96 -0.09 -0.91 0.48 -0.47 0.73 -0.14 -0.61 -0.87 -0.53 0.94 -0.76 -0.15 -0.66 0.44 -0.58 -0.48 -0.97 0.71 0.32 
0.63 -0.85 -0.23 0.11 0.96 0.44 0.73 0.45 0.9 -0.46 -0.67 -0.62 -0.43 0.94 -0.27 -0.57 -0.58 0.4 -0.36 -0.81 0.84 0.28 -0.41 0.09 0.02 -0.25 -0.23 0.17 0.34 -1.0 -0.01 0.23 0.52 -0.93 0.63 -0.47 0.52 0.54 0.79 0.3 -0.57 -0.01 0.94 -0.38 -0.34 0.65 0.76 0.32 -0.31 
0.66 0.35 -0.3 0.71 -0.66 -0.59 -0.37 -0.3 0.49 0.43 0.92 -0.8 0.65 -0.4 -0.9 0.33 -0.48 -0.37 0.32 -0.93 -0.22 -0.34 -0.93 0.95 -0.47 -0.51 -0.42 -0.12 -0.25 -0.39 -0.88 -0.93 0.68 0.91 -0.92 -0.21 0.57 -0.08 0.97 -0.71 -0.99 -0.1 -0.78 0.72 -0.48 0.77 -0.08 0.41 -0.87 
-0.92 -0.23 0.01 -0.29 -0.43 0.59 0.67 -0.21 0.63 0.55 -0.17 0.72 -0.27 0.19 0.41 0.02 0.98 0.93 -0.92 -0.67 -0.59 -0.39 0.21 0.19 1.0 -0.99 0.65 0.36 0.37 -0.06 -0.17 0.8 0.25 0.2 0.78 -0.6 0.34 -0.51 -0.5 0.06 -0.19 0.64 -0.17 0.63 0.88 0.4 0.69 0.03 0.72 
-0.49 -0.88 0.56 -0.53 0.3 -0.72 0.52 0.81 -0.06 -0.83 -0.75 0.18 -0.71 -0.43 -0.26 0.19 -0.11 0.1 0.31 -0.99 0.34 -0.05 -0.79 0.58 -0.78 -0.15 -0.93 -0.26 0.89 0.72 -0.51 0.84 -0.58 0.2 -0.31 0.65 0.5 -0.32 -0.54 -0.42 0.52 -0.76 0.18 -0.52 0.72 0.87 0.43 0.25 0.42 
0.03 0.33 -0.06 0.15 -1.0 -0.99 -0.72 0.14 0.78 0.65 -0.22 -0.16 0.35 -0.65 -0.35 -0.99 1.0 0.81 -0.16 -0.13 0.76 0.63 0.68 -0.72 -0.32 -0.61 0.8 -0.79 0.57 0.94 0.72 -0.27 -0.04 -0.77 -0.06 0.65 -0.51 -0.93 -0.45 -0.32 0.65 0.7 0.84 0.59 -0.18 0.88 -0.44 -0.1 0.81 
0.33 -0.93 0.22 0.69 0.48 0.31 -0.4 0.98 -0.09 0.06 -0.64 0.78 0.06 0.1 -0.99 0.08 0.0 0.76 0.53 -0.23 0.45 0.1 -1.0 0.51 -0.19 -0.46 0.95 -0.8 -0.03 -0.92 -0.59 -0.11 0.14 0.2 -0.85 -0.35 0.95 0.87 -0.77 0.86 -0.35 -0.27 -0.46 0.78 0.23 -0.45 0.69 -0.67 -0.22 
-0.72 0.93 -0.64 0.93 0.73 -0.07 0.18 -0.92 -0.52 0.32 -0.34 -0.35 -0.88 -0.31 0.2 0.71 0.06 -0.48 0.86 0.46 0.39 -0.33 -0.02 0.25 -0.16 0.09 0.18 -0.73 -0.42 0.63 -0.54 0.47 -0.12 -0.69 0.42 -0.71 -0.8 0.94 0.49 0.1 -0.87 -0.06 -0.99 -0.23 -0.53 0.98 0.75 0.29 -0.06 
-0.86 0.37 0.42 0.74 0.15 0.82 -0.53 0.48 0.62 -0.69 -0.37 -0.02 -0.87 -0.01 -0.78 -0.47 0.72 -0.89 0.92 -0.27 0.73 0.31 0.23 0.72 -0.91 0.97 -0.07 0.83 0.44 -0.63 0.61 0.56 0.97 0.95 -0.35 -0.67 -0.52 -0.35 0.78 0.7 -0.82 -0.72 0.21 0.76 0.79 -0.1 -0.14 -0.71 -0.32 
-0.5 0.05 0.91 0.85 -0.44 -0.47 0.81 0.45 0.79 -0.49 0.49 0.99 -0.18 0.84 -0.4 -0.55 -0.3 -0.08 0.23 -0.57 0.63 -0.15 0.82 0.25 -0.77 -0.32 0.39 0.38 0.19 -0.72 -0.48 0.13 0.33 0.95 -0.61 -0.21 0.72 0.37 0.5 0.94 0.41 0.25 -0.78 -0.85 -0.15 -0.64 0.03 -0.01 0.08 
-0.6 0.52 0.36 0.1 -0.6 0.99 0.92 -0.41 0.9 -0.82 0.74 -0.91 -0.91 -0.71 -0.44 -0.92 -0.26 -0.4 0.68 0.75 -0.91 0.67 0.93 -0.85 -0.96 -0.9 0.5 -0.28 -0.15 -0.76 -0.23 -0.19 0.47 0.44 -0.82 -0.57 -0.16 -0.24 0.87 0.65 -0.81 -0.96 0.62 0.41 -0.73 0.48 0.1 -0.82 -0.95 
0.35 0.65 -0.82 -0.25 -0.69 0.59 -0.95 -0.97 0.66 -0.79 0.55 0.08 0.82 -0.97 -0.47 0.56 -0.94 -0.53 -0.12 -0.71 -0.4 0.64 -0.58 0.63 -0.61 -0.56 0.49 0.18 0.83 -0.55 -0.95 0.47 0.06 -0.37 -0.32 0.69 -0.02 0.44 0.89 -0.87 0.96 0.96 -0.52 0.27 -0.99 0.77 -0.59 0.22 -0.02 
-0.21 -0.71 0.27 0.74 -1.0 0.88 -0.41 0.55 -0.93 -0.38 -0.39 -0.39 0.23 0.77 -0.91 0.59 0.11 0.35 -0.24 -0.48 0.79 0.65 0.25 0.9 0.5 -0.69 -0.63 -0.32 0.63 -0.49 0.85 0.93 0.12 0.21 0.84 0.44 -0.76 0.29 -0.46 0.09 -0.42 0.64 -0.32 -0.9 -0.52 -0.28 -0.94 -0.03 -0.03 
0.65 0.09 -0.22 -0.29 0.13 -0.15 0.18 -0.94 0.9 -0.44 0.64 0.3 0.01 -0.03 -0.95 -0.03 0.93 -0.05 0.67 0.61 -0.12 0.06 -0.63 0.79 -0.13 -0.3 -0.13 -0.46 -0.22 -0.35 0.13 -0.69 -0.22 0.07 -0.13 -0.45 -0.08 -0.85 0.16 -0.13 0.51 0.3 0.61 -0.07 -0.78 0.52 0.26 -0.11 0.4 
0.6 -0.82 0.28 -0.67 0.84 0.34 -0.7 0.71 0.84 -0.42 0.93 0.03 -0.1 0.03 0.05 -0.66 0.69 -0.92 -0.24 -0.47 0.71 0.04 0.54 -0.73 -0.99 -0.3 0.78 -0.95 0.96 0.54 -0.6 0.16 -0.3 -0.8 -0.28 -0.9 0.41 0.76 -0.99 -0.47 -0.14 -0.15 0.39 -0.36 0.16 -0.53 0.75 0.34 -0.08 
0.52 0.74 0.21 -0.07 -0.0 -0.56 0.48 0.08 0.6 0.74 0.93 -0.45 0.7 0.31 0.73 0.08 0.64 -0.74 0.87 -0.41 -0.41 -0.65 0.15 0.24 -0.21 -0.5 -0.89 0.67 0.28 0.57 0.22 -0.3 -0.56 -0.78 0.61 0.85 0.47 0.39 -0.53 0.64 -0.54 0.15 0.88 0.43 0.94 -0.5 0.69 -0.85 0.85 
-0.34 -0.64 -0.92 -0.94 0.35 -0.7 0.04 -0.23 -0.29 0.15 -0.03 -0.91 -0.39 0.97 0.28 -0.22 -0.34 -0.73 0.37 0.22 0.39 0.49 -0.59 0.21 -0.78 -0.49 -0.71 0.8 -0.07 0.75 0.73 0.39 0.41 -0.87 -0.4 0.12 -0.91 -0.52 -0.06 -0.18 0.19 0.19 -0.98 0.25 -0.75 -0.03 -0.27 -0.33 0.2 
0.42 -0.78 0.89 0.22 -0.9 -0.07 -0.03 -0.33 0.93 -0.24 0.18 -0.05 -0.71 0.77 0.96 0.78 -0.93 0.35 0.71 -0.69 -0.95 0.99 0.07 0.95 0.0 0.5 -0.73 -0.69 -0.72 0.25 0.85 -0.65 0.05 0.75 -0.2 0.43 0.62 0.97 -0.83 -0.18 0.05 -0.26 -0.24 -0.36 -0.23 0.2 -0.87 -0.93 -0.75 
-0.25 -0.3 -0.58 -0.6 0.95 0.57 0.86 -0.16 0.47 0.3 0.5 0.35 -0.3 0.76 0.94 -0.87 -0.79 0.53 0.13 -0.24 0.65 -0.99 0.11 -0.04 0.6 0.63 0.59 0.11 -0.62 0.14 -0.35 -0.2 0.02 -0.23 0.9 0.15 -0.41 0.11 0.62 -0.41 0.9 -0.51 0.3 0.41 0.16 0.04 0.63 0.8 0.04 
0.14 0.6 0.02 0.69 0.11 -0.9 0.9 0.4 0.62 -0.94 -0.58 0.28 0.74 0.85 -0.3 0.6 -0.14 0.39 -0.65 -0.22 0.09 -0.42 0.73 -0.9 0.16 -0.36 -0.68 1.0 -0.14 0.7 -0.77 0.97 0.05 0.96 0.86 -0.08 -0.05 -0.69 0.18 0.03 0.76 -0.77 -0.67 -0.47 -0.98 -0.82 -0.61 0.78 -0.75 
