0 5128.584473
1 5081.901367
2 5043.819336
3 5039.362305
4 5016.943848
5 4995.893555
6 4992.970215
7 4977.809570
8 4973.149414
9 4964.683105
10 4964.683105
11 4964.683105
12 4963.387695
13 4951.239258
14 4946.825195
15 4946.825195
16 4942.741211
17 4941.647461
18 4927.677246
19 4925.268555
20 4924.271973
21 4924.271973
22 4924.271973
23 4921.865723
24 4916.460449
25 4916.460449
26 4916.460449
27 4916.459961
28 4914.149414
29 4914.149414
30 4914.149414
31 4913.396973
32 4913.396973
33 4913.396973
34 4911.138672
35 4909.602051
36 4908.463867
37 4908.463867
38 4908.463867
39 4902.231934
40 4902.231934
41 4902.231934
42 4897.900391
43 4897.900391
44 4897.900391
45 4897.900391
46 4891.136719
47 4888.285156
48 4882.329590
49 4880.782715
50 4880.782715
51 4880.782715
52 4880.782715
53 4880.782715
54 4880.782715
55 4880.782715
56 4880.782715
57 4880.782715
58 4880.782715
59 4880.782715
60 4880.782715
61 4871.059570
62 4871.059570
63 4871.059570
64 4871.059570
65 4870.102539
66 4870.102539
67 4870.102539
68 4870.102539
69 4870.102539
70 4870.102539
71 4870.102539
72 4870.102539
73 4870.076660
74 4870.076660
75 4870.076660
76 4870.076660
77 4870.076660
78 4860.365234
79 4860.365234
80 4860.365234
81 4860.365234
82 4860.248535
83 4848.479004
84 4840.334473
85 4840.334473
86 4840.334473
87 4840.334473
88 4839.467285
89 4839.467285
90 4839.467285
91 4832.557129
92 4832.557129
93 4832.557129
94 4832.557129
95 4832.557129
96 4832.557129
97 4831.517578
98 4830.639648
99 4830.639648
100 4830.639648
101 4830.639648
102 4830.639648
103 4830.639648
104 4830.639648
105 4830.639648
106 4830.639648
107 4829.333008
108 4829.333008
109 4829.333008
110 4829.333008
111 4829.333008
112 4829.333008
113 4829.333008
114 4829.333008
115 4829.333008
116 4829.333008
117 4828.047852
118 4828.047852
119 4828.047852
120 4828.047852
121 4828.047852
122 4828.047852
123 4828.047852
124 4828.047852
125 4827.918945
126 4822.406250
127 4822.406250
128 4822.406250
129 4822.406250
130 4822.406250
131 4818.732910
132 4818.732910
133 4818.732910
134 4818.732910
135 4818.732910
136 4818.732910
137 4817.443848
138 4814.043945
139 4814.043945
140 4814.043945
141 4814.043945
142 4814.043945
143 4814.043945
144 4814.043945
145 4814.043945
146 4814.043945
147 4814.043945
148 4814.043945
149 4814.043945
150 4814.043945
151 4814.043945
152 4814.043945
153 4813.019043
154 4813.019043
155 4810.607910
156 4810.607910
157 4810.607910
158 4810.607910
159 4810.607910
160 4809.251465
161 4809.251465
162 4809.251465
163 4809.251465
164 4808.563965
165 4808.563965
166 4808.271973
167 4808.271973
168 4808.271973
169 4808.271973
170 4799.406738
171 4799.406738
172 4799.406738
173 4799.406738
174 4799.406738
175 4799.406738
176 4799.406738
177 4791.002441
178 4791.002441
179 4791.002441
180 4791.002441
181 4791.002441
182 4791.002441
183 4791.002441
184 4791.002441
185 4791.002441
186 4791.002441
187 4791.002441
188 4791.002441
189 4791.002441
190 4791.002441
191 4791.002441
192 4791.002441
193 4791.002441
194 4791.002441
195 4791.002441
196 4791.002441
197 4791.002441
198 4791.002441
199 4791.002441
200 4791.002441
201 4791.002441
202 4791.002441
203 4789.656250
204 4789.656250
205 4789.656250
206 4789.656250
207 4789.656250
208 4789.656250
209 4789.656250
210 4789.656250
211 4789.656250
212 4789.656250
213 4789.656250
214 4789.656250
215 4789.656250
216 4789.656250
217 4789.656250
218 4789.656250
219 4789.656250
220 4789.656250
221 4789.656250
222 4789.656250
223 4789.656250
224 4789.656250
225 4789.656250
226 4789.656250
227 4789.656250
228 4789.656250
229 4789.527344
230 4789.527344
231 4789.527344
232 4789.527344
233 4789.527344
234 4789.527344
235 4788.745117
236 4788.745117
237 4788.745117
238 4788.745117
239 4787.037598
240 4787.037598
241 4787.037598
242 4787.037598
243 4787.037598
244 4787.037598
245 4787.037598
246 4787.037598
247 4787.037598
248 4787.037598
249 4787.037598
250 4787.037598
251 4787.037598
252 4787.037598
253 4787.006836
254 4787.006836
255 4783.637695
256 4783.637695
257 4783.637695
258 4783.637695
259 4782.278809
260 4782.153809
261 4782.153809
262 4782.153809
263 4782.153809
264 4782.153809
265 4782.153809
266 4782.153809
267 4782.153809
268 4782.153809
269 4782.153809
270 4782.153809
271 4782.153809
272 4782.153809
273 4782.153809
274 4782.153809
275 4782.153809
276 4782.153809
277 4782.153809
278 4782.153809
279 4782.153809
280 4782.153809
281 4781.690430
282 4781.690430
283 4781.690430
284 4781.690430
285 4781.690430
286 4781.690430
287 4781.690430
288 4781.690430
289 4781.690430
290 4781.690430
291 4781.690430
292 4781.690430
293 4781.175781
294 4781.175781
295 4781.175781
296 4781.175781
297 4781.175781
298 4781.175781
299 4781.175781
300 4781.175781
301 4781.175781
302 4781.175781
303 4781.175781
304 4781.175781
305 4781.175781
306 4781.175781
307 4781.175781
308 4781.175781
309 4781.175781
310 4781.175781
311 4781.175781
312 4781.175781
313 4781.175781
314 4781.175781
315 4781.175781
316 4781.175781
317 4781.175781
318 4781.175781
319 4781.175781
320 4781.175781
321 4781.175781
322 4781.175781
323 4781.175781
324 4781.175781
325 4781.175781
326 4781.175781
327 4781.175781
328 4781.175781
329 4781.175781
330 4781.175781
331 4781.175781
332 4781.175781
333 4781.175781
334 4781.175781
335 4781.175781
336 4779.299805
337 4779.299805
338 4779.299805
339 4779.299805
340 4779.299805
341 4779.299805
342 4779.299805
343 4779.299805
344 4779.299805
345 4779.299805
346 4779.299805
347 4779.299805
348 4779.299805
349 4779.299805
350 4779.299805
351 4779.299805
352 4779.299805
353 4779.299805
354 4779.299805
355 4777.155273
356 4777.155273
357 4777.155273
358 4777.155273
359 4777.155273
360 4777.155273
361 4777.155273
362 4777.155273
363 4777.155273
364 4777.155273
365 4777.155273
366 4777.155273
367 4777.155273
368 4777.155273
369 4777.155273
370 4777.155273
371 4776.613281
372 4776.613281
373 4776.613281
374 4776.613281
375 4776.613281
376 4776.613281
377 4775.256836
378 4775.256836
379 4775.256836
380 4775.256836
381 4775.256836
382 4775.256836
383 4775.256836
384 4775.256836
385 4775.256836
386 4775.256836
387 4775.256836
388 4775.256836
389 4775.256836
390 4775.256348
391 4775.256348
392 4775.256348
393 4775.256348
394 4775.256348
395 4775.256348
396 4775.256348
397 4775.256348
398 4775.256348
399 4775.256348
400 4775.256348
401 4775.256348
402 4775.256348
403 4775.256348
404 4775.256348
405 4775.256348
406 4775.256348
407 4775.256348
408 4775.256348
409 4775.256348
410 4775.256348
411 4775.256348
412 4774.312500
413 4774.312500
414 4774.312500
415 4774.312500
416 4774.312500
417 4774.312500
418 4774.312500
419 4774.312500
420 4774.312500
421 4774.312500
422 4774.312500
423 4774.312500
424 4774.312500
425 4774.312500
426 4774.312500
427 4774.312500
428 4774.312500
429 4774.312500
430 4774.312500
431 4774.312500
432 4774.312500
433 4774.312500
434 4774.312500
435 4774.312500
436 4774.312500
437 4774.312500
438 4774.312500
439 4774.312500
440 4774.312500
441 4774.312500
442 4773.115723
443 4773.115723
444 4773.115723
445 4773.115723
446 4773.115723
447 4773.115723
448 4773.115723
449 4773.115723
450 4773.115723
451 4773.115723
452 4773.115723
453 4773.115723
454 4773.115723
455 4773.115723
456 4773.115723
457 4773.115723
458 4773.115723
459 4773.115723
460 4773.115723
461 4771.401367
462 4771.401367
463 4771.401367
464 4771.401367
465 4771.401367
466 4771.401367
467 4771.401367
468 4771.401367
469 4771.401367
470 4771.401367
471 4771.401367
472 4771.401367
473 4771.401367
474 4771.401367
475 4771.401367
476 4771.401367
477 4771.401367
478 4771.401367
479 4771.401367
480 4771.401367
481 4771.401367
482 4771.401367
483 4771.401367
484 4771.401367
485 4771.401367
486 4770.987305
487 4770.987305
488 4770.987305
489 4770.987305
490 4770.987305
491 4770.987305
492 4770.987305
493 4770.987305
494 4770.987305
495 4770.987305
496 4770.987305
497 4770.987305
498 4770.987305
499 4770.987305
500 0.000000
501 0.000000
502 0.000000
503 0.000000
504 0.000000
505 0.000000
506 0.000000
507 0.000000
508 0.000000
509 0.000000
510 0.000000
511 0.000000
512 0.000000
513 0.000000
514 0.000000
515 0.000000
516 0.000000
517 0.000000
518 0.000000
519 0.000000
520 0.000000
521 0.000000
522 0.000000
523 0.000000
524 0.000000
525 0.000000
526 0.000000
527 0.000000
528 0.000000
529 0.000000
530 0.000000
531 0.000000
532 0.000000
533 0.000000
534 0.000000
535 0.000000
536 0.000000
537 0.000000
538 0.000000
539 0.000000
540 0.000000
541 0.000000
542 0.000000
543 0.000000
544 0.000000
545 0.000000
546 0.000000
547 0.000000
548 0.000000
549 0.000000
550 0.000000
551 0.000000
552 0.000000
553 0.000000
554 0.000000
555 0.000000
556 0.000000
557 0.000000
558 0.000000
559 0.000000
560 0.000000
561 0.000000
562 0.000000
563 0.000000
564 0.000000
565 0.000000
566 0.000000
567 0.000000
568 0.000000
569 0.000000
570 0.000000
571 0.000000
572 0.000000
573 0.000000
574 0.000000
575 0.000000
576 0.000000
577 0.000000
578 0.000000
579 0.000000
580 0.000000
581 0.000000
582 0.000000
583 0.000000
584 0.000000
585 0.000000
586 0.000000
587 0.000000
588 0.000000
589 0.000000
590 0.000000
591 0.000000
592 0.000000
593 0.000000
594 0.000000
595 0.000000
596 0.000000
597 0.000000
598 0.000000
599 0.000000
600 0.000000
601 0.000000
602 0.000000
603 0.000000
604 0.000000
605 0.000000
606 0.000000
607 0.000000
608 0.000000
609 0.000000
610 0.000000
611 0.000000
612 0.000000
613 0.000000
614 0.000000
615 0.000000
616 0.000000
617 0.000000
618 0.000000
619 0.000000
620 0.000000
621 0.000000
622 0.000000
623 0.000000
624 0.000000
625 0.000000
626 0.000000
627 0.000000
628 0.000000
629 0.000000
630 0.000000
631 0.000000
632 0.000000
633 0.000000
634 0.000000
635 0.000000
636 0.000000
637 0.000000
638 0.000000
639 0.000000
640 0.000000
641 0.000000
642 0.000000
643 0.000000
644 0.000000
645 0.000000
646 0.000000
647 0.000000
648 0.000000
649 0.000000
650 0.000000
651 0.000000
652 0.000000
653 0.000000
654 0.000000
655 0.000000
656 0.000000
657 0.000000
658 0.000000
659 0.000000
660 0.000000
661 0.000000
662 0.000000
663 0.000000
664 0.000000
665 0.000000
666 0.000000
667 0.000000
668 0.000000
669 0.000000
670 0.000000
671 0.000000
672 0.000000
673 0.000000
674 0.000000
675 0.000000
676 0.000000
677 0.000000
678 0.000000
679 0.000000
680 0.000000
681 0.000000
682 0.000000
683 0.000000
684 0.000000
685 0.000000
686 0.000000
687 0.000000
688 0.000000
689 0.000000
690 0.000000
691 0.000000
692 0.000000
693 0.000000
694 0.000000
695 0.000000
696 0.000000
697 0.000000
698 0.000000
699 0.000000
700 0.000000
701 0.000000
702 0.000000
703 0.000000
704 0.000000
705 0.000000
706 0.000000
707 0.000000
708 0.000000
709 0.000000
710 0.000000
711 0.000000
712 0.000000
713 0.000000
714 0.000000
715 0.000000
716 0.000000
717 0.000000
718 0.000000
719 0.000000
720 0.000000
721 0.000000
722 0.000000
723 0.000000
724 0.000000
725 0.000000
726 0.000000
727 0.000000
728 0.000000
729 0.000000
730 0.000000
731 0.000000
732 0.000000
733 0.000000
734 0.000000
735 0.000000
736 0.000000
737 0.000000
738 0.000000
739 0.000000
740 0.000000
741 0.000000
742 0.000000
743 0.000000
744 0.000000
745 0.000000
746 0.000000
747 0.000000
748 0.000000
749 0.000000
750 0.000000
751 0.000000
752 0.000000
753 0.000000
754 0.000000
755 0.000000
756 0.000000
757 0.000000
758 0.000000
759 0.000000
760 0.000000
761 0.000000
762 0.000000
763 0.000000
764 0.000000
765 0.000000
766 0.000000
767 0.000000
768 0.000000
769 0.000000
770 0.000000
771 0.000000
772 0.000000
773 0.000000
774 0.000000
775 0.000000
776 0.000000
777 0.000000
778 0.000000
779 0.000000
780 0.000000
781 0.000000
782 0.000000
783 0.000000
784 0.000000
785 0.000000
786 0.000000
787 0.000000
788 0.000000
789 0.000000
790 0.000000
791 0.000000
792 0.000000
793 0.000000
794 0.000000
795 0.000000
796 0.000000
797 0.000000
798 0.000000
799 0.000000
800 0.000000
801 0.000000
802 0.000000
803 0.000000
804 0.000000
805 0.000000
806 0.000000
807 0.000000
808 0.000000
809 0.000000
810 0.000000
811 0.000000
812 0.000000
813 0.000000
814 0.000000
815 0.000000
816 0.000000
817 0.000000
818 0.000000
819 0.000000
820 0.000000
821 0.000000
822 0.000000
823 0.000000
824 0.000000
825 0.000000
826 0.000000
827 0.000000
828 0.000000
829 0.000000
830 0.000000
831 0.000000
832 0.000000
833 0.000000
834 0.000000
835 0.000000
836 0.000000
837 0.000000
838 0.000000
839 0.000000
840 0.000000
841 0.000000
842 0.000000
843 0.000000
844 0.000000
845 0.000000
846 0.000000
847 0.000000
848 0.000000
849 0.000000
850 0.000000
851 0.000000
852 0.000000
853 0.000000
854 0.000000
855 0.000000
856 0.000000
857 0.000000
858 0.000000
859 0.000000
860 0.000000
861 0.000000
862 0.000000
863 0.000000
864 0.000000
865 0.000000
866 0.000000
867 0.000000
868 0.000000
869 0.000000
870 0.000000
871 0.000000
872 0.000000
873 0.000000
874 0.000000
875 0.000000
876 0.000000
877 0.000000
878 0.000000
879 0.000000
880 0.000000
881 0.000000
882 0.000000
883 0.000000
884 0.000000
885 0.000000
886 0.000000
887 0.000000
888 0.000000
889 0.000000
890 0.000000
891 0.000000
892 0.000000
893 0.000000
894 0.000000
895 0.000000
896 0.000000
897 0.000000
898 0.000000
899 0.000000
900 0.000000
901 0.000000
902 0.000000
903 0.000000
904 0.000000
905 0.000000
906 0.000000
907 0.000000
908 0.000000
909 0.000000
910 0.000000
911 0.000000
912 0.000000
913 0.000000
914 0.000000
915 0.000000
916 0.000000
917 0.000000
918 0.000000
919 0.000000
920 0.000000
921 0.000000
922 0.000000
923 0.000000
924 0.000000
925 0.000000
926 0.000000
927 0.000000
928 0.000000
929 0.000000
930 0.000000
931 0.000000
932 0.000000
933 0.000000
934 0.000000
935 0.000000
936 0.000000
937 0.000000
938 0.000000
939 0.000000
940 0.000000
941 0.000000
942 0.000000
943 0.000000
944 0.000000
945 0.000000
946 0.000000
947 0.000000
948 0.000000
949 0.000000
950 0.000000
951 0.000000
952 0.000000
953 0.000000
954 0.000000
955 0.000000
956 0.000000
957 0.000000
958 0.000000
959 0.000000
960 0.000000
961 0.000000
962 0.000000
963 0.000000
964 0.000000
965 0.000000
966 0.000000
967 0.000000
968 0.000000
969 0.000000
970 0.000000
971 0.000000
972 0.000000
973 0.000000
974 0.000000
975 0.000000
976 0.000000
977 0.000000
978 0.000000
979 0.000000
980 0.000000
981 0.000000
982 0.000000
983 0.000000
984 0.000000
985 0.000000
986 0.000000
987 0.000000
988 0.000000
989 0.000000
990 0.000000
991 0.000000
992 0.000000
993 0.000000
994 0.000000
995 0.000000
996 0.000000
997 0.000000
998 0.000000
999 0.000000
