0 5298.131836
1 5241.823242
2 5211.991699
3 5210.542969
4 5200.308105
5 5196.610352
6 5176.607422
7 5176.180176
8 5169.943359
9 5169.943359
10 5169.943359
11 5168.416016
12 5159.025391
13 5155.383301
14 5147.799805
15 5147.799805
16 5140.651367
17 5133.514648
18 5133.514648
19 5133.514648
20 5121.887695
21 5120.413086
22 5117.105469
23 5114.541504
24 5114.541504
25 5109.993652
26 5107.452148
27 5104.006836
28 5101.267090
29 5099.081055
30 5094.290527
31 5089.701660
32 5089.701660
33 5087.616211
34 5083.384766
35 5083.384766
36 5083.384766
37 5083.384766
38 5073.726563
39 5072.216309
40 5072.216309
41 5072.216309
42 5069.995117
43 5069.995117
44 5069.995117
45 5069.733398
46 5069.733398
47 5067.331055
48 5064.165527
49 5064.165527
50 5064.165527
51 5064.165527
52 5064.025879
53 5063.726563
54 5063.726563
55 5063.726563
56 5060.817383
57 5060.817383
58 5060.817383
59 5060.236816
60 5053.553223
61 5052.107910
62 5052.107910
63 5052.107910
64 5052.107910
65 5037.859863
66 5037.859863
67 5037.859863
68 5037.859863
69 5037.859863
70 5037.859863
71 5037.859863
72 5037.859863
73 5037.859863
74 5034.395508
75 5034.395508
76 5034.395508
77 5034.395508
78 5034.395508
79 5031.320801
80 5031.060547
81 5031.060547
82 5031.060547
83 5031.060547
84 5031.060547
85 5031.060547
86 5031.060547
87 5031.060547
88 5029.960449
89 5029.960449
90 5029.960449
91 5029.960449
92 5029.960449
93 5029.960449
94 5029.960449
95 5029.536133
96 5029.500977
97 5028.844727
98 5028.844727
99 5028.844727
100 5028.844727
101 5028.844727
102 5028.844727
103 5028.844727
104 5028.844727
105 5028.844727
106 5028.844727
107 5028.844238
108 5028.844238
109 5028.844238
110 5028.844238
111 5028.844238
112 5028.844238
113 5028.844238
114 5028.057129
115 5027.828125
116 5027.828125
117 5027.828125
118 5027.828125
119 5023.174316
120 5022.620605
121 5022.620605
122 5021.737305
123 5021.737305
124 5021.737305
125 5021.737305
126 5021.737305
127 5021.737305
128 5021.737305
129 5020.354492
130 5020.354492
131 5020.354492
132 5020.354492
133 5020.354492
134 5020.354492
135 5020.354492
136 5020.354492
137 5020.354492
138 5020.354492
139 5020.354492
140 5020.354492
141 5020.354492
142 5015.702637
143 5015.702637
144 5015.702637
145 5015.189941
146 5015.189941
147 5015.189941
148 5015.189941
149 5015.189941
150 5015.189941
151 5015.189941
152 5015.189941
153 5015.189941
154 5012.172852
155 5012.172852
156 5012.172852
157 5012.172852
158 5012.172852
159 5012.172852
160 5012.154297
161 5012.154297
162 5012.154297
163 5012.154297
164 5012.154297
165 5008.825195
166 5008.825195
167 5008.825195
168 5008.825195
169 5008.825195
170 5008.825195
171 5008.825195
172 5008.825195
173 5007.166504
174 5007.166504
175 5007.166504
176 5005.827148
177 5005.489258
178 5005.489258
179 5005.489258
180 5005.489258
181 5005.489258
182 5005.489258
183 5005.489258
184 5005.489258
185 5005.489258
186 5005.489258
187 5005.489258
188 5005.489258
189 5005.489258
190 5005.489258
191 5005.489258
192 5005.489258
193 5005.489258
194 5005.489258
195 5005.488770
196 5005.488770
197 5005.272949
198 5005.272949
199 5004.393066
200 5004.393066
201 5004.393066
202 5004.393066
203 5004.393066
204 5004.393066
205 5004.393066
206 5004.393066
207 5004.393066
208 5004.393066
209 5003.839355
210 5003.839355
211 5003.839355
212 5002.980469
213 5002.980469
214 5002.980469
215 5002.980469
216 4993.409180
217 4993.409180
218 4993.409180
219 4993.409180
220 4993.409180
221 4993.409180
222 4993.409180
223 4993.409180
224 4993.409180
225 4989.649902
226 4989.649902
227 4989.649902
228 4989.649902
229 4989.649902
230 4989.649902
231 4987.354004
232 4987.354004
233 4987.176758
234 4987.176758
235 4987.176758
236 4987.176758
237 4987.176758
238 4987.176758
239 4987.176758
240 4987.176758
241 4987.176758
242 4987.176758
243 4987.176758
244 4985.518555
245 4985.518555
246 4985.518555
247 4985.518555
248 4985.518555
249 4985.518555
250 4985.518555
251 4985.518555
252 4985.518555
253 4985.518555
254 4985.518555
255 4985.518555
256 4985.518555
257 4985.518555
258 4985.518555
259 4985.510742
260 4985.510742
261 4985.510742
262 4985.510742
263 4985.510742
264 4985.510742
265 4985.510742
266 4985.510742
267 4985.510742
268 4985.510742
269 4985.510742
270 4985.510742
271 4985.510742
272 4985.510742
273 4984.160156
274 4984.160156
275 4984.160156
276 4984.160156
277 4984.160156
278 4984.160156
279 4984.160156
280 4984.160156
281 4984.160156
282 4984.160156
283 4984.160156
284 4984.160156
285 4984.160156
286 4984.160156
287 4984.160156
288 4984.160156
289 4984.160156
290 4984.160156
291 4984.160156
292 4984.160156
293 4984.160156
294 4984.160156
295 4984.160156
296 4984.160156
297 4984.160156
298 4984.160156
299 4984.160156
300 4984.160156
301 4984.160156
302 4984.160156
303 4984.160156
304 4984.160156
305 4984.160156
306 4984.160156
307 4984.160156
308 4984.160156
309 4984.160156
310 4984.160156
311 4984.160156
312 4984.160156
313 4984.160156
314 4984.160156
315 4984.160156
316 4984.160156
317 4984.160156
318 4984.160156
319 4984.160156
320 4984.160156
321 4984.160156
322 4984.160156
323 4984.160156
324 4984.160156
325 4984.160156
326 4984.160156
327 4984.160156
328 4983.966309
329 4983.966309
330 4983.966309
331 4983.966309
332 4983.966309
333 4983.966309
334 4983.966309
335 4981.139160
336 4981.139160
337 4981.139160
338 4981.139160
339 4981.139160
340 4981.139160
341 4981.139160
342 4981.139160
343 4981.139160
344 4981.139160
345 4981.139160
346 4981.139160
347 4981.139160
348 4981.139160
349 4981.139160
350 4981.139160
351 4981.139160
352 4981.139160
353 4981.139160
354 4981.139160
355 4981.139160
356 4981.139160
357 4981.139160
358 4980.885254
359 4980.885254
360 4980.885254
361 4980.885254
362 4980.885254
363 4980.885254
364 4980.885254
365 4980.885254
366 4980.885254
367 4980.885254
368 4980.885254
369 4980.885254
370 4980.885254
371 4980.885254
372 4980.885254
373 4980.885254
374 4980.885254
375 4980.885254
376 4980.885254
377 4980.885254
378 4980.885254
379 4980.885254
380 4980.885254
381 4980.885254
382 4980.885254
383 4980.885254
384 4980.885254
385 4980.885254
386 4980.885254
387 4980.885254
388 4980.885254
389 4980.885254
390 4980.885254
391 4980.885254
392 4980.885254
393 4976.145508
394 4976.145508
395 4976.145508
396 4976.145508
397 4976.054688
398 4976.054688
399 4976.054688
400 4976.054688
401 4976.054688
402 4976.054688
403 4976.054688
404 4976.054688
405 4976.054688
406 4976.054688
407 4976.054688
408 4976.054688
409 4976.054688
410 4976.054688
411 4976.054688
412 4976.054688
413 4976.054688
414 4976.054688
415 4976.054688
416 4976.054688
417 4976.054688
418 4976.054688
419 4976.054688
420 4976.054688
421 4976.054688
422 4976.054688
423 4976.054688
424 4976.054688
425 4976.054688
426 4976.054688
427 4976.054688
428 4976.054688
429 4976.054688
430 4976.054688
431 4975.909180
432 4975.909180
433 4975.909180
434 4975.909180
435 4975.909180
436 4975.909180
437 4975.909180
438 4975.909180
439 4975.909180
440 4974.140137
441 4974.140137
442 4974.140137
443 4974.140137
444 4974.140137
445 4974.140137
446 4974.139648
447 4974.139648
448 4974.139648
449 4974.139648
450 4974.139648
451 4974.139648
452 4974.139648
453 4974.139648
454 4974.139648
455 4974.139648
456 4974.139648
457 4974.139648
458 4974.139648
459 4974.139648
460 4974.139648
461 4974.139648
462 4974.139648
463 4974.139648
464 4974.139648
465 4974.139648
466 4974.139648
467 4974.139648
468 4974.139648
469 4974.102539
470 4974.102539
471 4974.102539
472 4974.102539
473 4974.102539
474 4974.102539
475 4974.102539
476 4973.858887
477 4973.858887
478 4973.858887
479 4973.858887
480 4973.858398
481 4973.858398
482 4973.858398
483 4973.858398
484 4973.858398
485 4973.858398
486 4973.858398
487 4973.858398
488 4973.858398
489 4973.858398
490 4973.858398
491 4973.858398
492 4973.858398
493 4973.858398
494 4973.858398
495 4973.858398
496 4973.858398
497 4973.858398
498 4973.858398
499 4973.858398
500 0.000000
501 0.000000
502 0.000000
503 0.000000
504 0.000000
505 0.000000
506 0.000000
507 0.000000
508 0.000000
509 0.000000
510 0.000000
511 0.000000
512 0.000000
513 0.000000
514 0.000000
515 0.000000
516 0.000000
517 0.000000
518 0.000000
519 0.000000
520 0.000000
521 0.000000
522 0.000000
523 0.000000
524 0.000000
525 0.000000
526 0.000000
527 0.000000
528 0.000000
529 0.000000
530 0.000000
531 0.000000
532 0.000000
533 0.000000
534 0.000000
535 0.000000
536 0.000000
537 0.000000
538 0.000000
539 0.000000
540 0.000000
541 0.000000
542 0.000000
543 0.000000
544 0.000000
545 0.000000
546 0.000000
547 0.000000
548 0.000000
549 0.000000
550 0.000000
551 0.000000
552 0.000000
553 0.000000
554 0.000000
555 0.000000
556 0.000000
557 0.000000
558 0.000000
559 0.000000
560 0.000000
561 0.000000
562 0.000000
563 0.000000
564 0.000000
565 0.000000
566 0.000000
567 0.000000
568 0.000000
569 0.000000
570 0.000000
571 0.000000
572 0.000000
573 0.000000
574 0.000000
575 0.000000
576 0.000000
577 0.000000
578 0.000000
579 0.000000
580 0.000000
581 0.000000
582 0.000000
583 0.000000
584 0.000000
585 0.000000
586 0.000000
587 0.000000
588 0.000000
589 0.000000
590 0.000000
591 0.000000
592 0.000000
593 0.000000
594 0.000000
595 0.000000
596 0.000000
597 0.000000
598 0.000000
599 0.000000
600 0.000000
601 0.000000
602 0.000000
603 0.000000
604 0.000000
605 0.000000
606 0.000000
607 0.000000
608 0.000000
609 0.000000
610 0.000000
611 0.000000
612 0.000000
613 0.000000
614 0.000000
615 0.000000
616 0.000000
617 0.000000
618 0.000000
619 0.000000
620 0.000000
621 0.000000
622 0.000000
623 0.000000
624 0.000000
625 0.000000
626 0.000000
627 0.000000
628 0.000000
629 0.000000
630 0.000000
631 0.000000
632 0.000000
633 0.000000
634 0.000000
635 0.000000
636 0.000000
637 0.000000
638 0.000000
639 0.000000
640 0.000000
641 0.000000
642 0.000000
643 0.000000
644 0.000000
645 0.000000
646 0.000000
647 0.000000
648 0.000000
649 0.000000
650 0.000000
651 0.000000
652 0.000000
653 0.000000
654 0.000000
655 0.000000
656 0.000000
657 0.000000
658 0.000000
659 0.000000
660 0.000000
661 0.000000
662 0.000000
663 0.000000
664 0.000000
665 0.000000
666 0.000000
667 0.000000
668 0.000000
669 0.000000
670 0.000000
671 0.000000
672 0.000000
673 0.000000
674 0.000000
675 0.000000
676 0.000000
677 0.000000
678 0.000000
679 0.000000
680 0.000000
681 0.000000
682 0.000000
683 0.000000
684 0.000000
685 0.000000
686 0.000000
687 0.000000
688 0.000000
689 0.000000
690 0.000000
691 0.000000
692 0.000000
693 0.000000
694 0.000000
695 0.000000
696 0.000000
697 0.000000
698 0.000000
699 0.000000
700 0.000000
701 0.000000
702 0.000000
703 0.000000
704 0.000000
705 0.000000
706 0.000000
707 0.000000
708 0.000000
709 0.000000
710 0.000000
711 0.000000
712 0.000000
713 0.000000
714 0.000000
715 0.000000
716 0.000000
717 0.000000
718 0.000000
719 0.000000
720 0.000000
721 0.000000
722 0.000000
723 0.000000
724 0.000000
725 0.000000
726 0.000000
727 0.000000
728 0.000000
729 0.000000
730 0.000000
731 0.000000
732 0.000000
733 0.000000
734 0.000000
735 0.000000
736 0.000000
737 0.000000
738 0.000000
739 0.000000
740 0.000000
741 0.000000
742 0.000000
743 0.000000
744 0.000000
745 0.000000
746 0.000000
747 0.000000
748 0.000000
749 0.000000
750 0.000000
751 0.000000
752 0.000000
753 0.000000
754 0.000000
755 0.000000
756 0.000000
757 0.000000
758 0.000000
759 0.000000
760 0.000000
761 0.000000
762 0.000000
763 0.000000
764 0.000000
765 0.000000
766 0.000000
767 0.000000
768 0.000000
769 0.000000
770 0.000000
771 0.000000
772 0.000000
773 0.000000
774 0.000000
775 0.000000
776 0.000000
777 0.000000
778 0.000000
779 0.000000
780 0.000000
781 0.000000
782 0.000000
783 0.000000
784 0.000000
785 0.000000
786 0.000000
787 0.000000
788 0.000000
789 0.000000
790 0.000000
791 0.000000
792 0.000000
793 0.000000
794 0.000000
795 0.000000
796 0.000000
797 0.000000
798 0.000000
799 0.000000
800 0.000000
801 0.000000
802 0.000000
803 0.000000
804 0.000000
805 0.000000
806 0.000000
807 0.000000
808 0.000000
809 0.000000
810 0.000000
811 0.000000
812 0.000000
813 0.000000
814 0.000000
815 0.000000
816 0.000000
817 0.000000
818 0.000000
819 0.000000
820 0.000000
821 0.000000
822 0.000000
823 0.000000
824 0.000000
825 0.000000
826 0.000000
827 0.000000
828 0.000000
829 0.000000
830 0.000000
831 0.000000
832 0.000000
833 0.000000
834 0.000000
835 0.000000
836 0.000000
837 0.000000
838 0.000000
839 0.000000
840 0.000000
841 0.000000
842 0.000000
843 0.000000
844 0.000000
845 0.000000
846 0.000000
847 0.000000
848 0.000000
849 0.000000
850 0.000000
851 0.000000
852 0.000000
853 0.000000
854 0.000000
855 0.000000
856 0.000000
857 0.000000
858 0.000000
859 0.000000
860 0.000000
861 0.000000
862 0.000000
863 0.000000
864 0.000000
865 0.000000
866 0.000000
867 0.000000
868 0.000000
869 0.000000
870 0.000000
871 0.000000
872 0.000000
873 0.000000
874 0.000000
875 0.000000
876 0.000000
877 0.000000
878 0.000000
879 0.000000
880 0.000000
881 0.000000
882 0.000000
883 0.000000
884 0.000000
885 0.000000
886 0.000000
887 0.000000
888 0.000000
889 0.000000
890 0.000000
891 0.000000
892 0.000000
893 0.000000
894 0.000000
895 0.000000
896 0.000000
897 0.000000
898 0.000000
899 0.000000
900 0.000000
901 0.000000
902 0.000000
903 0.000000
904 0.000000
905 0.000000
906 0.000000
907 0.000000
908 0.000000
909 0.000000
910 0.000000
911 0.000000
912 0.000000
913 0.000000
914 0.000000
915 0.000000
916 0.000000
917 0.000000
918 0.000000
919 0.000000
920 0.000000
921 0.000000
922 0.000000
923 0.000000
924 0.000000
925 0.000000
926 0.000000
927 0.000000
928 0.000000
929 0.000000
930 0.000000
931 0.000000
932 0.000000
933 0.000000
934 0.000000
935 0.000000
936 0.000000
937 0.000000
938 0.000000
939 0.000000
940 0.000000
941 0.000000
942 0.000000
943 0.000000
944 0.000000
945 0.000000
946 0.000000
947 0.000000
948 0.000000
949 0.000000
950 0.000000
951 0.000000
952 0.000000
953 0.000000
954 0.000000
955 0.000000
956 0.000000
957 0.000000
958 0.000000
959 0.000000
960 0.000000
961 0.000000
962 0.000000
963 0.000000
964 0.000000
965 0.000000
966 0.000000
967 0.000000
968 0.000000
969 0.000000
970 0.000000
971 0.000000
972 0.000000
973 0.000000
974 0.000000
975 0.000000
976 0.000000
977 0.000000
978 0.000000
979 0.000000
980 0.000000
981 0.000000
982 0.000000
983 0.000000
984 0.000000
985 0.000000
986 0.000000
987 0.000000
988 0.000000
989 0.000000
990 0.000000
991 0.000000
992 0.000000
993 0.000000
994 0.000000
995 0.000000
996 0.000000
997 0.000000
998 0.000000
999 0.000000
