0 9875.979492
1 9823.370117
2 9723.089844
3 9634.753906
4 9523.116211
5 9488.581055
6 9475.716797
7 9455.245117
8 9368.482422
9 9328.157227
10 9269.986328
11 9236.739258
12 9185.443359
13 9120.453125
14 9101.848633
15 9068.361328
16 9044.801758
17 9016.674805
18 8892.129883
19 8875.423828
20 8857.924805
21 8847.150391
22 8831.022461
23 8792.703125
24 8777.411133
25 8743.852539
26 8737.622070
27 8683.145508
28 8661.872070
29 8644.109375
30 8634.664063
31 8575.521484
32 8573.220703
33 8540.693359
34 8538.470703
35 8532.644531
36 8492.019531
37 8449.365234
38 8422.148438
39 8404.360352
40 8402.439453
41 8398.755859
42 8382.426758
43 8366.142578
44 8313.746094
45 8301.294922
46 8270.559570
47 8270.559570
48 8262.190430
49 8246.224609
50 8227.189453
51 8220.871094
52 8207.695313
53 8163.814941
54 8163.407715
55 8163.407715
56 8143.442871
57 8133.518555
58 8120.030273
59 8107.671875
60 8100.705566
61 8098.848633
62 8098.224121
63 8065.200684
64 8062.766602
65 8050.198242
66 8046.915039
67 8043.698242
68 8043.442383
69 8031.073242
70 8027.759277
71 8027.759277
72 7971.983398
73 7966.130371
74 7938.670410
75 7937.924316
76 7935.756348
77 7919.040527
78 7916.925781
79 7900.678223
80 7900.678223
81 7876.286133
82 7872.633789
83 7862.188965
84 7860.530273
85 7850.846680
86 7831.997559
87 7829.772461
88 7822.388184
89 7822.388184
90 7822.388184
91 7819.212402
92 7815.160156
93 7815.160156
94 7810.225586
95 7810.225586
96 7787.403809
97 7755.943848
98 7755.943848
99 7755.943848
100 7748.385254
101 7744.752441
102 7699.729492
103 7694.118652
104 7694.118652
105 7694.118652
106 7673.382813
107 7671.186035
108 7663.075684
109 7657.438965
110 7638.719727
111 7632.674316
112 7632.674316
113 7632.674316
114 7621.595215
115 7619.828125
116 7601.507813
117 7593.588867
118 7593.588867
119 7593.061035
120 7593.061035
121 7592.602539
122 7582.514648
123 7582.514648
124 7581.192383
125 7548.178711
126 7545.517090
127 7545.517090
128 7537.790527
129 7537.790527
130 7534.044434
131 7530.143066
132 7530.143066
133 7529.267090
134 7519.760254
135 7507.883789
136 7502.683594
137 7502.683594
138 7502.683594
139 7500.422852
140 7493.599121
141 7490.707031
142 7489.661621
143 7473.936035
144 7471.292969
145 7467.863281
146 7467.863281
147 7467.863281
148 7462.279785
149 7454.225586
150 7454.225586
151 7454.225586
152 7450.489258
153 7450.489258
154 7447.868652
155 7424.801758
156 7424.801758
157 7424.801758
158 7424.801758
159 7421.473633
160 7421.473633
161 7418.510742
162 7399.329102
163 7399.329102
164 7392.100098
165 7378.455566
166 7378.455566
167 7367.143555
168 7367.143555
169 7365.770508
170 7365.770508
171 7365.770508
172 7365.770508
173 7365.770508
174 7365.770508
175 7354.279785
176 7354.279785
177 7353.909180
178 7346.141602
179 7340.514160
180 7340.010254
181 7336.639648
182 7326.291992
183 7326.291992
184 7307.737305
185 7307.737305
186 7305.954590
187 7298.438477
188 7298.438477
189 7298.438477
190 7298.438477
191 7298.438477
192 7294.885254
193 7282.193848
194 7282.193848
195 7282.193848
196 7282.193848
197 7282.193848
198 7281.500000
199 7277.630371
200 7277.630371
201 7277.630371
202 7277.630371
203 7277.630371
204 7277.630371
205 7277.630371
206 7277.630371
207 7277.630371
208 7274.945313
209 7274.945313
210 7274.945313
211 7274.945313
212 7274.364746
213 7271.536621
214 7271.536621
215 7271.536621
216 7271.536621
217 7271.536621
218 7271.536621
219 7251.530273
220 7247.774414
221 7247.774414
222 7247.774414
223 7247.774414
224 7247.774414
225 7239.902344
226 7231.684570
227 7227.002930
228 7227.002930
229 7227.002930
230 7227.002930
231 7219.206055
232 7219.206055
233 7219.206055
234 7216.431152
235 7216.431152
236 7209.029785
237 7209.029785
238 7208.877930
239 7208.877930
240 7198.539063
241 7198.539063
242 7191.940430
243 7180.149414
244 7180.149414
245 7178.840820
246 7178.840820
247 7173.842773
248 7173.842773
249 7173.842773
250 7173.842773
251 7144.064941
252 7121.026367
253 7114.152344
254 7114.152344
255 7114.152344
256 7114.152344
257 7114.152344
258 7114.152344
259 7114.152344
260 7114.152344
261 7114.152344
262 7114.152344
263 7114.152344
264 7104.275879
265 7104.275879
266 7096.875000
267 7093.452148
268 7091.239258
269 7090.319336
270 7083.245117
271 7083.245117
272 7080.001465
273 7080.001465
274 7080.001465
275 7080.001465
276 7077.712402
277 7072.295410
278 7063.984375
279 7063.984375
280 7063.984375
281 7063.984375
282 7059.536133
283 7059.536133
284 7059.536133
285 7057.791504
286 7057.791504
287 7047.854492
288 7047.854492
289 7047.854492
290 7047.854492
291 7042.067383
292 7042.067383
293 7020.266602
294 7001.570313
295 7001.570313
296 7001.570313
297 7001.570313
298 7001.570313
299 7001.570313
300 6999.567383
301 6989.250000
302 6988.919434
303 6978.045898
304 6968.346191
305 6966.491211
306 6966.491211
307 6966.491211
308 6966.491211
309 6966.491211
310 6965.593750
311 6964.315430
312 6964.227539
313 6957.979004
314 6957.979004
315 6953.842285
316 6952.496094
317 6952.496094
318 6952.496094
319 6952.496094
320 6952.496094
321 6952.496094
322 6944.421875
323 6944.421875
324 6944.421875
325 6939.921875
326 6935.137695
327 6924.084961
328 6924.084961
329 6924.084961
330 6924.084961
331 6924.084961
332 6922.608398
333 6922.608398
334 6920.841309
335 6916.216309
336 6915.124023
337 6914.895508
338 6914.895508
339 6914.895508
340 6914.895508
341 6914.895508
342 6914.895508
343 6914.895508
344 6911.373535
345 6911.373535
346 6911.373535
347 6911.373535
348 6911.373535
349 6911.373535
350 6910.468750
351 6910.468750
352 6910.468750
353 6910.468750
354 6910.468750
355 6910.468750
356 6910.468750
357 6888.404785
358 6888.404785
359 6888.404785
360 6877.104492
361 6864.096680
362 6864.096680
363 6864.096680
364 6857.121094
365 6857.121094
366 6857.121094
367 6857.121094
368 6857.121094
369 6857.121094
370 6857.121094
371 6855.826660
372 6855.826660
373 6855.826660
374 6852.585938
375 6852.585938
376 6852.585938
377 6852.585938
378 6852.585938
379 6852.585938
380 6852.585938
381 6852.585938
382 6846.478027
383 6846.478027
384 6846.478027
385 6846.478027
386 6832.511719
387 6824.409180
388 6824.409180
389 6824.409180
390 6824.409180
391 6824.409180
392 6824.409180
393 6824.079102
394 6824.079102
395 6824.079102
396 6824.079102
397 6505.856934
398 6505.856934
399 6505.532715
400 6505.532715
401 6505.532715
402 6505.532715
403 6505.532715
404 6505.532715
405 6505.532715
406 6505.532715
407 6505.532715
408 6505.532715
409 6505.532715
410 6505.532715
411 6505.532715
412 6505.532715
413 6505.532715
414 6505.532715
415 6498.557129
416 6497.546875
417 6497.546875
418 6497.546875
419 6497.546875
420 6489.682129
421 6489.682129
422 6489.682129
423 6489.682129
424 6489.682129
425 6489.682129
426 6489.682129
427 6489.682129
428 6489.682129
429 6489.681641
430 6489.681641
431 6489.681641
432 6489.681641
433 6488.208008
434 6485.435547
435 6485.189453
436 6482.257324
437 6482.257324
438 6482.210938
439 6480.792969
440 6479.253906
441 6479.253906
442 6479.253906
443 6479.253906
444 6479.253906
445 6479.253906
446 6478.050781
447 6478.017578
448 6478.017578
449 6478.017578
450 6475.379395
451 6469.020020
452 6469.020020
453 6465.413086
454 6465.413086
455 6465.413086
456 6465.413086
457 6464.311523
458 6456.460449
459 6456.460449
460 6456.460449
461 6456.460449
462 6456.460449
463 6456.460449
464 6456.460449
465 6456.460449
466 6456.460449
467 6456.460449
468 6456.460449
469 6456.460449
470 6455.955566
471 6455.955566
472 6455.955566
473 6455.955566
474 6455.955566
475 6455.955566
476 6455.955566
477 6455.955566
478 6455.955566
479 6455.955566
480 6455.955566
481 6455.955566
482 6455.955566
483 6453.334473
484 6453.334473
485 6440.308105
486 6438.579590
487 6438.579590
488 6438.579590
489 6438.579590
490 6438.579590
491 6438.579590
492 6438.579590
493 6438.579590
494 6438.579590
495 6438.579590
496 6438.579590
497 6436.193359
498 6436.193359
499 6436.193359
500 6436.193359
501 6436.193359
502 6436.193359
503 6436.193359
504 6436.193359
505 6436.193359
506 6436.193359
507 6430.807617
508 6430.792969
509 6430.792969
510 6428.282227
511 6428.282227
512 6428.282227
513 6428.282227
514 6428.282227
515 6428.282227
516 6428.282227
517 6428.282227
518 6428.282227
519 6428.282227
520 6428.282227
521 6425.751953
522 6425.751953
523 6425.751953
524 6416.309570
525 6416.309570
526 6416.309570
527 6413.220215
528 6413.220215
529 6413.220215
530 6402.189453
531 6402.189453
532 6402.189453
533 6402.189453
534 6402.189453
535 6402.189453
536 6402.189453
537 6396.244629
538 6396.244629
539 6395.996094
540 6395.996094
541 6395.996094
542 6395.996094
543 6394.290039
544 6394.290039
545 6394.290039
546 6394.290039
547 6394.290039
548 6394.290039
549 6394.289551
550 6394.289551
551 6394.289551
552 6394.289551
553 6394.245117
554 6394.245117
555 6394.245117
556 6392.788086
557 6392.788086
558 6392.788086
559 6392.788086
560 6388.654297
561 6388.654297
562 6388.654297
563 6388.654297
564 6388.654297
565 6388.654297
566 6388.654297
567 6388.654297
568 6388.654297
569 6388.654297
570 6386.020020
571 6386.020020
572 6386.020020
573 6386.020020
574 6386.020020
575 6386.020020
576 6386.020020
577 6375.971191
578 6375.971191
579 6375.971191
580 6375.971191
581 6375.971191
582 6375.322754
583 6375.322754
584 6375.322754
585 6375.322754
586 6372.774414
587 6372.774414
588 6372.774414
589 6372.774414
590 6372.774414
591 6372.774414
592 6372.774414
593 6366.400879
594 6366.400879
595 6366.400879
596 6366.400879
597 6366.400879
598 6364.231445
599 6364.231445
600 6364.231445
601 6364.231445
602 6364.231445
603 6364.231445
604 6364.231445
605 6364.231445
606 6364.231445
607 6364.231445
608 6364.231445
609 6061.457520
610 6061.457520
611 6054.982422
612 6054.982422
613 6054.982422
614 6052.845703
615 6052.845703
616 6052.845703
617 6052.845703
618 6052.845703
619 6052.845703
620 6052.845703
621 6052.845703
622 6051.476563
623 6051.476563
624 6051.476563
625 6051.476563
626 6051.476563
627 6051.476563
628 6051.476563
629 6051.476563
630 6046.116211
631 6046.116211
632 6046.116211
633 6046.116211
634 6046.116211
635 6046.116211
636 6046.116211
637 6046.116211
638 6046.116211
639 6041.137695
640 6041.137695
641 6041.137695
642 6041.137695
643 6041.137695
644 6041.137695
645 6041.137695
646 6041.137695
647 6041.137695
648 6041.137695
649 6041.137695
650 6041.137695
651 6041.137695
652 6041.137695
653 6041.137695
654 6041.137695
655 6041.137695
656 6041.137695
657 6041.137695
658 6041.137695
659 6041.137695
660 6041.137695
661 6041.137695
662 6041.137695
663 6041.137695
664 6041.137695
665 6041.137695
666 6041.137695
667 6041.137695
668 6041.137695
669 6041.137695
670 6041.137695
671 6041.137695
672 6041.137695
673 6041.137695
674 6041.137695
675 6041.137695
676 6041.137695
677 6041.137695
678 6041.137695
679 6040.585938
680 6040.585938
681 6040.585938
682 6040.585938
683 6039.128418
684 6037.335938
685 6037.335938
686 6037.335938
687 6037.335938
688 5849.484863
689 5849.484863
690 5848.934570
691 5848.934570
692 5848.934570
693 5848.934570
694 5848.934570
695 5848.934570
696 5848.934570
697 5848.934570
698 5848.934570
699 5848.934570
700 5848.934570
701 5848.934570
702 5848.934570
703 5848.934570
704 5848.934570
705 5848.934570
706 5848.934570
707 5848.934570
708 5848.934570
709 5848.934570
710 5848.934570
711 5848.934570
712 5848.934570
713 5848.934570
714 5848.934570
715 5848.934570
716 5848.934570
717 5843.625000
718 5843.625000
719 5843.625000
720 5843.625000
721 5843.625000
722 5843.625000
723 5843.625000
724 5843.625000
725 5843.625000
726 5843.625000
727 5843.625000
728 5843.625000
729 5843.624512
730 5843.624512
731 5843.624512
732 5843.624512
733 5843.624512
734 5843.624512
735 5843.624512
736 5843.624512
737 5843.624512
738 5841.612305
739 5841.612305
740 5841.612305
741 5841.612305
742 5841.612305
743 5841.612305
744 5841.612305
745 5836.975586
746 5836.975586
747 5836.975586
748 5836.975586
749 5836.975586
750 5836.975586
751 5836.975586
752 5836.975586
753 5836.975586
754 5836.975586
755 5836.975586
756 5836.975586
757 5836.975586
758 5835.016602
759 5835.016602
760 5835.016602
761 5835.016602
762 5835.016602
763 5835.016602
764 5835.016602
765 5835.016602
766 5835.016602
767 5835.016602
768 5835.016602
769 5833.987305
770 5833.987305
771 5833.987305
772 5833.987305
773 5833.987305
774 5833.971191
775 5833.971191
776 5833.971191
777 5833.971191
778 5833.971191
779 5833.971191
780 5833.971191
781 5833.971191
782 5833.971191
783 5833.971191
784 5833.971191
785 5833.971191
786 5833.971191
787 5833.971191
788 5833.971191
789 5833.971191
790 5833.971191
791 5833.971191
792 5833.971191
793 5833.971191
794 5833.971191
795 5833.971191
796 5830.854980
797 5830.854980
798 5830.854980
799 5830.854980
800 5830.854980
801 5830.854980
802 5830.854980
803 5830.854980
804 5830.854980
805 5830.854980
806 5830.854980
807 5830.854492
808 5830.854492
809 5830.854492
810 5830.854492
811 5830.854492
812 5830.854492
813 5830.854492
814 5830.854492
815 5830.854492
816 5830.854492
817 5830.854492
818 5830.854492
819 5830.854492
820 5830.854492
821 5830.854492
822 5830.854492
823 5830.854492
824 5830.854492
825 5830.854492
826 5830.854492
827 5830.854492
828 5830.854492
829 5830.854492
830 5830.854492
831 5830.575195
832 5830.575195
833 5830.575195
834 5830.575195
835 5830.575195
836 5830.575195
837 5830.575195
838 5830.575195
839 5830.575195
840 5830.575195
841 5830.575195
842 5830.575195
843 5830.575195
844 5830.575195
845 5830.575195
846 5830.575195
847 5830.575195
848 5830.575195
849 5830.575195
850 5827.147949
851 5827.147949
852 5827.147949
853 5827.147949
854 5827.147949
855 5827.147949
856 5827.147949
857 5827.147949
858 5827.147949
859 5827.147949
860 5827.147949
861 5827.147949
862 5827.147949
863 5827.147949
864 5827.147949
865 5818.532227
866 5818.532227
867 5818.532227
868 5818.532227
869 5818.532227
870 5818.532227
871 5818.532227
872 5818.532227
873 5818.532227
874 5818.532227
875 5818.532227
876 5817.745117
877 5817.745117
878 5817.745117
879 5817.745117
880 5817.745117
881 5817.745117
882 5817.745117
883 5817.745117
884 5817.745117
885 5817.745117
886 5817.745117
887 5817.745117
888 5817.745117
889 5817.745117
890 5817.745117
891 5817.745117
892 5814.981445
893 5814.981445
894 5814.981445
895 5814.981445
896 5814.981445
897 5814.981445
898 5814.981445
899 5814.981445
900 5814.981445
901 5814.981445
902 5814.981445
903 5814.981445
904 5814.981445
905 5814.593262
906 5814.593262
907 5814.593262
908 5811.821289
909 5811.821289
910 5811.821289
911 5811.821289
912 5811.821289
913 5811.821289
914 5811.821289
915 5811.821289
916 5811.821289
917 5811.821289
918 5811.821289
919 5811.821289
920 5811.821289
921 5811.821289
922 5811.821289
923 5811.821289
924 5811.821289
925 5811.821289
926 5811.821289
927 5811.821289
928 5811.821289
929 5811.821289
930 5811.821289
931 5806.236328
932 5806.236328
933 5806.236328
934 5806.236328
935 5806.236328
936 5806.236328
937 5806.236328
938 5806.236328
939 5805.848633
940 5805.848633
941 5805.848633
942 5796.581543
943 5796.581543
944 5794.573242
945 5794.573242
946 5794.573242
947 5794.573242
948 5791.446777
949 5791.446777
950 5791.446777
951 5791.446777
952 5781.138672
953 5781.138672
954 5781.138672
955 5781.138672
956 5781.138672
957 5781.138672
958 5781.138672
959 5781.138672
960 5781.138672
961 5781.138672
962 5781.138672
963 5781.138672
964 5781.138672
965 5781.138672
966 5781.138672
967 5781.138672
968 5781.138672
969 5781.138672
970 5781.138672
971 5781.138672
972 5781.138672
973 5781.138672
974 5781.138672
975 5781.138672
976 5781.138672
977 5781.138672
978 5781.138672
979 5779.409180
980 5779.409180
981 5779.409180
982 5779.409180
983 5779.409180
984 5779.409180
985 5779.409180
986 5779.409180
987 5779.409180
988 5779.409180
989 5779.409180
990 5779.409180
991 5779.409180
992 5779.409180
993 5779.409180
994 5779.409180
995 5779.409180
996 5779.409180
997 5779.409180
998 5779.409180
999 5779.409180
