0 9216.748047
1 9191.395508
2 9145.311523
3 9066.504883
4 8989.795898
5 8851.191406
6 8789.015625
7 8754.306641
8 8745.478516
9 8642.232422
10 8618.670898
11 8577.193359
12 8503.054688
13 8476.820313
14 8457.794922
15 8427.935547
16 8395.097656
17 8378.296875
18 8335.314453
19 8330.678711
20 8318.426758
21 8269.198242
22 8241.160156
23 8230.461914
24 8215.888672
25 8206.568359
26 8187.790039
27 8164.229004
28 8164.229004
29 8146.389648
30 8146.389648
31 8137.949219
32 8126.938965
33 8119.294434
34 8084.682129
35 8055.437500
36 8051.436035
37 8002.957031
38 7988.335938
39 7979.451660
40 7973.373535
41 7973.373535
42 7953.092773
43 7953.092773
44 7916.451660
45 7906.068848
46 7906.068848
47 7878.002930
48 7866.967285
49 7853.485352
50 7814.448242
51 7778.623535
52 7773.107910
53 7773.107910
54 7728.932129
55 7724.731445
56 7713.673340
57 7703.566406
58 7685.803223
59 7675.784180
60 7653.447754
61 7635.889648
62 7635.889648
63 7628.008789
64 7626.182129
65 7622.750977
66 7621.756836
67 7620.613281
68 7620.613281
69 7617.938965
70 7611.503906
71 7611.503906
72 7611.503906
73 7599.289063
74 7597.580566
75 7580.644531
76 7580.644531
77 7580.644531
78 7558.342285
79 7558.342285
80 7558.342285
81 7550.211914
82 7546.521973
83 7545.864746
84 7545.470215
85 7543.927246
86 7523.521973
87 7516.547852
88 7513.899902
89 7508.809570
90 7490.428711
91 7488.554688
92 7455.481445
93 7455.481445
94 7455.481445
95 7455.481445
96 7445.385742
97 7445.054688
98 7420.554688
99 7400.416504
100 7391.789063
101 7391.789063
102 7390.713867
103 7390.713867
104 7387.004883
105 7380.504883
106 7368.850098
107 7366.471680
108 7359.864746
109 7349.283691
110 7348.510254
111 7348.510254
112 7348.510254
113 7341.895996
114 7329.042969
115 7315.528809
116 7315.528809
117 7310.170898
118 7303.258789
119 7284.428711
120 7284.428711
121 7284.428711
122 7284.428711
123 7284.143555
124 7254.686035
125 7254.686035
126 7254.686035
127 7241.221680
128 7241.221680
129 7239.112305
130 7238.497070
131 7234.367188
132 7234.367188
133 7234.367188
134 7234.367188
135 7234.367188
136 7234.367188
137 7232.300781
138 7229.615723
139 7221.170410
140 7221.170410
141 7221.170410
142 7216.034180
143 7216.034180
144 7209.703125
145 7206.580566
146 7206.580566
147 7199.437500
148 7199.437500
149 7199.437500
150 7188.324219
151 7188.324219
152 7183.467285
153 7183.467285
154 7183.467285
155 7166.959473
156 7166.959473
157 7166.959473
158 7166.959473
159 7159.182617
160 7155.648438
161 7155.648438
162 7149.653320
163 7147.473633
164 7140.967773
165 7140.967773
166 7126.299805
167 7124.239258
168 7118.876465
169 7115.176758
170 7115.176758
171 7115.176758
172 7112.791504
173 7105.432617
174 7103.411133
175 7103.411133
176 7103.411133
177 7103.411133
178 7103.411133
179 7103.411133
180 7079.600098
181 7079.514160
182 7063.549805
183 7063.549805
184 7062.302246
185 7060.215820
186 7060.215820
187 7060.215820
188 7060.215820
189 7059.758789
190 7059.758789
191 7041.631348
192 7041.631348
193 7041.631348
194 7041.631348
195 7041.631348
196 7036.219727
197 7036.219727
198 7036.219727
199 7036.219727
200 7033.938965
201 7031.563965
202 7026.168945
203 7026.168945
204 7026.168945
205 7022.172852
206 6665.085938
207 6665.085938
208 6665.085938
209 6662.925781
210 6657.180664
211 6657.180664
212 6657.180664
213 6657.180664
214 6641.277344
215 6634.436035
216 6634.436035
217 6629.878906
218 6629.878906
219 6629.878906
220 6629.614258
221 6629.614258
222 6624.674805
223 6624.674805
224 6624.674805
225 6624.674805
226 6619.766602
227 6619.766602
228 6619.766602
229 6619.766602
230 6616.562500
231 6611.043945
232 6611.043945
233 6611.043945
234 6602.434570
235 6602.434570
236 6592.366211
237 6585.311523
238 6581.942871
239 6580.304688
240 6580.304688
241 6579.057617
242 6579.057617
243 6579.057617
244 6575.041992
245 6573.610840
246 6573.610840
247 6573.610840
248 6573.610840
249 6572.877930
250 6572.877930
251 6558.851563
252 6558.851563
253 6558.851563
254 6558.851563
255 6558.851563
256 6548.647949
257 6540.973633
258 6540.973633
259 6540.973633
260 6540.973633
261 6540.973633
262 6540.493164
263 6533.806152
264 6533.806152
265 6533.806152
266 6533.806152
267 6533.801758
268 6531.934570
269 6531.934570
270 6531.934570
271 6531.934570
272 6531.934570
273 6531.676758
274 6531.676758
275 6524.371582
276 6524.371582
277 6512.813477
278 6505.717285
279 6505.717285
280 6505.717285
281 6505.210449
282 6502.491699
283 6502.491699
284 6495.170410
285 6481.202148
286 6481.202148
287 6481.202148
288 6476.053223
289 6476.053223
290 6476.053223
291 6476.053223
292 6470.413086
293 6470.413086
294 6466.818848
295 6466.818848
296 6466.818848
297 6466.818848
298 6466.818848
299 6462.098633
300 6462.098633
301 6462.098633
302 6462.098633
303 6462.098633
304 6462.098633
305 6462.098633
306 6462.098633
307 6462.098633
308 6462.098633
309 6462.098633
310 6454.204102
311 6454.204102
312 6454.204102
313 6454.204102
314 6449.536133
315 6449.536133
316 6446.127930
317 6446.127930
318 6446.127930
319 6446.127930
320 6446.127930
321 6437.168945
322 6437.168945
323 6437.168945
324 6437.168945
325 6437.168945
326 6437.168945
327 6437.168945
328 6435.038086
329 6435.038086
330 6435.038086
331 6435.038086
332 6435.038086
333 6435.038086
334 6435.038086
335 6435.038086
336 6435.038086
337 6435.038086
338 6428.358398
339 6428.358398
340 6428.358398
341 6428.358398
342 6428.358398
343 6428.358398
344 6428.358398
345 6428.358398
346 6426.995117
347 6426.995117
348 6426.995117
349 6426.995117
350 6426.995117
351 6426.995117
352 6426.995117
353 6426.995117
354 6423.592773
355 6417.964355
356 6417.964355
357 6417.964355
358 6417.964355
359 6417.964355
360 6417.964355
361 6415.389160
362 6415.389160
363 6415.389160
364 6415.389160
365 6412.147461
366 6412.147461
367 6412.147461
368 6404.209961
369 6403.166504
370 6403.166504
371 6403.166504
372 6403.166504
373 6403.166504
374 6399.856445
375 6399.856445
376 6399.856445
377 6398.100586
378 6397.100586
379 6397.100586
380 6397.100586
381 6397.100586
382 6397.100586
383 6397.100586
384 6395.614746
385 6395.614746
386 6393.954102
387 6393.954102
388 6376.578125
389 6376.578125
390 6376.578125
391 6376.578125
392 6376.489746
393 6376.489746
394 6374.529297
395 6374.529297
396 6374.385742
397 6374.385742
398 6374.385742
399 6374.385742
400 6374.385742
401 6374.385742
402 6374.385742
403 6374.385742
404 6374.385742
405 6374.174805
406 6374.174805
407 6282.989746
408 6282.989746
409 6278.791992
410 6278.791992
411 6278.791992
412 6278.791992
413 6220.052734
414 6220.052734
415 6134.778320
416 6134.778320
417 6134.778320
418 6134.778320
419 6134.778320
420 6134.778320
421 6134.778320
422 6134.778320
423 6134.778320
424 6134.778320
425 6134.778320
426 6134.778320
427 6134.778320
428 6134.778320
429 6134.778320
430 6134.778320
431 6134.778320
432 6134.778320
433 6134.778320
434 6134.778320
435 6134.778320
436 6134.778320
437 6134.778320
438 6134.778320
439 6129.506836
440 6129.506836
441 6129.506836
442 6117.003418
443 6117.003418
444 6117.003418
445 6117.003418
446 6117.003418
447 6117.003418
448 6117.003418
449 6117.003418
450 6117.003418
451 6117.003418
452 6117.003418
453 6117.003418
454 6117.003418
455 6117.003418
456 6105.327148
457 6105.327148
458 6105.327148
459 6105.327148
460 6105.327148
461 6103.008301
462 6103.008301
463 6103.008301
464 6103.008301
465 6103.008301
466 6103.008301
467 6103.008301
468 6101.059570
469 6101.059570
470 6097.485840
471 6091.981445
472 6091.981445
473 6091.981445
474 6091.981445
475 6091.981445
476 6086.662109
477 6086.662109
478 6086.662109
479 6086.662109
480 6086.662109
481 6086.662109
482 6083.483398
483 6083.483398
484 6075.453125
485 6075.453125
486 6071.948242
487 6071.948242
488 6071.948242
489 6071.948242
490 6071.948242
491 6071.948242
492 6071.948242
493 6071.948242
494 6071.948242
495 6071.948242
496 6071.948242
497 6071.948242
498 6063.231445
499 6063.231445
500 6063.231445
501 6063.231445
502 6063.231445
503 6060.995117
504 6060.995117
505 6060.995117
506 6060.995117
507 6060.995117
508 6060.995117
509 6060.995117
510 6060.995117
511 6060.995117
512 6059.839844
513 6059.839844
514 6055.162109
515 6055.162109
516 6055.162109
517 6055.162109
518 6055.162109
519 6055.162109
520 6051.493164
521 6051.493164
522 6051.493164
523 6051.493164
524 6051.493164
525 6051.493164
526 6051.493164
527 6051.493164
528 6051.493164
529 6051.493164
530 6051.493164
531 6051.493164
532 6051.493164
533 6051.493164
534 6051.484863
535 6051.484863
536 6051.484863
537 6045.627930
538 6045.335449
539 6045.256836
540 6045.256836
541 6045.256836
542 6045.256836
543 6045.256836
544 6045.256836
545 6045.256836
546 6045.256836
547 6045.256836
548 6045.256836
549 6045.256836
550 6045.256836
551 6043.016602
552 6043.016602
553 6043.016602
554 6043.016602
555 6043.016602
556 6043.016602
557 6043.016602
558 6043.016602
559 6042.491699
560 6040.744141
561 6040.744141
562 6040.744141
563 6040.744141
564 6040.744141
565 6040.744141
566 6040.744141
567 6040.744141
568 6036.840332
569 6034.260742
570 6034.260742
571 6034.260742
572 6034.260742
573 6034.260742
574 6034.260742
575 6034.260742
576 6033.538574
577 6033.538574
578 6033.538574
579 6033.538574
580 6033.538574
581 6033.538574
582 6032.918457
583 6030.606445
584 6030.606445
585 6030.606445
586 6024.665039
587 6024.665039
588 6024.665039
589 6024.665039
590 6023.081543
591 6023.081543
592 6023.081543
593 6023.081543
594 6023.081543
595 6020.134277
596 6020.134277
597 6020.134277
598 6019.945313
599 6019.945313
600 6019.945313
601 6019.945313
602 6019.945313
603 6019.945313
604 6019.945313
605 6019.945313
606 6019.945313
607 6019.945313
608 6019.945313
609 6019.945313
610 6016.424805
611 6016.424805
612 6016.424805
613 5956.977539
614 5956.977539
615 5956.977539
616 5956.977539
617 5948.316406
618 5902.405762
619 5902.405762
620 5889.884766
621 5889.884766
622 5889.884766
623 5889.884766
624 5889.884766
625 5889.884766
626 5888.864746
627 5883.226563
628 5883.226563
629 5883.226563
630 5840.555664
631 5840.555664
632 5840.555664
633 5840.555664
634 5840.555664
635 5840.555664
636 5840.555664
637 5840.555664
638 5840.555664
639 5840.555664
640 5840.555664
641 5840.555664
642 5838.088379
643 5838.088379
644 5838.088379
645 5838.088379
646 5838.088379
647 5838.088379
648 5838.088379
649 5838.088379
650 5838.088379
651 5838.088379
652 5838.088379
653 5838.088379
654 5835.529297
655 5808.791992
656 5808.791992
657 5808.791992
658 5808.791992
659 5808.791992
660 5808.791992
661 5808.791992
662 5808.791992
663 5808.791992
664 5808.791992
665 5808.791992
666 5808.791992
667 5808.791992
668 5808.791992
669 5808.791992
670 5808.791992
671 5808.791992
672 5808.791992
673 5808.791992
674 5808.791992
675 5808.791992
676 5808.791992
677 5808.791992
678 5808.791992
679 5808.791992
680 5808.791992
681 5808.791992
682 5808.791992
683 5808.791992
684 5795.446777
685 5795.446777
686 5795.446777
687 5795.446777
688 5795.446777
689 5795.446777
690 5795.446777
691 5795.446777
692 5795.446777
693 5795.446777
694 5795.446777
695 5795.446777
696 5795.446777
697 5795.446777
698 5795.446777
699 5795.446777
700 5795.446777
701 5795.446777
702 5795.446777
703 5794.209473
704 5794.209473
705 5794.209473
706 5793.823242
707 5793.823242
708 5793.823242
709 5793.823242
710 5793.823242
711 5792.575195
712 5792.575195
713 5792.575195
714 5792.575195
715 5792.575195
716 5792.575195
717 5792.575195
718 5792.575195
719 5792.575195
720 5792.575195
721 5786.848633
722 5786.848633
723 5786.729004
724 5786.729004
725 5786.729004
726 5786.729004
727 5786.729004
728 5786.729004
729 5786.729004
730 5786.729004
731 5786.729004
732 5786.729004
733 5786.036621
734 5786.036621
735 5786.036621
736 5786.036621
737 5786.036621
738 5782.116211
739 5782.116211
740 5782.116211
741 5782.116211
742 5782.116211
743 5782.116211
744 5782.116211
745 5782.116211
746 5782.116211
747 5782.116211
748 5782.116211
749 5782.116211
750 5782.116211
751 5782.116211
752 5782.116211
753 5782.116211
754 5782.116211
755 5782.116211
756 5782.116211
757 5782.116211
758 5782.116211
759 5782.116211
760 5782.116211
761 5782.116211
762 5782.116211
763 5780.379883
764 5780.379883
765 5780.379883
766 5780.379883
767 5780.379883
768 5780.379883
769 5780.379883
770 5780.379883
771 5780.379883
772 5780.379883
773 5780.379883
774 5780.379883
775 5780.379883
776 5780.379883
777 5780.379883
778 5780.379883
779 5780.379883
780 5780.379883
781 5780.379883
782 5780.379883
783 5780.379883
784 5780.379883
785 5780.379883
786 5780.379883
787 5780.379883
788 5778.533691
789 5778.533691
790 5778.533691
791 5778.533691
792 5778.533691
793 5778.533691
794 5778.533691
795 5778.533691
796 5778.533691
797 5778.533691
798 5778.533691
799 5778.533691
800 5778.533691
801 5778.533691
802 5778.533691
803 5778.533691
804 5778.533691
805 5778.533691
806 5778.533691
807 5778.533691
808 5778.533691
809 5778.533691
810 5778.533691
811 5778.533691
812 5778.533691
813 5778.533691
814 5778.533691
815 5778.533691
816 5778.533691
817 5778.533691
818 5778.533691
819 5778.533691
820 5778.533691
821 5778.533691
822 5778.533691
823 5778.533691
824 5778.533691
825 5778.533691
826 5778.533691
827 5778.533691
828 5778.533691
829 5778.533691
830 5778.533691
831 5778.533691
832 5778.533691
833 5778.533691
834 5778.533691
835 5778.533691
836 5778.533691
837 5778.533691
838 5778.533691
839 5778.533691
840 5778.533691
841 5778.533691
842 5775.366211
843 5775.366211
844 5775.366211
845 5775.366211
846 5775.366211
847 5775.366211
848 5775.366211
849 5775.366211
850 5775.366211
851 5775.366211
852 5775.366211
853 5775.366211
854 5775.366211
855 5775.366211
856 5775.366211
857 5775.366211
858 5775.366211
859 5772.379883
860 5772.379883
861 5772.379883
862 5772.379883
863 5772.379883
864 5772.379883
865 5772.379883
866 5772.379883
867 5772.379883
868 5772.379883
869 5772.379883
870 5768.049316
871 5768.049316
872 5768.049316
873 5768.049316
874 5768.049316
875 5762.532227
876 5762.532227
877 5762.532227
878 5762.532227
879 5762.532227
880 5762.532227
881 5762.532227
882 5762.532227
883 5762.532227
884 5762.532227
885 5762.532227
886 5762.532227
887 5762.532227
888 5762.532227
889 5762.532227
890 5762.532227
891 5762.532227
892 5762.532227
893 5762.532227
894 5762.532227
895 5762.532227
896 5762.532227
897 5762.532227
898 5762.532227
899 5762.532227
900 5762.532227
901 5762.532227
902 5762.532227
903 5762.532227
904 5762.532227
905 5762.532227
906 5762.532227
907 5762.532227
908 5762.532227
909 5762.532227
910 5762.532227
911 5762.532227
912 5762.532227
913 5762.532227
914 5762.532227
915 5762.532227
916 5762.532227
917 5762.532227
918 5762.532227
919 5762.532227
920 5762.532227
921 5762.532227
922 5762.532227
923 5762.532227
924 5762.532227
925 5761.966797
926 5761.966797
927 5761.966797
928 5761.966797
929 5761.966797
930 5761.966797
931 5761.966797
932 5761.966797
933 5761.966797
934 5761.966797
935 5761.966797
936 5761.966797
937 5761.966797
938 5761.966797
939 5761.966797
940 5761.966797
941 5761.966797
942 5759.756836
943 5759.756836
944 5757.166016
945 5757.166016
946 5757.166016
947 5757.166016
948 5757.166016
949 5757.124512
950 5757.124512
951 5757.124512
952 5757.124512
953 5757.124512
954 5757.124512
955 5757.124512
956 5757.124512
957 5757.124512
958 5757.124512
959 5757.124512
960 5757.124512
961 5746.010742
962 5746.010742
963 5746.010742
964 5746.010742
965 5746.010742
966 5746.010742
967 5746.010742
968 5746.010742
969 5746.010742
970 5746.010742
971 5746.010742
972 5746.010742
973 5746.010742
974 5746.010742
975 5746.010742
976 5746.010742
977 5746.010742
978 5746.010742
979 5746.010742
980 5746.010742
981 5746.010742
982 5746.010742
983 5746.010742
984 5746.010742
985 5746.010742
986 5746.010742
987 5746.010742
988 5746.010742
989 5746.010742
990 5746.010742
991 5746.010742
992 5746.010742
993 5746.010742
994 5746.010742
995 5746.010742
996 5746.010742
997 5746.010742
998 5746.010742
999 5746.010742
