0 4808.926270
1 4808.926270
2 4795.986816
3 4745.973633
4 4745.973633
5 4735.113281
6 4725.442871
7 4725.442871
8 4710.505859
9 4710.505859
10 4703.390625
11 4703.390625
12 4693.593750
13 4692.679199
14 4689.529785
15 4683.907227
16 4681.649414
17 4679.783691
18 4679.783691
19 4679.783691
20 4679.783691
21 4679.783691
22 4679.105469
23 4679.105469
24 4666.640137
25 4659.014648
26 4659.014648
27 4659.014648
28 4654.487305
29 4654.487305
30 4653.602051
31 4653.602051
32 4651.187500
33 4640.103027
34 4637.526367
35 4636.791992
36 4636.791992
37 4632.443848
38 4627.958008
39 4627.958008
40 4626.785156
41 4626.785156
42 4621.632324
43 4621.632324
44 4621.632324
45 4620.536133
46 4620.536133
47 4615.579102
48 4612.603516
49 4612.603516
50 4611.207520
51 4606.310059
52 4601.739258
53 4601.739258
54 4601.739258
55 4601.739258
56 4601.739258
57 4601.739258
58 4601.739258
59 4599.203125
60 4599.203125
61 4599.203125
62 4599.203125
63 4599.203125
64 4599.203125
65 4595.092773
66 4595.092773
67 4595.092773
68 4594.282715
69 4594.282715
70 4594.282715
71 4594.282715
72 4594.282715
73 4592.984863
74 4592.984863
75 4592.984863
76 4591.731445
77 4591.731445
78 4591.731445
79 4591.731445
80 4591.731445
81 4590.863281
82 4589.665527
83 4589.665527
84 4589.665527
85 4588.491211
86 4588.491211
87 4588.491211
88 4588.491211
89 4588.491211
90 4588.491211
91 4582.932617
92 4582.932617
93 4582.932617
94 4580.107422
95 4580.107422
96 4580.107422
97 4579.680664
98 4578.882324
99 4578.882324
100 4578.882324
101 4578.882324
102 4578.882324
103 4578.882324
104 4578.380371
105 4578.380371
106 4577.975586
107 4577.975586
108 4577.975586
109 4577.975586
110 4577.975586
111 4577.975586
112 4577.776367
113 4577.776367
114 4577.776367
115 4577.776367
116 4577.776367
117 4577.776367
118 4577.776367
119 4577.776367
120 4577.776367
121 4577.776367
122 4577.776367
123 4577.688965
124 4577.502441
125 4577.502441
126 4576.700195
127 4576.700195
128 4576.700195
129 4576.700195
130 4576.700195
131 4576.700195
132 4576.700195
133 4576.700195
134 4575.328125
135 4575.306641
136 4575.306641
137 4575.306641
138 4575.192383
139 4575.192383
140 4575.192383
141 4575.192383
142 4574.717773
143 4574.717773
144 4574.717773
145 4574.717773
146 4574.717773
147 4568.801270
148 4568.801270
149 4568.801270
150 4568.801270
151 4568.801270
152 4568.800781
153 4568.800781
154 4568.800781
155 4568.800781
156 4568.779297
157 4568.779297
158 4568.779297
159 4568.501465
160 4568.501465
161 4566.135742
162 4566.135742
163 4566.135742
164 4560.038574
165 4560.038574
166 4560.038574
167 4559.911133
168 4559.911133
169 4559.798340
170 4559.798340
171 4559.798340
172 4559.798340
173 4559.798340
174 4559.798340
175 4559.798340
176 4559.798340
177 4559.798340
178 4558.722656
179 4558.722656
180 4558.722656
181 4558.722656
182 4558.722656
183 4558.722656
184 4558.722656
185 4558.722656
186 4555.209961
187 4555.209961
188 4555.209961
189 4555.209961
190 4555.209961
191 4555.209961
192 4555.209961
193 4554.204102
194 4554.204102
195 4554.204102
196 4554.204102
197 4554.204102
198 4554.204102
199 4554.204102
200 4553.676758
201 4553.676758
202 4553.676758
203 4553.676758
204 4553.676758
205 4553.676758
206 4553.676758
207 4553.676758
208 4553.676758
209 4553.676758
210 4553.676758
211 4553.676758
212 4553.676758
213 4553.676758
214 4553.676758
215 4553.676758
216 4553.676758
217 4553.676758
218 4553.676758
219 4553.676758
220 4553.676758
221 4548.080566
222 4548.080566
223 4548.080566
224 4548.080566
225 4548.080566
226 4548.080566
227 4548.080566
228 4548.080566
229 4548.080566
230 4548.080566
231 4548.080566
232 4548.080566
233 4548.080566
234 4548.080566
235 4548.080566
236 4548.080566
237 4548.080566
238 4548.080566
239 4548.080566
240 4548.080566
241 4548.080566
242 4548.080566
243 4548.080566
244 4548.080566
245 4548.080566
246 4548.080566
247 4548.080566
248 4548.080566
249 4548.080566
250 4548.080566
251 4546.344727
252 4546.344727
253 4546.344727
254 4546.097656
255 4546.097656
256 4546.097656
257 4546.097656
258 4546.097656
259 4546.097656
260 4546.097656
261 4546.097656
262 4546.020020
263 4546.020020
264 4546.020020
265 4546.020020
266 4546.020020
267 4546.020020
268 4546.020020
269 4546.020020
270 4546.020020
271 4546.020020
272 4546.020020
273 4546.020020
274 4546.020020
275 4546.020020
276 4543.942383
277 4543.942383
278 4543.942383
279 4539.505859
280 4539.505859
281 4539.505859
282 4539.505859
283 4539.505859
284 4539.148926
285 4539.148926
286 4539.148926
287 4539.148438
288 4539.148438
289 4539.148438
290 4538.977051
291 4538.977051
292 4538.977051
293 4538.977051
294 4538.977051
295 4538.836914
296 4538.836914
297 4538.836914
298 4538.836914
299 4538.836914
300 4538.836914
301 4538.836914
302 4538.836914
303 4538.836914
304 4538.836914
305 4538.836914
306 4538.836914
307 4538.836914
308 4538.836914
309 4538.836914
310 4538.836914
311 4538.836914
312 4538.836914
313 4538.836914
314 4538.836914
315 4538.836914
316 4538.836914
317 4538.836914
318 4538.836914
319 4538.836914
320 4538.836914
321 4538.836914
322 4538.836914
323 4538.836914
324 4537.114746
325 4537.114746
326 4537.114746
327 4537.114746
328 4536.091797
329 4536.091797
330 4536.091797
331 4536.091797
332 4536.091797
333 4536.091797
334 4536.091797
335 4536.091797
336 4536.091797
337 4536.091797
338 4536.091797
339 4536.091797
340 4536.091797
341 4536.091797
342 4536.091797
343 4536.091797
344 4536.091797
345 4536.091797
346 4536.091797
347 4536.091797
348 4536.091797
349 4535.144043
350 4535.144043
351 4535.144043
352 4534.628906
353 4534.628906
354 4534.628906
355 4534.199219
356 4534.199219
357 4534.199219
358 4534.199219
359 4534.199219
360 4534.199219
361 4534.199219
362 4534.199219
363 4534.199219
364 4534.199219
365 4534.198730
366 4529.586914
367 4529.586914
368 4529.586914
369 4529.586914
370 4529.586914
371 4529.586914
372 4529.586914
373 4528.368164
374 4528.368164
375 4528.368164
376 4528.368164
377 4528.368164
378 4528.368164
379 4527.932617
380 4527.932617
381 4527.932617
382 4527.932617
383 4527.932617
384 4527.932617
385 4527.932617
386 4527.932617
387 4527.376465
388 4527.376465
389 4527.376465
390 4527.376465
391 4527.376465
392 4527.376465
393 4527.376465
394 4527.376465
395 4527.376465
396 4527.376465
397 4527.376465
398 4527.376465
399 4527.376465
400 4527.376465
401 4527.376465
402 4527.376465
403 4527.376465
404 4527.376465
405 4527.376465
406 4527.376465
407 4527.376465
408 4527.376465
409 4527.376465
410 4527.376465
411 4527.376465
412 4527.376465
413 4527.376465
414 4527.376465
415 4527.376465
416 4527.376465
417 4527.376465
418 4527.376465
419 4527.376465
420 4527.376465
421 4527.376465
422 4527.376465
423 4527.376465
424 4527.376465
425 4527.376465
426 4527.264160
427 4526.451660
428 4526.451660
429 4526.451660
430 4526.451660
431 4526.451660
432 4526.451660
433 4526.451660
434 4526.451660
435 4526.451660
436 4526.451660
437 4526.451660
438 4526.451660
439 4526.451660
440 4526.451660
441 4526.451660
442 4526.451660
443 4526.451660
444 4526.451660
445 4526.451660
446 4526.281250
447 4526.281250
448 4526.281250
449 4526.281250
450 4526.281250
451 4526.281250
452 4526.281250
453 4526.281250
454 4526.241699
455 4526.241699
456 4526.241699
457 4526.241699
458 4526.029785
459 4526.029785
460 4525.938477
461 4525.938477
462 4525.938477
463 4525.938477
464 4525.938477
465 4525.938477
466 4525.938477
467 4521.897461
468 4521.897461
469 4521.897461
470 4521.897461
471 4521.897461
472 4521.897461
473 4521.897461
474 4521.897461
475 4521.897461
476 4521.897461
477 4521.077148
478 4521.077148
479 4521.077148
480 4521.077148
481 4521.077148
482 4521.077148
483 4521.077148
484 4521.077148
485 4521.077148
486 4521.077148
487 4521.077148
488 4521.077148
489 4521.077148
490 4521.077148
491 4521.077148
492 4521.077148
493 4521.077148
494 4521.077148
495 4521.077148
496 4521.077148
497 4521.077148
498 4521.077148
499 4521.077148
500 0.000000
501 0.000000
502 0.000000
503 0.000000
504 0.000000
505 0.000000
506 0.000000
507 0.000000
508 0.000000
509 0.000000
510 0.000000
511 0.000000
512 0.000000
513 0.000000
514 0.000000
515 0.000000
516 0.000000
517 0.000000
518 0.000000
519 0.000000
520 0.000000
521 0.000000
522 0.000000
523 0.000000
524 0.000000
525 0.000000
526 0.000000
527 0.000000
528 0.000000
529 0.000000
530 0.000000
531 0.000000
532 0.000000
533 0.000000
534 0.000000
535 0.000000
536 0.000000
537 0.000000
538 0.000000
539 0.000000
540 0.000000
541 0.000000
542 0.000000
543 0.000000
544 0.000000
545 0.000000
546 0.000000
547 0.000000
548 0.000000
549 0.000000
550 0.000000
551 0.000000
552 0.000000
553 0.000000
554 0.000000
555 0.000000
556 0.000000
557 0.000000
558 0.000000
559 0.000000
560 0.000000
561 0.000000
562 0.000000
563 0.000000
564 0.000000
565 0.000000
566 0.000000
567 0.000000
568 0.000000
569 0.000000
570 0.000000
571 0.000000
572 0.000000
573 0.000000
574 0.000000
575 0.000000
576 0.000000
577 0.000000
578 0.000000
579 0.000000
580 0.000000
581 0.000000
582 0.000000
583 0.000000
584 0.000000
585 0.000000
586 0.000000
587 0.000000
588 0.000000
589 0.000000
590 0.000000
591 0.000000
592 0.000000
593 0.000000
594 0.000000
595 0.000000
596 0.000000
597 0.000000
598 0.000000
599 0.000000
600 0.000000
601 0.000000
602 0.000000
603 0.000000
604 0.000000
605 0.000000
606 0.000000
607 0.000000
608 0.000000
609 0.000000
610 0.000000
611 0.000000
612 0.000000
613 0.000000
614 0.000000
615 0.000000
616 0.000000
617 0.000000
618 0.000000
619 0.000000
620 0.000000
621 0.000000
622 0.000000
623 0.000000
624 0.000000
625 0.000000
626 0.000000
627 0.000000
628 0.000000
629 0.000000
630 0.000000
631 0.000000
632 0.000000
633 0.000000
634 0.000000
635 0.000000
636 0.000000
637 0.000000
638 0.000000
639 0.000000
640 0.000000
641 0.000000
642 0.000000
643 0.000000
644 0.000000
645 0.000000
646 0.000000
647 0.000000
648 0.000000
649 0.000000
650 0.000000
651 0.000000
652 0.000000
653 0.000000
654 0.000000
655 0.000000
656 0.000000
657 0.000000
658 0.000000
659 0.000000
660 0.000000
661 0.000000
662 0.000000
663 0.000000
664 0.000000
665 0.000000
666 0.000000
667 0.000000
668 0.000000
669 0.000000
670 0.000000
671 0.000000
672 0.000000
673 0.000000
674 0.000000
675 0.000000
676 0.000000
677 0.000000
678 0.000000
679 0.000000
680 0.000000
681 0.000000
682 0.000000
683 0.000000
684 0.000000
685 0.000000
686 0.000000
687 0.000000
688 0.000000
689 0.000000
690 0.000000
691 0.000000
692 0.000000
693 0.000000
694 0.000000
695 0.000000
696 0.000000
697 0.000000
698 0.000000
699 0.000000
700 0.000000
701 0.000000
702 0.000000
703 0.000000
704 0.000000
705 0.000000
706 0.000000
707 0.000000
708 0.000000
709 0.000000
710 0.000000
711 0.000000
712 0.000000
713 0.000000
714 0.000000
715 0.000000
716 0.000000
717 0.000000
718 0.000000
719 0.000000
720 0.000000
721 0.000000
722 0.000000
723 0.000000
724 0.000000
725 0.000000
726 0.000000
727 0.000000
728 0.000000
729 0.000000
730 0.000000
731 0.000000
732 0.000000
733 0.000000
734 0.000000
735 0.000000
736 0.000000
737 0.000000
738 0.000000
739 0.000000
740 0.000000
741 0.000000
742 0.000000
743 0.000000
744 0.000000
745 0.000000
746 0.000000
747 0.000000
748 0.000000
749 0.000000
750 0.000000
751 0.000000
752 0.000000
753 0.000000
754 0.000000
755 0.000000
756 0.000000
757 0.000000
758 0.000000
759 0.000000
760 0.000000
761 0.000000
762 0.000000
763 0.000000
764 0.000000
765 0.000000
766 0.000000
767 0.000000
768 0.000000
769 0.000000
770 0.000000
771 0.000000
772 0.000000
773 0.000000
774 0.000000
775 0.000000
776 0.000000
777 0.000000
778 0.000000
779 0.000000
780 0.000000
781 0.000000
782 0.000000
783 0.000000
784 0.000000
785 0.000000
786 0.000000
787 0.000000
788 0.000000
789 0.000000
790 0.000000
791 0.000000
792 0.000000
793 0.000000
794 0.000000
795 0.000000
796 0.000000
797 0.000000
798 0.000000
799 0.000000
800 0.000000
801 0.000000
802 0.000000
803 0.000000
804 0.000000
805 0.000000
806 0.000000
807 0.000000
808 0.000000
809 0.000000
810 0.000000
811 0.000000
812 0.000000
813 0.000000
814 0.000000
815 0.000000
816 0.000000
817 0.000000
818 0.000000
819 0.000000
820 0.000000
821 0.000000
822 0.000000
823 0.000000
824 0.000000
825 0.000000
826 0.000000
827 0.000000
828 0.000000
829 0.000000
830 0.000000
831 0.000000
832 0.000000
833 0.000000
834 0.000000
835 0.000000
836 0.000000
837 0.000000
838 0.000000
839 0.000000
840 0.000000
841 0.000000
842 0.000000
843 0.000000
844 0.000000
845 0.000000
846 0.000000
847 0.000000
848 0.000000
849 0.000000
850 0.000000
851 0.000000
852 0.000000
853 0.000000
854 0.000000
855 0.000000
856 0.000000
857 0.000000
858 0.000000
859 0.000000
860 0.000000
861 0.000000
862 0.000000
863 0.000000
864 0.000000
865 0.000000
866 0.000000
867 0.000000
868 0.000000
869 0.000000
870 0.000000
871 0.000000
872 0.000000
873 0.000000
874 0.000000
875 0.000000
876 0.000000
877 0.000000
878 0.000000
879 0.000000
880 0.000000
881 0.000000
882 0.000000
883 0.000000
884 0.000000
885 0.000000
886 0.000000
887 0.000000
888 0.000000
889 0.000000
890 0.000000
891 0.000000
892 0.000000
893 0.000000
894 0.000000
895 0.000000
896 0.000000
897 0.000000
898 0.000000
899 0.000000
900 0.000000
901 0.000000
902 0.000000
903 0.000000
904 0.000000
905 0.000000
906 0.000000
907 0.000000
908 0.000000
909 0.000000
910 0.000000
911 0.000000
912 0.000000
913 0.000000
914 0.000000
915 0.000000
916 0.000000
917 0.000000
918 0.000000
919 0.000000
920 0.000000
921 0.000000
922 0.000000
923 0.000000
924 0.000000
925 0.000000
926 0.000000
927 0.000000
928 0.000000
929 0.000000
930 0.000000
931 0.000000
932 0.000000
933 0.000000
934 0.000000
935 0.000000
936 0.000000
937 0.000000
938 0.000000
939 0.000000
940 0.000000
941 0.000000
942 0.000000
943 0.000000
944 0.000000
945 0.000000
946 0.000000
947 0.000000
948 0.000000
949 0.000000
950 0.000000
951 0.000000
952 0.000000
953 0.000000
954 0.000000
955 0.000000
956 0.000000
957 0.000000
958 0.000000
959 0.000000
960 0.000000
961 0.000000
962 0.000000
963 0.000000
964 0.000000
965 0.000000
966 0.000000
967 0.000000
968 0.000000
969 0.000000
970 0.000000
971 0.000000
972 0.000000
973 0.000000
974 0.000000
975 0.000000
976 0.000000
977 0.000000
978 0.000000
979 0.000000
980 0.000000
981 0.000000
982 0.000000
983 0.000000
984 0.000000
985 0.000000
986 0.000000
987 0.000000
988 0.000000
989 0.000000
990 0.000000
991 0.000000
992 0.000000
993 0.000000
994 0.000000
995 0.000000
996 0.000000
997 0.000000
998 0.000000
999 0.000000
