0 4879.541992
1 4843.629395
2 4812.001465
3 4812.001465
4 4791.715332
5 4763.387695
6 4756.770020
7 4745.789063
8 4745.789063
9 4743.595215
10 4737.992676
11 4719.821289
12 4717.430664
13 4716.311035
14 4711.645020
15 4710.746582
16 4710.746582
17 4710.323242
18 4710.323242
19 4710.323242
20 4705.475098
21 4699.688477
22 4686.719238
23 4686.719238
24 4686.719238
25 4686.719238
26 4680.452637
27 4670.047363
28 4670.047363
29 4670.047363
30 4670.047363
31 4663.834961
32 4654.118164
33 4649.715820
34 4649.715820
35 4639.950195
36 4639.950195
37 4629.913574
38 4625.872070
39 4625.872070
40 4619.271973
41 4619.271973
42 4619.271973
43 4619.271973
44 4619.271973
45 4615.638184
46 4615.638184
47 4615.638184
48 4615.638184
49 4615.638184
50 4614.729492
51 4614.632813
52 4614.632813
53 4608.958984
54 4608.958984
55 4608.958984
56 4608.958984
57 4608.958984
58 4608.958984
59 4608.958984
60 4608.958984
61 4608.219238
62 4608.219238
63 4608.219238
64 4608.219238
65 4608.219238
66 4606.907227
67 4606.907227
68 4606.907227
69 4606.907227
70 4606.907227
71 4605.895996
72 4605.895996
73 4605.895996
74 4605.895996
75 4604.941895
76 4603.490234
77 4603.490234
78 4603.490234
79 4603.490234
80 4603.490234
81 4603.490234
82 4603.490234
83 4602.524414
84 4602.524414
85 4602.524414
86 4602.524414
87 4602.524414
88 4593.531250
89 4593.531250
90 4593.531250
91 4593.531250
92 4593.531250
93 4593.461914
94 4593.460938
95 4593.460938
96 4593.460938
97 4593.460938
98 4593.460938
99 4593.460938
100 4593.460938
101 4593.460938
102 4593.460938
103 4593.329590
104 4593.329590
105 4593.329590
106 4593.329590
107 4593.295898
108 4593.295898
109 4593.295898
110 4593.295898
111 4593.295898
112 4593.295898
113 4593.295898
114 4593.295898
115 4591.802246
116 4591.802246
117 4591.802246
118 4591.802246
119 4591.802246
120 4591.802246
121 4591.802246
122 4591.802246
123 4591.802246
124 4591.802246
125 4591.802246
126 4591.802246
127 4591.802246
128 4591.648438
129 4591.648438
130 4591.648438
131 4591.648438
132 4591.648438
133 4591.648438
134 4591.648438
135 4591.648438
136 4591.648438
137 4585.104004
138 4585.104004
139 4585.104004
140 4585.104004
141 4585.104004
142 4585.104004
143 4585.104004
144 4585.104004
145 4585.104004
146 4585.104004
147 4585.104004
148 4585.104004
149 4585.104004
150 4585.070313
151 4585.070313
152 4585.070313
153 4585.070313
154 4585.070313
155 4584.728027
156 4584.728027
157 4584.728027
158 4584.728027
159 4584.728027
160 4584.728027
161 4584.416992
162 4584.416992
163 4584.416992
164 4584.416992
165 4584.172852
166 4584.172852
167 4584.172852
168 4584.172852
169 4584.172852
170 4584.172852
171 4584.172852
172 4584.172852
173 4584.172852
174 4584.172852
175 4583.305664
176 4583.305664
177 4583.196289
178 4583.196289
179 4583.196289
180 4583.196289
181 4583.196289
182 4583.196289
183 4583.196289
184 4581.446289
185 4581.446289
186 4581.446289
187 4581.446289
188 4581.446289
189 4581.446289
190 4581.446289
191 4581.446289
192 4581.446289
193 4581.446289
194 4581.446289
195 4581.446289
196 4581.446289
197 4581.446289
198 4581.446289
199 4581.446289
200 4581.446289
201 4581.446289
202 4581.446289
203 4581.446289
204 4581.446289
205 4581.446289
206 4581.446289
207 4581.446289
208 4581.446289
209 4581.000977
210 4581.000977
211 4581.000977
212 4581.000977
213 4581.000977
214 4581.000977
215 4580.484375
216 4580.484375
217 4580.484375
218 4580.101563
219 4580.101563
220 4580.101563
221 4580.101563
222 4580.101563
223 4580.101563
224 4580.101563
225 4580.101563
226 4580.101563
227 4580.101563
228 4580.101563
229 4580.101563
230 4580.101563
231 4580.101563
232 4580.101563
233 4580.101563
234 4579.949219
235 4575.465820
236 4575.465820
237 4575.465820
238 4575.465820
239 4575.465820
240 4575.465820
241 4575.465820
242 4575.465820
243 4575.465820
244 4575.465820
245 4575.465820
246 4575.465820
247 4575.465820
248 4575.465820
249 4575.465820
250 4575.465820
251 4575.465820
252 4575.465820
253 4575.465820
254 4575.465820
255 4572.732422
256 4572.732422
257 4572.732422
258 4572.732422
259 4572.732422
260 4572.732422
261 4572.732422
262 4572.732422
263 4572.732422
264 4572.732422
265 4572.732422
266 4572.732422
267 4572.732422
268 4572.732422
269 4572.732422
270 4572.732422
271 4572.732422
272 4572.732422
273 4570.969727
274 4570.969727
275 4570.969727
276 4570.969727
277 4570.969727
278 4570.969727
279 4570.969727
280 4570.969727
281 4570.866211
282 4570.866211
283 4570.866211
284 4570.866211
285 4570.866211
286 4570.865723
287 4570.161133
288 4570.161133
289 4570.161133
290 4570.161133
291 4570.161133
292 4570.161133
293 4570.161133
294 4570.161133
295 4570.161133
296 4570.161133
297 4570.161133
298 4570.161133
299 4570.161133
300 4570.161133
301 4570.161133
302 4570.161133
303 4570.161133
304 4570.006836
305 4570.006836
306 4570.006836
307 4570.006836
308 4570.006836
309 4570.006836
310 4570.006836
311 4570.006836
312 4570.006836
313 4570.006836
314 4570.006836
315 4570.006836
316 4570.006836
317 4570.006836
318 4570.006836
319 4570.006836
320 4570.006836
321 4570.006836
322 4570.006836
323 4570.006836
324 4570.006836
325 4570.006836
326 4570.006836
327 4570.006836
328 4570.006836
329 4570.006836
330 4570.006836
331 4570.006836
332 4570.006836
333 4570.006836
334 4570.006836
335 4570.006836
336 4570.006836
337 4570.006836
338 4570.006836
339 4570.006836
340 4570.006836
341 4570.006836
342 4570.006836
343 4570.006836
344 4570.006836
345 4570.006836
346 4570.006836
347 4570.006836
348 4568.543945
349 4568.543945
350 4568.543945
351 4568.543945
352 4568.543945
353 4568.543945
354 4568.543945
355 4568.543945
356 4568.543945
357 4568.543945
358 4568.543945
359 4568.543945
360 4568.543945
361 4568.543945
362 4568.543945
363 4568.543945
364 4568.543945
365 4568.543945
366 4568.543945
367 4568.543945
368 4568.543945
369 4568.543945
370 4568.543945
371 4568.543945
372 4568.543945
373 4568.543945
374 4568.401367
375 4568.401367
376 4568.401367
377 4568.401367
378 4568.401367
379 4568.401367
380 4568.401367
381 4568.401367
382 4568.401367
383 4568.401367
384 4568.401367
385 4568.118164
386 4568.118164
387 4566.062012
388 4566.062012
389 4566.062012
390 4566.062012
391 4566.062012
392 4564.372070
393 4564.372070
394 4564.372070
395 4564.372070
396 4564.372070
397 4564.372070
398 4564.372070
399 4564.372070
400 4564.372070
401 4564.372070
402 4564.372070
403 4564.372070
404 4564.372070
405 4564.372070
406 4564.372070
407 4564.372070
408 4564.372070
409 4564.372070
410 4564.372070
411 4564.372070
412 4564.372070
413 4564.118164
414 4564.118164
415 4564.118164
416 4564.118164
417 4564.118164
418 4564.118164
419 4564.118164
420 4564.118164
421 4564.118164
422 4564.118164
423 4564.118164
424 4564.118164
425 4564.118164
426 4564.118164
427 4564.118164
428 4564.118164
429 4564.118164
430 4564.118164
431 4564.118164
432 4564.118164
433 4564.118164
434 4564.118164
435 4564.118164
436 4564.118164
437 4564.118164
438 4564.118164
439 4564.118164
440 4564.118164
441 4564.118164
442 4564.118164
443 4564.118164
444 4564.118164
445 4564.118164
446 4564.118164
447 4564.118164
448 4564.118164
449 4564.118164
450 4564.118164
451 4564.118164
452 4563.561523
453 4563.561523
454 4563.530273
455 4563.530273
456 4563.530273
457 4563.530273
458 4563.530273
459 4563.530273
460 4563.530273
461 4563.530273
462 4563.530273
463 4563.530273
464 4563.530273
465 4563.530273
466 4563.530273
467 4563.530273
468 4563.530273
469 4563.530273
470 4563.530273
471 4563.530273
472 4563.530273
473 4563.530273
474 4563.530273
475 4563.530273
476 4563.530273
477 4563.530273
478 4563.530273
479 4563.530273
480 4563.530273
481 4563.530273
482 4563.530273
483 4563.530273
484 4563.530273
485 4563.530273
486 4563.530273
487 4563.530273
488 4563.530273
489 4563.530273
490 4563.530273
491 4563.530273
492 4563.530273
493 4563.530273
494 4563.530273
495 4563.530273
496 4563.530273
497 4563.530273
498 4563.530273
499 4563.530273
500 0.000000
501 0.000000
502 0.000000
503 0.000000
504 0.000000
505 0.000000
506 0.000000
507 0.000000
508 0.000000
509 0.000000
510 0.000000
511 0.000000
512 0.000000
513 0.000000
514 0.000000
515 0.000000
516 0.000000
517 0.000000
518 0.000000
519 0.000000
520 0.000000
521 0.000000
522 0.000000
523 0.000000
524 0.000000
525 0.000000
526 0.000000
527 0.000000
528 0.000000
529 0.000000
530 0.000000
531 0.000000
532 0.000000
533 0.000000
534 0.000000
535 0.000000
536 0.000000
537 0.000000
538 0.000000
539 0.000000
540 0.000000
541 0.000000
542 0.000000
543 0.000000
544 0.000000
545 0.000000
546 0.000000
547 0.000000
548 0.000000
549 0.000000
550 0.000000
551 0.000000
552 0.000000
553 0.000000
554 0.000000
555 0.000000
556 0.000000
557 0.000000
558 0.000000
559 0.000000
560 0.000000
561 0.000000
562 0.000000
563 0.000000
564 0.000000
565 0.000000
566 0.000000
567 0.000000
568 0.000000
569 0.000000
570 0.000000
571 0.000000
572 0.000000
573 0.000000
574 0.000000
575 0.000000
576 0.000000
577 0.000000
578 0.000000
579 0.000000
580 0.000000
581 0.000000
582 0.000000
583 0.000000
584 0.000000
585 0.000000
586 0.000000
587 0.000000
588 0.000000
589 0.000000
590 0.000000
591 0.000000
592 0.000000
593 0.000000
594 0.000000
595 0.000000
596 0.000000
597 0.000000
598 0.000000
599 0.000000
600 0.000000
601 0.000000
602 0.000000
603 0.000000
604 0.000000
605 0.000000
606 0.000000
607 0.000000
608 0.000000
609 0.000000
610 0.000000
611 0.000000
612 0.000000
613 0.000000
614 0.000000
615 0.000000
616 0.000000
617 0.000000
618 0.000000
619 0.000000
620 0.000000
621 0.000000
622 0.000000
623 0.000000
624 0.000000
625 0.000000
626 0.000000
627 0.000000
628 0.000000
629 0.000000
630 0.000000
631 0.000000
632 0.000000
633 0.000000
634 0.000000
635 0.000000
636 0.000000
637 0.000000
638 0.000000
639 0.000000
640 0.000000
641 0.000000
642 0.000000
643 0.000000
644 0.000000
645 0.000000
646 0.000000
647 0.000000
648 0.000000
649 0.000000
650 0.000000
651 0.000000
652 0.000000
653 0.000000
654 0.000000
655 0.000000
656 0.000000
657 0.000000
658 0.000000
659 0.000000
660 0.000000
661 0.000000
662 0.000000
663 0.000000
664 0.000000
665 0.000000
666 0.000000
667 0.000000
668 0.000000
669 0.000000
670 0.000000
671 0.000000
672 0.000000
673 0.000000
674 0.000000
675 0.000000
676 0.000000
677 0.000000
678 0.000000
679 0.000000
680 0.000000
681 0.000000
682 0.000000
683 0.000000
684 0.000000
685 0.000000
686 0.000000
687 0.000000
688 0.000000
689 0.000000
690 0.000000
691 0.000000
692 0.000000
693 0.000000
694 0.000000
695 0.000000
696 0.000000
697 0.000000
698 0.000000
699 0.000000
700 0.000000
701 0.000000
702 0.000000
703 0.000000
704 0.000000
705 0.000000
706 0.000000
707 0.000000
708 0.000000
709 0.000000
710 0.000000
711 0.000000
712 0.000000
713 0.000000
714 0.000000
715 0.000000
716 0.000000
717 0.000000
718 0.000000
719 0.000000
720 0.000000
721 0.000000
722 0.000000
723 0.000000
724 0.000000
725 0.000000
726 0.000000
727 0.000000
728 0.000000
729 0.000000
730 0.000000
731 0.000000
732 0.000000
733 0.000000
734 0.000000
735 0.000000
736 0.000000
737 0.000000
738 0.000000
739 0.000000
740 0.000000
741 0.000000
742 0.000000
743 0.000000
744 0.000000
745 0.000000
746 0.000000
747 0.000000
748 0.000000
749 0.000000
750 0.000000
751 0.000000
752 0.000000
753 0.000000
754 0.000000
755 0.000000
756 0.000000
757 0.000000
758 0.000000
759 0.000000
760 0.000000
761 0.000000
762 0.000000
763 0.000000
764 0.000000
765 0.000000
766 0.000000
767 0.000000
768 0.000000
769 0.000000
770 0.000000
771 0.000000
772 0.000000
773 0.000000
774 0.000000
775 0.000000
776 0.000000
777 0.000000
778 0.000000
779 0.000000
780 0.000000
781 0.000000
782 0.000000
783 0.000000
784 0.000000
785 0.000000
786 0.000000
787 0.000000
788 0.000000
789 0.000000
790 0.000000
791 0.000000
792 0.000000
793 0.000000
794 0.000000
795 0.000000
796 0.000000
797 0.000000
798 0.000000
799 0.000000
800 0.000000
801 0.000000
802 0.000000
803 0.000000
804 0.000000
805 0.000000
806 0.000000
807 0.000000
808 0.000000
809 0.000000
810 0.000000
811 0.000000
812 0.000000
813 0.000000
814 0.000000
815 0.000000
816 0.000000
817 0.000000
818 0.000000
819 0.000000
820 0.000000
821 0.000000
822 0.000000
823 0.000000
824 0.000000
825 0.000000
826 0.000000
827 0.000000
828 0.000000
829 0.000000
830 0.000000
831 0.000000
832 0.000000
833 0.000000
834 0.000000
835 0.000000
836 0.000000
837 0.000000
838 0.000000
839 0.000000
840 0.000000
841 0.000000
842 0.000000
843 0.000000
844 0.000000
845 0.000000
846 0.000000
847 0.000000
848 0.000000
849 0.000000
850 0.000000
851 0.000000
852 0.000000
853 0.000000
854 0.000000
855 0.000000
856 0.000000
857 0.000000
858 0.000000
859 0.000000
860 0.000000
861 0.000000
862 0.000000
863 0.000000
864 0.000000
865 0.000000
866 0.000000
867 0.000000
868 0.000000
869 0.000000
870 0.000000
871 0.000000
872 0.000000
873 0.000000
874 0.000000
875 0.000000
876 0.000000
877 0.000000
878 0.000000
879 0.000000
880 0.000000
881 0.000000
882 0.000000
883 0.000000
884 0.000000
885 0.000000
886 0.000000
887 0.000000
888 0.000000
889 0.000000
890 0.000000
891 0.000000
892 0.000000
893 0.000000
894 0.000000
895 0.000000
896 0.000000
897 0.000000
898 0.000000
899 0.000000
900 0.000000
901 0.000000
902 0.000000
903 0.000000
904 0.000000
905 0.000000
906 0.000000
907 0.000000
908 0.000000
909 0.000000
910 0.000000
911 0.000000
912 0.000000
913 0.000000
914 0.000000
915 0.000000
916 0.000000
917 0.000000
918 0.000000
919 0.000000
920 0.000000
921 0.000000
922 0.000000
923 0.000000
924 0.000000
925 0.000000
926 0.000000
927 0.000000
928 0.000000
929 0.000000
930 0.000000
931 0.000000
932 0.000000
933 0.000000
934 0.000000
935 0.000000
936 0.000000
937 0.000000
938 0.000000
939 0.000000
940 0.000000
941 0.000000
942 0.000000
943 0.000000
944 0.000000
945 0.000000
946 0.000000
947 0.000000
948 0.000000
949 0.000000
950 0.000000
951 0.000000
952 0.000000
953 0.000000
954 0.000000
955 0.000000
956 0.000000
957 0.000000
958 0.000000
959 0.000000
960 0.000000
961 0.000000
962 0.000000
963 0.000000
964 0.000000
965 0.000000
966 0.000000
967 0.000000
968 0.000000
969 0.000000
970 0.000000
971 0.000000
972 0.000000
973 0.000000
974 0.000000
975 0.000000
976 0.000000
977 0.000000
978 0.000000
979 0.000000
980 0.000000
981 0.000000
982 0.000000
983 0.000000
984 0.000000
985 0.000000
986 0.000000
987 0.000000
988 0.000000
989 0.000000
990 0.000000
991 0.000000
992 0.000000
993 0.000000
994 0.000000
995 0.000000
996 0.000000
997 0.000000
998 0.000000
999 0.000000
