0 5112.974121
1 5028.664063
2 5026.096680
3 5021.863281
4 5002.399902
5 4969.212402
6 4969.212402
7 4969.212402
8 4945.208008
9 4945.208008
10 4944.273438
11 4944.273438
12 4944.273438
13 4934.390137
14 4917.858887
15 4917.858887
16 4917.858887
17 4917.858887
18 4914.881836
19 4912.390625
20 4908.636719
21 4908.636719
22 4908.636719
23 4905.953125
24 4903.355469
25 4903.355469
26 4903.355469
27 4903.355469
28 4903.354492
29 4900.342285
30 4900.342285
31 4900.342285
32 4900.342285
33 4900.342285
34 4900.342285
35 4900.342285
36 4894.901367
37 4894.901367
38 4892.136230
39 4892.136230
40 4892.136230
41 4891.852539
42 4889.598633
43 4889.598633
44 4889.598633
45 4889.598633
46 4889.598633
47 4889.598633
48 4889.598633
49 4889.598633
50 4889.598633
51 4889.598633
52 4889.310059
53 4889.143555
54 4889.143555
55 4889.143555
56 4889.143555
57 4889.143555
58 4887.843750
59 4885.287598
60 4884.031738
61 4884.031250
62 4884.031250
63 4884.031250
64 4884.031250
65 4884.031250
66 4881.303711
67 4881.303711
68 4881.303711
69 4880.125977
70 4880.125977
71 4880.125977
72 4880.125977
73 4880.125977
74 4877.117676
75 4876.933105
76 4876.933105
77 4876.933105
78 4876.933105
79 4876.933105
80 4876.933105
81 4876.933105
82 4876.933105
83 4875.920898
84 4875.920898
85 4875.920898
86 4872.885254
87 4872.885254
88 4872.885254
89 4872.885254
90 4872.885254
91 4872.885254
92 4872.885254
93 4862.696289
94 4862.696289
95 4862.696289
96 4862.696289
97 4854.199707
98 4854.199707
99 4854.199707
100 4854.199707
101 4854.199707
102 4854.199707
103 4854.199707
104 4854.199707
105 4854.199707
106 4854.199707
107 4854.199707
108 4854.199707
109 4853.587891
110 4848.466309
111 4848.466309
112 4848.466309
113 4848.466309
114 4848.318359
115 4848.318359
116 4847.739746
117 4846.566406
118 4846.566406
119 4846.566406
120 4846.566406
121 4846.566406
122 4846.566406
123 4846.566406
124 4846.566406
125 4846.566406
126 4846.566406
127 4846.566406
128 4846.566406
129 4842.721680
130 4842.721680
131 4842.721680
132 4842.721680
133 4842.342773
134 4842.342773
135 4842.342773
136 4842.342773
137 4842.342773
138 4842.342773
139 4842.342773
140 4840.472656
141 4840.472656
142 4840.472656
143 4838.893555
144 4838.893555
145 4838.893555
146 4838.893555
147 4838.893555
148 4838.893555
149 4838.893555
150 4838.893555
151 4838.893555
152 4838.893555
153 4838.893555
154 4838.893555
155 4835.188477
156 4835.188477
157 4835.188477
158 4835.188477
159 4835.188477
160 4835.188477
161 4835.188477
162 4835.188477
163 4835.188477
164 4831.529297
165 4831.505371
166 4831.505371
167 4831.505371
168 4831.505371
169 4831.505371
170 4831.505371
171 4831.505371
172 4831.505371
173 4829.430664
174 4829.430664
175 4828.426758
176 4828.426758
177 4828.426758
178 4828.426758
179 4828.426758
180 4828.426758
181 4823.268555
182 4823.268555
183 4823.268555
184 4823.268555
185 4823.268555
186 4823.268555
187 4822.930664
188 4822.930664
189 4822.930664
190 4822.930664
191 4822.930664
192 4822.930664
193 4822.930664
194 4822.930664
195 4816.482422
196 4816.482422
197 4816.482422
198 4816.482422
199 4816.482422
200 4816.482422
201 4814.417480
202 4813.647461
203 4813.647461
204 4812.760742
205 4812.760742
206 4812.760742
207 4812.760742
208 4812.760742
209 4812.760742
210 4812.760742
211 4812.760742
212 4812.760742
213 4812.760742
214 4812.760742
215 4810.510254
216 4810.083496
217 4810.083496
218 4810.083496
219 4810.083496
220 4809.873535
221 4809.873535
222 4809.873535
223 4809.873535
224 4809.873535
225 4809.034180
226 4809.034180
227 4809.034180
228 4809.034180
229 4809.034180
230 4809.034180
231 4809.034180
232 4808.546875
233 4807.556152
234 4807.556152
235 4807.556152
236 4807.556152
237 4807.288086
238 4807.288086
239 4807.288086
240 4807.288086
241 4807.288086
242 4807.167969
243 4807.167969
244 4807.167969
245 4807.167969
246 4807.167969
247 4807.167969
248 4807.167969
249 4807.167969
250 4807.167969
251 4807.167969
252 4807.167969
253 4807.167969
254 4807.167969
255 4807.167969
256 4806.422852
257 4806.422852
258 4806.422852
259 4806.330566
260 4806.330566
261 4805.221680
262 4805.221680
263 4805.221680
264 4805.221680
265 4805.221680
266 4802.803711
267 4802.803711
268 4802.803711
269 4802.803711
270 4802.803711
271 4802.590820
272 4802.590820
273 4802.590820
274 4802.590820
275 4802.590820
276 4802.590820
277 4802.590820
278 4802.590820
279 4802.590820
280 4802.590820
281 4802.590820
282 4802.590820
283 4802.590820
284 4802.590820
285 4802.590820
286 4802.590820
287 4802.590820
288 4802.590820
289 4802.590820
290 4802.590820
291 4802.590820
292 4802.590820
293 4802.491211
294 4802.491211
295 4802.491211
296 4802.491211
297 4802.491211
298 4802.491211
299 4802.491211
300 4802.491211
301 4802.491211
302 4802.491211
303 4802.491211
304 4802.491211
305 4802.491211
306 4802.491211
307 4802.491211
308 4802.491211
309 4802.491211
310 4800.265625
311 4800.265625
312 4800.265625
313 4800.265625
314 4800.265625
315 4800.265625
316 4800.265625
317 4800.265625
318 4800.265625
319 4800.265625
320 4800.265625
321 4800.265625
322 4800.265625
323 4800.265625
324 4800.265625
325 4800.265625
326 4800.265625
327 4800.265625
328 4800.265625
329 4800.265625
330 4799.997070
331 4799.997070
332 4798.803711
333 4798.803711
334 4797.893555
335 4797.182129
336 4797.182129
337 4797.182129
338 4797.182129
339 4797.182129
340 4794.993652
341 4794.993652
342 4794.993652
343 4794.993652
344 4794.993652
345 4794.761719
346 4794.761719
347 4794.761719
348 4794.761719
349 4794.761719
350 4794.761719
351 4794.761719
352 4794.761719
353 4794.761719
354 4794.761719
355 4794.761719
356 4794.761719
357 4794.761719
358 4794.761719
359 4793.553711
360 4793.553711
361 4793.553711
362 4793.553711
363 4793.553711
364 4793.553711
365 4793.453125
366 4793.453125
367 4793.453125
368 4793.453125
369 4793.453125
370 4793.453125
371 4793.453125
372 4793.453125
373 4793.453125
374 4793.453125
375 4793.453125
376 4793.453125
377 4793.453125
378 4793.453125
379 4793.453125
380 4793.453125
381 4793.453125
382 4793.453125
383 4793.453125
384 4793.453125
385 4792.463867
386 4792.295898
387 4792.295898
388 4792.295898
389 4792.295898
390 4792.295898
391 4792.295898
392 4792.295898
393 4792.295898
394 4792.295898
395 4792.295898
396 4792.295898
397 4792.260254
398 4792.260254
399 4792.260254
400 4792.260254
401 4792.260254
402 4792.260254
403 4792.260254
404 4792.260254
405 4792.260254
406 4792.260254
407 4792.260254
408 4792.260254
409 4792.260254
410 4792.260254
411 4792.260254
412 4792.260254
413 4792.260254
414 4792.260254
415 4792.260254
416 4790.608887
417 4790.608887
418 4790.608887
419 4790.608887
420 4790.519531
421 4790.519531
422 4790.519531
423 4790.519531
424 4790.519531
425 4790.519531
426 4790.519531
427 4790.519531
428 4790.519531
429 4790.519531
430 4790.519531
431 4790.519531
432 4790.519531
433 4790.519531
434 4790.519531
435 4790.519531
436 4790.519531
437 4790.519531
438 4790.519531
439 4790.519531
440 4790.519531
441 4790.519531
442 4790.519531
443 4790.519531
444 4790.519531
445 4790.519531
446 4790.519531
447 4790.519531
448 4790.519531
449 4790.519531
450 4790.519531
451 4790.129883
452 4790.129883
453 4790.129883
454 4790.129883
455 4790.129883
456 4790.129883
457 4790.129883
458 4790.129883
459 4790.129883
460 4790.129883
461 4790.129883
462 4790.129883
463 4790.129883
464 4790.129883
465 4790.129883
466 4790.129883
467 4790.129883
468 4790.129883
469 4790.129883
470 4790.129883
471 4790.129883
472 4790.129883
473 4790.129883
474 4790.129883
475 4790.129883
476 4790.129883
477 4790.129883
478 4790.129883
479 4790.110840
480 4790.110840
481 4790.110840
482 4788.903320
483 4788.903320
484 4788.903320
485 4788.571289
486 4788.571289
487 4788.571289
488 4788.571289
489 4788.571289
490 4788.571289
491 4788.571289
492 4788.571289
493 4788.571289
494 4788.571289
495 4788.571289
496 4788.571289
497 4788.571289
498 4788.569336
499 4788.569336
500 0.000000
501 0.000000
502 0.000000
503 0.000000
504 0.000000
505 0.000000
506 0.000000
507 0.000000
508 0.000000
509 0.000000
510 0.000000
511 0.000000
512 0.000000
513 0.000000
514 0.000000
515 0.000000
516 0.000000
517 0.000000
518 0.000000
519 0.000000
520 0.000000
521 0.000000
522 0.000000
523 0.000000
524 0.000000
525 0.000000
526 0.000000
527 0.000000
528 0.000000
529 0.000000
530 0.000000
531 0.000000
532 0.000000
533 0.000000
534 0.000000
535 0.000000
536 0.000000
537 0.000000
538 0.000000
539 0.000000
540 0.000000
541 0.000000
542 0.000000
543 0.000000
544 0.000000
545 0.000000
546 0.000000
547 0.000000
548 0.000000
549 0.000000
550 0.000000
551 0.000000
552 0.000000
553 0.000000
554 0.000000
555 0.000000
556 0.000000
557 0.000000
558 0.000000
559 0.000000
560 0.000000
561 0.000000
562 0.000000
563 0.000000
564 0.000000
565 0.000000
566 0.000000
567 0.000000
568 0.000000
569 0.000000
570 0.000000
571 0.000000
572 0.000000
573 0.000000
574 0.000000
575 0.000000
576 0.000000
577 0.000000
578 0.000000
579 0.000000
580 0.000000
581 0.000000
582 0.000000
583 0.000000
584 0.000000
585 0.000000
586 0.000000
587 0.000000
588 0.000000
589 0.000000
590 0.000000
591 0.000000
592 0.000000
593 0.000000
594 0.000000
595 0.000000
596 0.000000
597 0.000000
598 0.000000
599 0.000000
600 0.000000
601 0.000000
602 0.000000
603 0.000000
604 0.000000
605 0.000000
606 0.000000
607 0.000000
608 0.000000
609 0.000000
610 0.000000
611 0.000000
612 0.000000
613 0.000000
614 0.000000
615 0.000000
616 0.000000
617 0.000000
618 0.000000
619 0.000000
620 0.000000
621 0.000000
622 0.000000
623 0.000000
624 0.000000
625 0.000000
626 0.000000
627 0.000000
628 0.000000
629 0.000000
630 0.000000
631 0.000000
632 0.000000
633 0.000000
634 0.000000
635 0.000000
636 0.000000
637 0.000000
638 0.000000
639 0.000000
640 0.000000
641 0.000000
642 0.000000
643 0.000000
644 0.000000
645 0.000000
646 0.000000
647 0.000000
648 0.000000
649 0.000000
650 0.000000
651 0.000000
652 0.000000
653 0.000000
654 0.000000
655 0.000000
656 0.000000
657 0.000000
658 0.000000
659 0.000000
660 0.000000
661 0.000000
662 0.000000
663 0.000000
664 0.000000
665 0.000000
666 0.000000
667 0.000000
668 0.000000
669 0.000000
670 0.000000
671 0.000000
672 0.000000
673 0.000000
674 0.000000
675 0.000000
676 0.000000
677 0.000000
678 0.000000
679 0.000000
680 0.000000
681 0.000000
682 0.000000
683 0.000000
684 0.000000
685 0.000000
686 0.000000
687 0.000000
688 0.000000
689 0.000000
690 0.000000
691 0.000000
692 0.000000
693 0.000000
694 0.000000
695 0.000000
696 0.000000
697 0.000000
698 0.000000
699 0.000000
700 0.000000
701 0.000000
702 0.000000
703 0.000000
704 0.000000
705 0.000000
706 0.000000
707 0.000000
708 0.000000
709 0.000000
710 0.000000
711 0.000000
712 0.000000
713 0.000000
714 0.000000
715 0.000000
716 0.000000
717 0.000000
718 0.000000
719 0.000000
720 0.000000
721 0.000000
722 0.000000
723 0.000000
724 0.000000
725 0.000000
726 0.000000
727 0.000000
728 0.000000
729 0.000000
730 0.000000
731 0.000000
732 0.000000
733 0.000000
734 0.000000
735 0.000000
736 0.000000
737 0.000000
738 0.000000
739 0.000000
740 0.000000
741 0.000000
742 0.000000
743 0.000000
744 0.000000
745 0.000000
746 0.000000
747 0.000000
748 0.000000
749 0.000000
750 0.000000
751 0.000000
752 0.000000
753 0.000000
754 0.000000
755 0.000000
756 0.000000
757 0.000000
758 0.000000
759 0.000000
760 0.000000
761 0.000000
762 0.000000
763 0.000000
764 0.000000
765 0.000000
766 0.000000
767 0.000000
768 0.000000
769 0.000000
770 0.000000
771 0.000000
772 0.000000
773 0.000000
774 0.000000
775 0.000000
776 0.000000
777 0.000000
778 0.000000
779 0.000000
780 0.000000
781 0.000000
782 0.000000
783 0.000000
784 0.000000
785 0.000000
786 0.000000
787 0.000000
788 0.000000
789 0.000000
790 0.000000
791 0.000000
792 0.000000
793 0.000000
794 0.000000
795 0.000000
796 0.000000
797 0.000000
798 0.000000
799 0.000000
800 0.000000
801 0.000000
802 0.000000
803 0.000000
804 0.000000
805 0.000000
806 0.000000
807 0.000000
808 0.000000
809 0.000000
810 0.000000
811 0.000000
812 0.000000
813 0.000000
814 0.000000
815 0.000000
816 0.000000
817 0.000000
818 0.000000
819 0.000000
820 0.000000
821 0.000000
822 0.000000
823 0.000000
824 0.000000
825 0.000000
826 0.000000
827 0.000000
828 0.000000
829 0.000000
830 0.000000
831 0.000000
832 0.000000
833 0.000000
834 0.000000
835 0.000000
836 0.000000
837 0.000000
838 0.000000
839 0.000000
840 0.000000
841 0.000000
842 0.000000
843 0.000000
844 0.000000
845 0.000000
846 0.000000
847 0.000000
848 0.000000
849 0.000000
850 0.000000
851 0.000000
852 0.000000
853 0.000000
854 0.000000
855 0.000000
856 0.000000
857 0.000000
858 0.000000
859 0.000000
860 0.000000
861 0.000000
862 0.000000
863 0.000000
864 0.000000
865 0.000000
866 0.000000
867 0.000000
868 0.000000
869 0.000000
870 0.000000
871 0.000000
872 0.000000
873 0.000000
874 0.000000
875 0.000000
876 0.000000
877 0.000000
878 0.000000
879 0.000000
880 0.000000
881 0.000000
882 0.000000
883 0.000000
884 0.000000
885 0.000000
886 0.000000
887 0.000000
888 0.000000
889 0.000000
890 0.000000
891 0.000000
892 0.000000
893 0.000000
894 0.000000
895 0.000000
896 0.000000
897 0.000000
898 0.000000
899 0.000000
900 0.000000
901 0.000000
902 0.000000
903 0.000000
904 0.000000
905 0.000000
906 0.000000
907 0.000000
908 0.000000
909 0.000000
910 0.000000
911 0.000000
912 0.000000
913 0.000000
914 0.000000
915 0.000000
916 0.000000
917 0.000000
918 0.000000
919 0.000000
920 0.000000
921 0.000000
922 0.000000
923 0.000000
924 0.000000
925 0.000000
926 0.000000
927 0.000000
928 0.000000
929 0.000000
930 0.000000
931 0.000000
932 0.000000
933 0.000000
934 0.000000
935 0.000000
936 0.000000
937 0.000000
938 0.000000
939 0.000000
940 0.000000
941 0.000000
942 0.000000
943 0.000000
944 0.000000
945 0.000000
946 0.000000
947 0.000000
948 0.000000
949 0.000000
950 0.000000
951 0.000000
952 0.000000
953 0.000000
954 0.000000
955 0.000000
956 0.000000
957 0.000000
958 0.000000
959 0.000000
960 0.000000
961 0.000000
962 0.000000
963 0.000000
964 0.000000
965 0.000000
966 0.000000
967 0.000000
968 0.000000
969 0.000000
970 0.000000
971 0.000000
972 0.000000
973 0.000000
974 0.000000
975 0.000000
976 0.000000
977 0.000000
978 0.000000
979 0.000000
980 0.000000
981 0.000000
982 0.000000
983 0.000000
984 0.000000
985 0.000000
986 0.000000
987 0.000000
988 0.000000
989 0.000000
990 0.000000
991 0.000000
992 0.000000
993 0.000000
994 0.000000
995 0.000000
996 0.000000
997 0.000000
998 0.000000
999 0.000000
