0 4960.180664
1 4947.793945
2 4901.873535
3 4901.873535
4 4887.346191
5 4882.768555
6 4873.395996
7 4864.364258
8 4853.051270
9 4853.051270
10 4853.051270
11 4852.842773
12 4846.075195
13 4846.075195
14 4846.075195
15 4833.401367
16 4833.401367
17 4833.401367
18 4832.812500
19 4831.686523
20 4828.564941
21 4822.430664
22 4808.534668
23 4808.534668
24 4808.534668
25 4803.147461
26 4803.147461
27 4794.744141
28 4788.575195
29 4788.575195
30 4788.575195
31 4782.717773
32 4773.043945
33 4773.043945
34 4772.858398
35 4772.858398
36 4772.858398
37 4771.808594
38 4768.362305
39 4768.362305
40 4768.362305
41 4765.424805
42 4765.424805
43 4765.424805
44 4765.424805
45 4763.278320
46 4763.278320
47 4763.278320
48 4763.278320
49 4763.193848
50 4763.193848
51 4763.193848
52 4760.544434
53 4758.346191
54 4758.346191
55 4751.096680
56 4751.096680
57 4742.707031
58 4735.363281
59 4735.363281
60 4735.363281
61 4735.363281
62 4735.363281
63 4733.372070
64 4731.024902
65 4729.254883
66 4729.254883
67 4729.254883
68 4729.254883
69 4729.254883
70 4729.254883
71 4729.254883
72 4729.254883
73 4729.254883
74 4729.254883
75 4729.254883
76 4729.254883
77 4728.198242
78 4728.198242
79 4722.601563
80 4721.501465
81 4721.501465
82 4721.501465
83 4721.501465
84 4715.442383
85 4715.442383
86 4714.674805
87 4714.674805
88 4714.674805
89 4714.674805
90 4714.674805
91 4714.674805
92 4714.674805
93 4714.674805
94 4714.674805
95 4714.674805
96 4714.674805
97 4714.674805
98 4714.674805
99 4714.674805
100 4714.674805
101 4714.674805
102 4714.674805
103 4714.674805
104 4714.674805
105 4714.674805
106 4714.674805
107 4714.674805
108 4714.674805
109 4714.674805
110 4709.823730
111 4709.823730
112 4709.823730
113 4709.212402
114 4705.412109
115 4705.412109
116 4705.412109
117 4705.412109
118 4705.412109
119 4705.412109
120 4705.412109
121 4705.412109
122 4705.412109
123 4705.412109
124 4705.412109
125 4705.412109
126 4705.412109
127 4705.412109
128 4705.412109
129 4705.412109
130 4705.412109
131 4704.480469
132 4704.480469
133 4704.480469
134 4704.480469
135 4704.480469
136 4704.480469
137 4704.480469
138 4704.480469
139 4704.480469
140 4702.242188
141 4702.242188
142 4702.242188
143 4702.242188
144 4702.242188
145 4702.242188
146 4702.242188
147 4702.075195
148 4702.075195
149 4702.075195
150 4702.075195
151 4698.676758
152 4698.676758
153 4698.676758
154 4696.690430
155 4696.690430
156 4696.690430
157 4696.690430
158 4696.690430
159 4696.690430
160 4696.690430
161 4696.690430
162 4696.690430
163 4696.690430
164 4696.690430
165 4696.690430
166 4696.690430
167 4696.690430
168 4696.690430
169 4696.690430
170 4696.690430
171 4696.256348
172 4696.051758
173 4696.051758
174 4696.051758
175 4696.051758
176 4696.051758
177 4696.051758
178 4696.051758
179 4696.051758
180 4696.051758
181 4696.051758
182 4695.224609
183 4695.224609
184 4695.224609
185 4695.224609
186 4695.224609
187 4695.224609
188 4695.224609
189 4695.224609
190 4695.224609
191 4695.224609
192 4695.224609
193 4691.048340
194 4691.048340
195 4691.048340
196 4689.087891
197 4688.143066
198 4688.143066
199 4688.143066
200 4688.143066
201 4688.143066
202 4688.143066
203 4688.143066
204 4688.143066
205 4688.143066
206 4688.143066
207 4688.143066
208 4687.826660
209 4687.585938
210 4687.585938
211 4685.688477
212 4685.688477
213 4685.688477
214 4685.688477
215 4685.688477
216 4685.688477
217 4681.945313
218 4681.945313
219 4681.945313
220 4678.814941
221 4678.814941
222 4678.814941
223 4678.814941
224 4678.814941
225 4678.814941
226 4678.814941
227 4678.814941
228 4678.814941
229 4678.814941
230 4678.814941
231 4677.786133
232 4677.786133
233 4677.786133
234 4677.786133
235 4677.786133
236 4677.786133
237 4677.786133
238 4677.786133
239 4677.786133
240 4677.146973
241 4677.146973
242 4677.146973
243 4677.146973
244 4677.146973
245 4677.146973
246 4677.146973
247 4670.962891
248 4670.962891
249 4670.962891
250 4670.962891
251 4670.962891
252 4670.962891
253 4670.962891
254 4670.924805
255 4670.924805
256 4670.924316
257 4669.956055
258 4669.956055
259 4669.956055
260 4669.956055
261 4669.956055
262 4669.956055
263 4669.956055
264 4669.956055
265 4669.683594
266 4669.683594
267 4669.191406
268 4669.191406
269 4669.191406
270 4669.191406
271 4669.191406
272 4669.191406
273 4668.918945
274 4668.918945
275 4668.918945
276 4668.918945
277 4668.918945
278 4668.657227
279 4668.657227
280 4668.657227
281 4668.657227
282 4668.657227
283 4668.657227
284 4668.657227
285 4668.657227
286 4668.657227
287 4668.103516
288 4668.103516
289 4667.434570
290 4667.434570
291 4664.176270
292 4664.176270
293 4664.176270
294 4664.176270
295 4664.176270
296 4664.176270
297 4664.176270
298 4664.176270
299 4664.176270
300 4664.176270
301 4664.176270
302 4664.176270
303 4664.176270
304 4664.176270
305 4664.176270
306 4664.176270
307 4664.176270
308 4664.176270
309 4664.176270
310 4664.175781
311 4664.175781
312 4664.175781
313 4664.175781
314 4664.175781
315 4664.175781
316 4664.175781
317 4664.175781
318 4664.175781
319 4664.175781
320 4664.175781
321 4664.175781
322 4664.175781
323 4664.175781
324 4664.175781
325 4664.175781
326 4664.175781
327 4664.175781
328 4663.970703
329 4663.970703
330 4663.970703
331 4663.970703
332 4663.970703
333 4663.970703
334 4663.970703
335 4663.970703
336 4663.970703
337 4663.970703
338 4663.799805
339 4663.799805
340 4663.799805
341 4663.799805
342 4663.799805
343 4663.799805
344 4663.799805
345 4663.799805
346 4663.799805
347 4663.799805
348 4663.799805
349 4663.799805
350 4663.799805
351 4663.799805
352 4663.799805
353 4663.799805
354 4663.799805
355 4663.799805
356 4663.500977
357 4663.500977
358 4663.500977
359 4663.500977
360 4663.500977
361 4659.391602
362 4659.391602
363 4659.391602
364 4659.391602
365 4659.391602
366 4659.391602
367 4659.391602
368 4659.391602
369 4659.391602
370 4659.391602
371 4659.391602
372 4659.391602
373 4659.391602
374 4659.391602
375 4659.391602
376 4659.391602
377 4659.283203
378 4659.283203
379 4658.598633
380 4658.598633
381 4657.741211
382 4657.741211
383 4657.741211
384 4657.278809
385 4657.278809
386 4657.278809
387 4657.278809
388 4657.278809
389 4657.278809
390 4657.278809
391 4657.278809
392 4657.278809
393 4657.278809
394 4657.278809
395 4657.278809
396 4657.278809
397 4657.278809
398 4657.278809
399 4655.655273
400 4655.655273
401 4655.655273
402 4655.655273
403 4655.655273
404 4655.655273
405 4655.655273
406 4655.655273
407 4655.655273
408 4655.655273
409 4655.655273
410 4655.655273
411 4655.655273
412 4655.655273
413 4655.655273
414 4655.655273
415 4655.655273
416 4655.655273
417 4655.655273
418 4655.039063
419 4655.039063
420 4655.039063
421 4655.039063
422 4655.039063
423 4655.039063
424 4655.039063
425 4655.039063
426 4655.039063
427 4655.039063
428 4655.039063
429 4655.039063
430 4655.039063
431 4655.039063
432 4655.039063
433 4654.426758
434 4654.426758
435 4654.426758
436 4654.426758
437 4654.426758
438 4654.426758
439 4654.426758
440 4654.426758
441 4654.426758
442 4654.426758
443 4654.426758
444 4654.426758
445 4654.426758
446 4654.426758
447 4654.426758
448 4654.426758
449 4654.426758
450 4654.426758
451 4654.426758
452 4654.426758
453 4654.426758
454 4654.426758
455 4647.854980
456 4647.854980
457 4647.854980
458 4647.854980
459 4647.854980
460 4647.854980
461 4647.854980
462 4647.854980
463 4647.854980
464 4647.854980
465 4647.854980
466 4647.854980
467 4647.854980
468 4647.854980
469 4647.854980
470 4647.854980
471 4647.854980
472 4647.854980
473 4647.854980
474 4647.854980
475 4647.854980
476 4647.854980
477 4647.854980
478 4647.854980
479 4647.440918
480 4647.440918
481 4647.440918
482 4647.440918
483 4647.440918
484 4647.440918
485 4647.440918
486 4647.440918
487 4647.440918
488 4647.440918
489 4647.440918
490 4647.440918
491 4647.440918
492 4647.440918
493 4647.440918
494 4645.347656
495 4645.347656
496 4645.347656
497 4645.347656
498 4645.347656
499 4645.347656
500 0.000000
501 0.000000
502 0.000000
503 0.000000
504 0.000000
505 0.000000
506 0.000000
507 0.000000
508 0.000000
509 0.000000
510 0.000000
511 0.000000
512 0.000000
513 0.000000
514 0.000000
515 0.000000
516 0.000000
517 0.000000
518 0.000000
519 0.000000
520 0.000000
521 0.000000
522 0.000000
523 0.000000
524 0.000000
525 0.000000
526 0.000000
527 0.000000
528 0.000000
529 0.000000
530 0.000000
531 0.000000
532 0.000000
533 0.000000
534 0.000000
535 0.000000
536 0.000000
537 0.000000
538 0.000000
539 0.000000
540 0.000000
541 0.000000
542 0.000000
543 0.000000
544 0.000000
545 0.000000
546 0.000000
547 0.000000
548 0.000000
549 0.000000
550 0.000000
551 0.000000
552 0.000000
553 0.000000
554 0.000000
555 0.000000
556 0.000000
557 0.000000
558 0.000000
559 0.000000
560 0.000000
561 0.000000
562 0.000000
563 0.000000
564 0.000000
565 0.000000
566 0.000000
567 0.000000
568 0.000000
569 0.000000
570 0.000000
571 0.000000
572 0.000000
573 0.000000
574 0.000000
575 0.000000
576 0.000000
577 0.000000
578 0.000000
579 0.000000
580 0.000000
581 0.000000
582 0.000000
583 0.000000
584 0.000000
585 0.000000
586 0.000000
587 0.000000
588 0.000000
589 0.000000
590 0.000000
591 0.000000
592 0.000000
593 0.000000
594 0.000000
595 0.000000
596 0.000000
597 0.000000
598 0.000000
599 0.000000
600 0.000000
601 0.000000
602 0.000000
603 0.000000
604 0.000000
605 0.000000
606 0.000000
607 0.000000
608 0.000000
609 0.000000
610 0.000000
611 0.000000
612 0.000000
613 0.000000
614 0.000000
615 0.000000
616 0.000000
617 0.000000
618 0.000000
619 0.000000
620 0.000000
621 0.000000
622 0.000000
623 0.000000
624 0.000000
625 0.000000
626 0.000000
627 0.000000
628 0.000000
629 0.000000
630 0.000000
631 0.000000
632 0.000000
633 0.000000
634 0.000000
635 0.000000
636 0.000000
637 0.000000
638 0.000000
639 0.000000
640 0.000000
641 0.000000
642 0.000000
643 0.000000
644 0.000000
645 0.000000
646 0.000000
647 0.000000
648 0.000000
649 0.000000
650 0.000000
651 0.000000
652 0.000000
653 0.000000
654 0.000000
655 0.000000
656 0.000000
657 0.000000
658 0.000000
659 0.000000
660 0.000000
661 0.000000
662 0.000000
663 0.000000
664 0.000000
665 0.000000
666 0.000000
667 0.000000
668 0.000000
669 0.000000
670 0.000000
671 0.000000
672 0.000000
673 0.000000
674 0.000000
675 0.000000
676 0.000000
677 0.000000
678 0.000000
679 0.000000
680 0.000000
681 0.000000
682 0.000000
683 0.000000
684 0.000000
685 0.000000
686 0.000000
687 0.000000
688 0.000000
689 0.000000
690 0.000000
691 0.000000
692 0.000000
693 0.000000
694 0.000000
695 0.000000
696 0.000000
697 0.000000
698 0.000000
699 0.000000
700 0.000000
701 0.000000
702 0.000000
703 0.000000
704 0.000000
705 0.000000
706 0.000000
707 0.000000
708 0.000000
709 0.000000
710 0.000000
711 0.000000
712 0.000000
713 0.000000
714 0.000000
715 0.000000
716 0.000000
717 0.000000
718 0.000000
719 0.000000
720 0.000000
721 0.000000
722 0.000000
723 0.000000
724 0.000000
725 0.000000
726 0.000000
727 0.000000
728 0.000000
729 0.000000
730 0.000000
731 0.000000
732 0.000000
733 0.000000
734 0.000000
735 0.000000
736 0.000000
737 0.000000
738 0.000000
739 0.000000
740 0.000000
741 0.000000
742 0.000000
743 0.000000
744 0.000000
745 0.000000
746 0.000000
747 0.000000
748 0.000000
749 0.000000
750 0.000000
751 0.000000
752 0.000000
753 0.000000
754 0.000000
755 0.000000
756 0.000000
757 0.000000
758 0.000000
759 0.000000
760 0.000000
761 0.000000
762 0.000000
763 0.000000
764 0.000000
765 0.000000
766 0.000000
767 0.000000
768 0.000000
769 0.000000
770 0.000000
771 0.000000
772 0.000000
773 0.000000
774 0.000000
775 0.000000
776 0.000000
777 0.000000
778 0.000000
779 0.000000
780 0.000000
781 0.000000
782 0.000000
783 0.000000
784 0.000000
785 0.000000
786 0.000000
787 0.000000
788 0.000000
789 0.000000
790 0.000000
791 0.000000
792 0.000000
793 0.000000
794 0.000000
795 0.000000
796 0.000000
797 0.000000
798 0.000000
799 0.000000
800 0.000000
801 0.000000
802 0.000000
803 0.000000
804 0.000000
805 0.000000
806 0.000000
807 0.000000
808 0.000000
809 0.000000
810 0.000000
811 0.000000
812 0.000000
813 0.000000
814 0.000000
815 0.000000
816 0.000000
817 0.000000
818 0.000000
819 0.000000
820 0.000000
821 0.000000
822 0.000000
823 0.000000
824 0.000000
825 0.000000
826 0.000000
827 0.000000
828 0.000000
829 0.000000
830 0.000000
831 0.000000
832 0.000000
833 0.000000
834 0.000000
835 0.000000
836 0.000000
837 0.000000
838 0.000000
839 0.000000
840 0.000000
841 0.000000
842 0.000000
843 0.000000
844 0.000000
845 0.000000
846 0.000000
847 0.000000
848 0.000000
849 0.000000
850 0.000000
851 0.000000
852 0.000000
853 0.000000
854 0.000000
855 0.000000
856 0.000000
857 0.000000
858 0.000000
859 0.000000
860 0.000000
861 0.000000
862 0.000000
863 0.000000
864 0.000000
865 0.000000
866 0.000000
867 0.000000
868 0.000000
869 0.000000
870 0.000000
871 0.000000
872 0.000000
873 0.000000
874 0.000000
875 0.000000
876 0.000000
877 0.000000
878 0.000000
879 0.000000
880 0.000000
881 0.000000
882 0.000000
883 0.000000
884 0.000000
885 0.000000
886 0.000000
887 0.000000
888 0.000000
889 0.000000
890 0.000000
891 0.000000
892 0.000000
893 0.000000
894 0.000000
895 0.000000
896 0.000000
897 0.000000
898 0.000000
899 0.000000
900 0.000000
901 0.000000
902 0.000000
903 0.000000
904 0.000000
905 0.000000
906 0.000000
907 0.000000
908 0.000000
909 0.000000
910 0.000000
911 0.000000
912 0.000000
913 0.000000
914 0.000000
915 0.000000
916 0.000000
917 0.000000
918 0.000000
919 0.000000
920 0.000000
921 0.000000
922 0.000000
923 0.000000
924 0.000000
925 0.000000
926 0.000000
927 0.000000
928 0.000000
929 0.000000
930 0.000000
931 0.000000
932 0.000000
933 0.000000
934 0.000000
935 0.000000
936 0.000000
937 0.000000
938 0.000000
939 0.000000
940 0.000000
941 0.000000
942 0.000000
943 0.000000
944 0.000000
945 0.000000
946 0.000000
947 0.000000
948 0.000000
949 0.000000
950 0.000000
951 0.000000
952 0.000000
953 0.000000
954 0.000000
955 0.000000
956 0.000000
957 0.000000
958 0.000000
959 0.000000
960 0.000000
961 0.000000
962 0.000000
963 0.000000
964 0.000000
965 0.000000
966 0.000000
967 0.000000
968 0.000000
969 0.000000
970 0.000000
971 0.000000
972 0.000000
973 0.000000
974 0.000000
975 0.000000
976 0.000000
977 0.000000
978 0.000000
979 0.000000
980 0.000000
981 0.000000
982 0.000000
983 0.000000
984 0.000000
985 0.000000
986 0.000000
987 0.000000
988 0.000000
989 0.000000
990 0.000000
991 0.000000
992 0.000000
993 0.000000
994 0.000000
995 0.000000
996 0.000000
997 0.000000
998 0.000000
999 0.000000
