0.433333 0.000000 0.000000 0.000000 0.000000 0.000000 0.000000 0.000000 0.000000 0.000000 

0.100000 0.000000 0.000000 0.000000 0.000000 0.000000 0.000000 0.000000 0.000000 0.000000 
0.233333 0.000000 0.000000 0.000000 0.000000 0.000000 0.000000 0.000000 0.000000 0.000000 
0.366667 0.000000 0.000000 0.000000 0.000000 0.000000 0.000000 0.000000 0.000000 0.000000 
0.300000 0.200000 5.866667 20.333333 23.633333 26.133333 27.666667 31.133333 34.866667 42.033333 
0.066667 0.000000 0.000000 0.000000 0.000000 0.000000 0.000000 0.000000 0.000000 0.000000 
0.600000 0.033333 0.000000 0.000000 0.333333 0.700000 2.200000 0.933333 0.300000 0.000000 
0.300000 0.033333 0.033333 0.033333 0.000000 0.000000 0.000000 0.000000 0.000000 0.000000 
0.400000 0.033333 0.000000 0.000000 0.000000 0.000000 0.000000 0.000000 0.000000 0.000000 
