0.833333 0.100000 0.000000 0.000000 0.000000 0.000000 0.000000 0.000000 0.000000 0.066667 
0.800000 2.466667 16.500000 28.633333 30.900000 33.133333 32.366667 31.733333 37.466667 42.866667 
0.500000 0.166667 0.266667 1.100000 1.366667 1.366667 1.400000 1.033333 0.033333 0.000000 
1.200000 0.166667 0.200000 0.066667 0.000000 0.000000 0.000000 0.000000 0.000000 0.000000 
0.333333 0.333333 0.000000 0.000000 0.000000 0.000000 0.000000 0.000000 0.000000 0.000000 

0.700000 0.300000 0.133333 0.166667 0.000000 0.000000 0.000000 0.000000 0.000000 0.000000 
1.300000 0.266667 0.100000 0.000000 0.066667 0.466667 0.800000 0.133333 0.000000 0.000000 
0.933333 0.400000 0.000000 0.000000 0.000000 0.000000 0.000000 0.000000 0.000000 0.000000 
0.633333 0.200000 0.000000 0.033333 0.000000 0.000000 0.000000 0.000000 0.000000 0.000000 
