0.066667 0.000000 0.000000 0.000000 0.000000 0.000000 0.000000 0.000000 0.000000 0.000000 
0.133333 0.000000 0.000000 0.000000 0.000000 0.000000 0.000000 0.000000 0.000000 0.000000 
0.566667 0.100000 0.466667 3.300000 7.900000 8.000000 11.200000 12.600000 12.533333 14.433333 

0.100000 0.000000 0.000000 0.000000 0.000000 0.000000 0.000000 0.000000 0.000000 0.000000 
0.533333 0.000000 0.000000 0.333333 0.233333 0.266667 0.300000 0.300000 0.200000 0.000000 
13.633333 8.200000 1.166667 6.900000 13.633333 13.133333 13.566667 11.033333 10.766667 9.833333 
0.200000 0.000000 0.000000 0.000000 0.000000 0.000000 0.000000 0.000000 0.000000 0.000000 
0.600000 0.000000 0.000000 0.000000 0.000000 0.000000 0.000000 0.000000 0.000000 0.000000 
0.300000 0.000000 0.000000 0.000000 0.000000 0.000000 0.000000 0.000000 0.000000 0.000000 
