13.000000 0.000000 0.000000 0.000000 0.000000 0.000000 0.000000 0.000000 0.000000 0.000000 
19.000000 5.000000 1.000000 56.000000 111.000000 47.000000 35.000000 8.000000 0.000000 0.000000 
9.000000 4.000000 0.000000 0.000000 0.000000 0.000000 0.000000 0.000000 0.000000 0.000000 
30.000000 1.000000 0.000000 0.000000 0.000000 0.000000 0.000000 0.000000 0.000000 0.000000 
9.000000 0.000000 0.000000 0.000000 0.000000 0.000000 0.000000 0.000000 0.000000 0.000000 
14.000000 8.000000 1.000000 31.000000 63.000000 29.000000 7.000000 3.000000 1.000000 0.000000 
24.000000 0.000000 0.000000 0.000000 0.000000 0.000000 0.000000 0.000000 0.000000 0.000000 

11.000000 5.000000 6.000000 1.000000 0.000000 1.000000 0.000000 0.000000 0.000000 0.000000 
12.000000 3.000000 4.000000 0.000000 0.000000 1.000000 0.000000 0.000000 0.000000 0.000000 
