Task 1: 0.033333 0.033333 0.033333 0.033333 0.033333 0.033333 0.033333 0.033333 0.033333 0.033333 

Task 3: 0.000000 0.000000 0.000000 0.000000 0.000000 0.000000 0.000000 0.000000 0.000000 0.000000 
Task 4: 0.000000 0.000000 0.000000 0.000000 0.000000 0.000000 0.000000 0.000000 0.000000 0.000000 
Task 5: 0.000000 0.000000 0.000000 0.000000 0.000000 0.000000 0.000000 0.000000 0.000000 0.000000 
Task 6: 0.000000 0.000000 0.000000 0.100000 0.400000 1.166667 3.400000 7.700000 12.900000 18.900000 
Task 7: 0.033333 0.033333 0.033333 0.033333 0.033333 0.033333 0.033333 0.033333 0.033333 0.033333 
Task 8: 0.000000 0.000000 0.066667 0.133334 0.133334 0.133334 0.133334 0.133334 0.133334 0.133334 
Task 9: 0.033333 0.033333 0.033333 0.066666 0.066666 0.066666 0.066666 0.066666 0.066666 0.066666 
Task 10: 0.000000 0.000000 0.000000 0.000000 0.000000 0.000000 0.000000 0.000000 0.000000 0.000000 
