Task 1: 0.000000 0.000000 0.000000 0.000000 0.000000 0.000000 0.000000 0.000000 0.000000 0.000000 
Task 2: 0.033333 0.066666 0.066666 0.066666 0.066666 0.066666 0.099999 0.199999 0.233332 0.299999 
Task 3: 0.133333 0.133333 0.166666 0.199999 0.199999 0.266666 0.366666 0.366666 0.399999 0.433332 
Task 4: 0.000000 0.000000 0.000000 0.000000 0.000000 0.000000 0.000000 0.000000 0.000000 0.000000 
Task 5: 0.066667 0.066667 0.066667 0.066667 0.066667 0.066667 0.066667 0.066667 0.066667 0.066667 
Task 6: 0.066667 0.066667 0.066667 0.066667 0.100000 0.100000 0.133333 0.133333 0.166666 0.199999 
Task 7: 0.033333 0.033333 0.033333 0.033333 0.033333 0.033333 0.066666 0.099999 0.099999 0.099999 
Task 8: 0.000000 0.000000 0.000000 0.000000 0.000000 0.000000 0.000000 0.000000 0.000000 0.000000 
Task 9: 0.033333 0.033333 0.033333 0.033333 0.033333 0.033333 0.033333 0.033333 0.033333 0.033333 

