Task 1: 0.100000 0.100000 0.133333 0.133333 0.233333 0.233333 0.233333 0.233333 0.233333 0.233333 
Task 2: 0.333333 1.200000 3.066667 5.566667 9.766667 14.300000 18.866667 23.666667 29.666667 35.366667 
Task 3: 0.066667 0.066667 0.100000 0.133333 0.133333 0.133333 0.133333 0.133333 0.133333 0.133333 
Task 4: 0.266667 0.500000 0.500000 0.500000 0.500000 0.500000 0.500000 0.500000 0.500000 0.500000 
Task 5: 0.100000 0.100000 0.100000 0.100000 0.100000 0.100000 0.100000 0.100000 0.100000 0.100000 

Task 7: 0.100000 0.133333 0.133333 0.233333 0.266666 0.266666 0.266666 0.266666 0.266666 0.266666 
Task 8: 0.100000 0.100000 0.300000 0.666667 0.666667 0.666667 0.666667 0.666667 0.666667 0.666667 
Task 9: 0.333333 0.333333 0.333333 0.333333 0.333333 0.333333 0.333333 0.333333 0.333333 0.333333 
Task 10: 0.066667 0.066667 0.066667 0.066667 0.066667 0.066667 0.066667 0.066667 0.066667 0.066667 
