Task 1: 0.033333 0.033333 0.033333 0.033333 0.033333 0.033333 0.033333 0.033333 0.033333 0.033333 
Task 2: 0.033333 0.033333 0.066666 0.099999 0.133332 0.199999 0.233332 0.233332 0.266665 0.333332 
Task 3: 0.033333 0.066666 0.066666 0.066666 0.066666 0.066666 0.066666 0.066666 0.066666 0.066666 
Task 4: 0.133333 0.133333 0.133333 0.133333 0.166666 0.166666 0.266666 0.333333 0.333333 0.400000 
Task 5: 0.100000 0.100000 0.100000 0.100000 0.100000 0.100000 0.100000 0.100000 0.100000 0.100000 
Task 6: 0.000000 0.000000 0.000000 0.000000 0.000000 0.033333 0.033333 0.066666 0.099999 0.099999 
Task 7: 0.066667 0.066667 0.166667 0.166667 0.200000 0.200000 0.200000 0.200000 0.266667 0.300000 
Task 8: 0.100000 0.100000 0.133333 0.133333 0.133333 0.133333 0.133333 0.133333 0.133333 0.133333 

Task 10: 0.000000 0.000000 0.000000 0.000000 0.000000 0.000000 0.000000 0.000000 0.000000 0.000000 
