342524543   Tom        100   100   100  
324534567   lyc        99    99    99   
000000008   YY         100   78    99   
201710024   ¿Ó—”≥„     100   90    80   
342444657   Me         90    90    90   
000000020   ¬Ú         99    66    99   
123789353   Aman       76    87    98.5 
000000015   Õı         99.5  87    67   
000000018   ≥¬         98    76    67   
000000001   AA         78    65    98   
000000012   MOM        88    77    66   
000000022   ¬¨         77    89.5  56   
000000021   π˘         45    78    99.5 
000000007   TT         98.5  67    56   
000000024   ÀÔ         55    88    77   
000000023   Ã’         67    56    89   
999999999   whoever    45    76.5  90   
787877777   THH        89    67    54   
000000003   QQ         67    86    54.5 
154876124   Someone    54.5  86    64   
000000006   RR         67    90    45   
123456545   ABoy       90    50    61   
000000026   «Æ         65    89    45.5 
000000005   EE         98.5  56.5  43   
000000010   oo         87    56    45   
231442345   Œ“         65    76    45   
000000016   ÀŒ         56    45.5  83   
100000000   AGirl      85.5  64    31   
000000004   WW         78.5  56    44.5 
000000019   ∂°         78    56    44   
000000002   ui         100   54    23   
111111111   Bboy       57    60    60   
000000014   ¿Ó         67    56    49   
000000009   UU         67.5  56    45   
000000025   ’‘         45    33    87   
354643425   Œ“ «À≠     56    76.5  32   
000000027   ÷‹         45    34    77   
000000013   YUYU       9     78    66   
000000017   ¡ı         12    68    56   
233333323   qwer       67.5  44.5  22.5 
000000011   IIOII      55    44    33   
